# timestamp, p_WS_W_x, p_WS_W_y, p_WS_W_z, q_WS_x, q_WS_y, q_WS_z, q_WS_w, v_WS_W_x, v_WS_W_y, v_WS_W_z, b_g_x, b_g_y, b_g_z, b_a_x, b_a_y, b_a_z
1403638127295097088, 0.000000000000000000e+00, 0.000000000000000000e+00, 0.000000000000000000e+00, -1.148621820459924496e-02, -8.371155535777242696e-01, 0.000000000000000000e+00, 5.469054916067461747e-01, 0.000000000000000000e+00, 0.000000000000000000e+00, 0.000000000000000000e+00, 0.000000000000000000e+00, 0.000000000000000000e+00, 0.000000000000000000e+00, 0.000000000000000000e+00, 0.000000000000000000e+00, 0.000000000000000000e+00
1403638127345096960, -5.080503108663336135e-05, -3.495937044613599111e-06, -2.601355222456700920e-04, -1.348247064779595390e-02, -8.371992070413759590e-01, 1.424049090159343247e-03, 5.467299907620869481e-01, -1.132060237053959632e-03, -3.856406637980210484e-03, -6.278463186333251532e-03, 8.504296640763244332e-05, 2.690828273104566490e-05, 2.568570892360286522e-04, 7.014561073883635962e-08, -2.187970193205264124e-07, -1.126872410311186364e-07
1403638127395097088, 1.223402818931839612e-03, -9.542325032477044213e-04, -7.102549062588977939e-04, -1.244468512421463557e-02, -8.336177799570565483e-01, -1.580853583654577262e-03, 5.521992644449779108e-01, 1.748018520041445464e-02, -7.484554901219978885e-03, -8.150614322939491591e-03, -2.158558207922018236e-04, 4.882936374518397895e-04, 1.211307031030839799e-03, -3.286146293414953889e-04, 9.021636328663259292e-05, 1.702771204334279699e-04
1403638127445096960, 5.533414749931589004e-04, -8.800059657008242131e-05, -1.875897115504709597e-03, -1.421840299770002654e-02, -8.328869761420139017e-01, -1.902391714254781480e-04, 5.532604140893011557e-01, 1.793569597919405373e-02, 4.974004797479435538e-03, -1.335176766880145395e-02, -1.453055338370314432e-04, 1.690584203668617962e-03, 2.179855846049847876e-03, 3.793132259135055268e-03, -1.842062215088512101e-03, -1.817974548649133211e-04
1403638127495097088, 1.366774642280573632e-03, 3.004148988672346462e-05, -2.364484998480089872e-03, -1.627427711803174429e-02, -8.322843769973284900e-01, 1.091692169101375707e-03, 5.541088989708271573e-01, 1.990493408335469727e-02, 4.498973595088143554e-03, -1.800791802685846460e-02, 7.219417185853616026e-04, 2.967706698322196586e-03, 3.529904971022596906e-03, 2.362645974436467303e-03, -2.730674769792667753e-03, 7.559476802237799498e-04
1403638127545096960, 1.319889175871845604e-03, -1.985854202807214495e-04, -2.868350550389804892e-03, -1.662858000529904290e-02, -8.324911769355909374e-01, 8.771942243614390183e-04, 5.537880110490790431e-01, 2.415342889068880158e-02, 7.097769222924768355e-03, -1.704359760762170356e-02, 6.820790993487227567e-04, 5.130601152873150161e-03, 5.972548407947143347e-03, -1.258692684214044203e-03, 8.206167777169216023e-04, 1.132596283804947679e-03
1403638127595097088, 2.370978827735983636e-03, 7.025710464742715130e-04, -3.124460977189848047e-03, -1.705473567812218830e-02, -8.337344530704094980e-01, 3.961341680289025583e-04, 5.519020210436410556e-01, 2.403357079090992499e-02, 6.480478295654365159e-03, -1.662202251127256961e-02, 4.866652107280156070e-04, 5.797218998252501310e-03, 7.204626513574428209e-03, -7.385362732056545941e-03, 5.507816187212870654e-03, -2.365290532356991316e-04
1403638127645096960, 2.095301713957370589e-03, 1.329394006599470554e-03, -3.127692192725671852e-03, -1.811739595801387451e-02, -8.346814841231741111e-01, 1.166863988745391956e-03, 5.504336639905555995e-01, 1.947150960116034862e-02, 1.567958345508396398e-02, -1.401934041919314713e-02, 1.763077532779184803e-04, 6.843909379208547826e-03, 8.841820844113629924e-03, -1.144347586992298244e-02, 6.285561367047966079e-03, -2.050228149811811687e-03
1403638127695097088, -1.375656684977773561e-03, -6.657710797019076774e-05, -4.243788280804487376e-03, -1.962284883265338550e-02, -8.355851782652149451e-01, 2.140384633660257895e-03, 5.490061679260078709e-01, 4.010537927267526434e-03, 1.286623246817821323e-02, -1.524503143219590497e-02, 2.769149501397266200e-04, 7.893985341761050947e-03, 1.059950796782643291e-02, -1.834015019467670829e-02, 6.093975674829689264e-03, -1.780549491496175116e-03
1403638127745096960, -5.372326698850572214e-03, -6.989796186041586160e-03, -7.215379197666049391e-03, -1.896397191290844289e-02, -8.354160086632759219e-01, 1.025875972188987773e-04, 5.492908607597550841e-01, -5.734671205983855186e-03, -1.178471371843544009e-02, -2.125684513820554067e-02, -6.090735936160669066e-04, 6.309334154125641712e-03, 1.089827424835626384e-02, -1.703030915997737552e-02, 4.993354627390356876e-03, -8.792067223970874597e-04
1403638127795097088, -2.480471898101330001e-03, -4.956876118441519430e-03, -7.821866963358620542e-03, -1.833206202846443533e-02, -8.353165232310837407e-01, -1.886080852240217681e-03, 5.494603572760620169e-01, 4.846519183503877545e-03, -1.652525806886638582e-02, -1.723953672635031645e-02, -7.984628995714933590e-04, 4.899765945167834126e-03, 1.191661369320483332e-02, -2.715277209922108484e-02, 4.687266678884644509e-03, 2.305770413001656700e-03
1403638127845096960, -3.477515722974416044e-03, -3.120071145295329890e-03, -5.663810072550133461e-03, -2.027520635138152158e-02, -8.354652124441550587e-01, 6.334808037175364932e-04, 5.491688205871879669e-01, 1.288883445215353515e-03, 4.160536180077361820e-04, -1.171794001907556192e-02, -2.041684993426968499e-03, 4.975828751256505637e-03, 1.332950862073794922e-02, -3.653630971556573459e-02, 3.974067090095026455e-03, 4.274536051132040229e-03
1403638127895097088, -1.134958235275531681e-04, -2.960767522879285442e-03, -5.919953689088428180e-03, -2.119039254429533684e-02, -8.353135175641556165e-01, 9.609240122364486611e-04, 5.493645158394000472e-01, 6.785383638912470539e-03, 3.484757471169795673e-03, -1.057919722135812826e-02, -1.960844876674039134e-03, 4.546254852254435867e-03, 1.431086731369892069e-02, -3.825352505842806450e-02, 3.617706948426488867e-03, 4.485082586840863708e-03
1403638127945096960, 1.939886955869675337e-03, -3.908439168742236861e-03, -6.305876210154579692e-03, -2.129995222129918431e-02, -8.351724002702330951e-01, 2.641205095458503500e-04, 5.495755672358302313e-01, 1.292613928728954427e-02, 7.532506619019035260e-04, -1.058686345809043729e-02, -2.156976150205773286e-03, 5.148349836734275597e-03, 1.566287210920207229e-02, -3.612688720826343763e-02, 3.214869494171589907e-03, 7.189067600561424749e-03
1403638127995097088, -6.209788679137487940e-04, -3.601075422254977534e-03, -8.512061823006454239e-03, -2.215869786249221110e-02, -8.350698613082293553e-01, 1.003113629790147688e-03, 5.496965641212788745e-01, 1.162296963050814605e-02, 7.717089924654066749e-03, -1.295749899908052449e-02, -2.147214119537387087e-03, 4.889288416377594176e-03, 1.737522888660135434e-02, -3.703429296036178653e-02, 2.879107905115519967e-03, 6.970173999636506031e-03
1403638128045096960, 7.527254297467629021e-04, -3.378424167343759606e-03, -9.508288020617011727e-03, -2.229211723912759985e-02, -8.347696148085922419e-01, 1.053571828655883603e-03, 5.501469273636940827e-01, 1.926754908518395204e-02, 1.322391167146062113e-02, -1.183989390374631800e-02, -2.092291025983806715e-03, 5.208099184369895107e-03, 2.086683715572332926e-02, -3.969574601855059559e-02, 2.933919055404775062e-03, 1.243921522300253310e-02
1403638128095097088, 3.688747382406005332e-03, -3.467362740828996114e-03, -1.042521468879404299e-02, -2.260687964759671223e-02, -8.345976069432725630e-01, 6.148938241566184217e-04, 5.503956625762478350e-01, 2.379213307788603099e-02, 8.883459845408347294e-03, -1.113874319042659940e-02, -1.529709138200418747e-03, 3.887429697782229104e-03, 2.375426480542214280e-02, -4.099534313556144755e-02, 2.655575865808128180e-03, 9.297317921385045772e-03
1403638128145096960, 3.298009199471099544e-03, -3.228951455537428395e-03, -1.090800322427178115e-02, -2.304940909660412388e-02, -8.347828720402000746e-01, 6.008774067111880435e-04, 5.500962826950884788e-01, 1.683428518411613298e-02, 1.082907771433729016e-02, -1.112913817692308231e-02, -6.663723430193773702e-04, 2.908895461338465577e-03, 2.686216446793878235e-02, -4.085598131065071997e-02, 2.005691565576107633e-03, 2.444870877539098708e-03
1403638128195097088, 3.712389193360770070e-03, -2.907984628145380071e-03, -1.085313492541484411e-02, -2.227555112285691322e-02, -8.353914799576340755e-01, 3.651506460186385527e-04, 5.492037342383724319e-01, 7.362876223981793151e-03, 8.975141860587754553e-03, -1.138085491130525796e-02, -9.712130768499941010e-04, 3.005331010429921658e-03, 3.213377491829983584e-02, -4.067600280276961744e-02, 8.804973633789067678e-04, -5.654853488897517572e-03
1403638128245096960, 4.460162346119380707e-03, -2.615252261114826143e-03, -1.082399529734916904e-02, -2.192433737823213172e-02, -8.352728231681002535e-01, 1.931200196503855338e-04, 5.493983955309436062e-01, 9.198386302985193594e-03, 1.116251228944334720e-02, -1.013987523755113980e-02, -1.196298452647883955e-03, 3.572601470857551635e-03, 3.549953462587222830e-02, -4.552773056397962925e-02, 8.824115730125020769e-04, -1.463209291622577686e-03
1403638128295097088, 4.560148378672908981e-03, -2.338361935220793775e-03, -1.086392608649712661e-02, -2.127444870553827153e-02, -8.353857302184671818e-01, 4.846117766527206365e-05, 5.492522892361469955e-01, 7.658940432855884314e-03, 9.706328686923315283e-03, -1.001526723247034810e-02, -1.480037852810812656e-03, 4.571849360285890757e-03, 3.891282020983518469e-02, -4.158850728522571483e-02, 7.903713749253785028e-04, -1.425282704122725341e-03
1403638128345096960, 6.584869845134042748e-03, -2.235055939210604369e-03, -1.282289401611275310e-02, -1.975986317888412530e-02, -8.352277060928060548e-01, 6.233382751298096420e-05, 5.495491087215002013e-01, 1.256344585218021823e-02, 1.184177620692935910e-02, -7.322383601698829667e-03, -2.517449606520847597e-03, 4.562493895834364085e-03, 4.373273322330504392e-02, -4.126297714377480386e-02, 3.983347040551564315e-04, 2.303894441203032837e-04
1403638128395097088, 4.820701364090439374e-03, -3.479772102212543884e-03, -1.404504869081984672e-02, -1.864986679677803350e-02, -8.351555517991557931e-01, -9.134036804897707838e-04, 5.496967822911341672e-01, 1.057225996108687206e-02, 5.029697616392069838e-03, -1.202636502272307756e-02, -1.152696861376655696e-03, 5.285233910847585148e-03, 5.134204648490393874e-02, -4.328707784021740973e-02, -8.736402917458394729e-04, 2.874136813779279865e-03
1403638128445096960, 4.029688917964240231e-03, -3.270936713775385481e-03, -1.318276299751701061e-02, -1.679256373728032006e-02, -8.351473402576520266e-01, -1.573730628237043514e-03, 5.497676356749355842e-01, 9.889836158568669419e-03, 2.099101597110868047e-03, -1.219106628219175648e-02, -2.555063231796133498e-04, 4.966611585015013978e-03, 6.019150733507452888e-02, -4.279614533189074477e-02, -2.771410567448095216e-03, 2.213353106989628897e-03
1403638128495097088, 4.429116461999360946e-03, -3.068597982196405970e-03, -9.878636491149310125e-03, -1.499326551005205482e-02, -8.354946069261813824e-01, -2.445415750154068032e-03, 5.492886160557306496e-01, 8.824595166320423761e-03, -2.286255539484559514e-03, -9.285559986520374592e-03, 1.047575763805602125e-03, 6.632992595193324195e-03, 6.855600347667153982e-02, -4.359711687285668102e-02, -4.278553432688046027e-03, 4.473818433678075288e-03
1403638128545096960, 2.679508589547518159e-03, -2.779749908382760700e-03, -6.057286945686270879e-03, -1.377657920740854927e-02, -8.362305815034485335e-01, -2.580915512497161494e-03, 5.481988319021334766e-01, 4.058821867762366954e-03, -7.332724065152645748e-04, -6.117966608875337158e-03, 8.936149766887500987e-04, 1.128038919576884215e-02, 7.267893442539848092e-02, -4.073367045453873264e-02, -3.481721290275541572e-03, 7.122525527089966502e-03
1403638128595097088, 2.670619527027502096e-04, -1.215216864656999728e-03, -2.922683650408243027e-03, -1.224473113053338100e-02, -8.371572443546645426e-01, -1.489657506578528825e-03, 5.468231850466461763e-01, -1.389683607018586719e-03, 4.798348728579621245e-04, -2.490548346093126794e-03, -1.604933888814247256e-03, 1.741667597740839679e-02, 7.446121310062515930e-02, -4.105858909369038828e-02, -1.727835253035976334e-03, 1.147400134610174205e-02
1403638128645096960, 1.778761822092684414e-04, -7.885578082713754541e-04, -2.286978605757526879e-03, -1.191621055852288419e-02, -8.371217364655386683e-01, -1.297487934364194469e-03, 5.468852885093057337e-01, 2.402259506128167927e-03, 2.841289134726744398e-03, -2.092197102787141279e-03, -2.032573516069793862e-03, 1.825157808029582301e-02, 7.512979103163992811e-02, -4.254518313366208171e-02, -1.239112927135656555e-03, 1.334239410016633057e-02
1403638128695097088, -1.874864433470414522e-04, -5.499609093708336801e-04, -1.464062161730778858e-03, -1.186359658622135153e-02, -8.374981458138127666e-01, -1.166434313085052072e-03, 5.463101227924103132e-01, -2.626079268611912574e-03, -4.597048369421236937e-03, -1.146077234281489728e-03, -2.504267320011848309e-03, 1.887894207621938422e-02, 7.571003996050772178e-02, -4.304769985876426286e-02, -9.952502976246075089e-04, 1.422141173002718778e-02
1403638128745096960, -7.874570350685542678e-04, -6.503433734209217382e-04, -1.314344213930193498e-03, -1.233303363744153898e-02, -8.378088702809529664e-01, -1.040977774275534751e-03, 5.458233317888899760e-01, -4.341172802419860505e-03, 2.501761591670902726e-03, 1.262518677409014099e-03, -2.658165367393352380e-03, 1.871112021828284094e-02, 7.578191012968743534e-02, -4.327611735214942357e-02, -8.948810013329626433e-04, 1.473287282832041675e-02
1403638128795097088, -9.558358676032274737e-04, -3.916206574095614347e-04, -1.236680519921212187e-03, -1.226686467625801025e-02, -8.378531317384596555e-01, -1.313456410344657297e-03, 5.457562903891516326e-01, -1.476939774848028868e-03, 2.911899057059007603e-03, -1.897888522977024669e-03, -2.598012818487439521e-03, 1.867183160691201355e-02, 7.608976871557562860e-02, -4.067871127227832423e-02, -6.758564301984192751e-04, 1.410924268520343319e-02
1403638128845096960, -6.431849819822172071e-04, 2.177326182323140787e-04, -1.117420067162766930e-03, -1.269016293544823239e-02, -8.379396338994592464e-01, -1.335959226273920235e-03, 5.456137323400666039e-01, -1.566494359414421058e-03, -4.717994334901026710e-03, -2.586286914290486776e-03, -2.838775247035834042e-03, 1.864008923654554215e-02, 7.592657414307926733e-02, -4.060972626570563682e-02, -5.073704006378741563e-04, 1.460457394406708583e-02
1403638128895097088, -2.102471048203428299e-04, 3.348149854288776138e-04, -1.069829278341692148e-03, -1.264093946472606873e-02, -8.379232290433423769e-01, -1.049970169784894590e-03, 5.456406935352881016e-01, 3.996967130294240382e-03, 1.135784240170081838e-02, 1.682377810968431388e-04, -3.147978007231128084e-03, 1.842016170421235596e-02, 7.579369184471014542e-02, -4.124981198801847687e-02, -3.732726459336279962e-04, 1.517430267127831828e-02
1403638128945096960, 9.589679619840835601e-05, 5.720170306667440689e-04, -1.029682572418610205e-03, -1.230572853184877177e-02, -8.378198604775606295e-01, -1.794648837053378684e-03, 5.458051205972814790e-01, -4.070162205017486493e-04, 3.957553470064589622e-03, 1.330074426173651590e-04, -2.894972040492576303e-03, 1.825358287471030502e-02, 7.522798832518674816e-02, -4.225756090430159151e-02, -1.479803932136758155e-04, 1.596266499358747412e-02
1403638128995097088, 6.094680024020158148e-04, 1.467605456366785101e-04, -1.049980955195077168e-03, -1.249164016442134463e-02, -8.380970754826502223e-01, -1.775146415269047680e-03, 5.453751918162724754e-01, -9.185573781460473416e-03, 5.500054936992803539e-03, -2.547197198794089006e-03, -2.791112227059744811e-03, 1.822041921911586246e-02, 7.495790324677051308e-02, -3.954577400414995003e-02, -4.502678510734985855e-05, 1.473831171944234991e-02
1403638129045096960, -4.406781832843783002e-04, 1.660088412416381855e-04, -8.733835311815965749e-04, -1.201066066403644848e-02, -8.379139844642528034e-01, -2.369509870802320121e-03, 5.456649925481985575e-01, -1.633542114144788393e-02, -1.690044254716229800e-03, 5.609948125854222895e-03, -2.356843625628438771e-03, 1.787036762676467994e-02, 7.491056035014233283e-02, -3.668770958290284295e-02, 1.643965670032300421e-04, 1.389209283846869897e-02
1403638129095097088, -2.401243816775800247e-02, 1.617561725436518147e-03, 4.655295036044485371e-03, -9.352188333778517840e-03, -8.377250521589159060e-01, -5.279687946604814421e-03, 5.459866284570509265e-01, -2.164593598702756888e-02, -1.347467447532775184e-02, 1.145505326611048411e-02, -2.382760444535501117e-03, 1.736290486463454297e-02, 7.484274448801979396e-02, -3.149421624519518903e-02, 2.103955264997582543e-04, 1.197318074059937343e-02
1403638129145096960, -3.582214534786919841e-02, -6.289794836050908652e-03, -7.703875416450899592e-03, -8.208799695663284920e-03, -8.388996705604399029e-01, -9.284602998168646135e-03, 5.441449756161573781e-01, -7.723362826253216129e-02, -4.369275022744797954e-02, 9.680123084006318074e-03, -1.897538366988214820e-03, 1.759895318877774742e-02, 7.328761244878416459e-02, -2.661965657994312326e-02, 5.688291774070283833e-04, 8.614185059473037503e-03
1403638129195097088, -2.846770726684724404e-02, -1.455391342720144428e-02, 2.613952792463209319e-03, -9.826935740001581029e-03, -8.372081727983780031e-01, -7.616148509239469705e-03, 5.467429935677715624e-01, -6.085692261434572786e-02, -3.212433272019984271e-02, 2.964383057220709022e-02, -1.890752227843848273e-03, 1.757430438210896145e-02, 7.243488310056959978e-02, -2.772020791692065070e-02, 3.615040222032200163e-04, 1.042570872534428518e-02
1403638129245096960, -3.158419871765363179e-02, -1.565527109565977015e-02, 4.910825467607809851e-03, -1.523049082298357990e-02, -8.341088268364950098e-01, -1.961804790230778589e-04, 5.513895706811625663e-01, -6.275454025077033260e-02, -7.350108540372626148e-03, 6.017578881946382408e-02, -1.890926566441638841e-03, 1.756793854121374912e-02, 7.242577085193846465e-02, -2.774240406675983900e-02, 3.577476723268807482e-04, 1.042181683813302000e-02
1403638129295097088, -3.476394344519966040e-02, -1.574500869139791592e-02, 9.066530333834123268e-03, -2.644675697009744517e-02, -8.280050263691097756e-01, 1.168917881053234235e-02, 5.599746498297847319e-01, -5.507175035373353122e-02, 8.668370384375484461e-03, 1.019698922951489256e-01, -1.895498054984006949e-03, 1.755520990124641301e-02, 7.239224204229519066e-02, -2.763457044399323520e-02, 3.615120029866685609e-04, 1.040197932097706481e-02
1403638129345096960, -2.481775114152707379e-02, -1.427034476299230553e-02, 9.016102263122145397e-03, -4.184288862915842844e-02, -8.185618232201573585e-01, 2.600486839805382644e-02, 5.723018967793657152e-01, 1.084584789480503610e-02, 3.350909887382586688e-02, 9.740890404207026843e-02, -2.710431089485192818e-03, 1.676008686899230563e-02, 6.979365218144301108e-02, -2.955103432617637443e-02, 1.555566513963581310e-03, 1.531277557444068148e-02
1403638129395097088, -2.584080636937481287e-02, -1.041344247430369893e-02, 1.259310287816109084e-02, -5.401483444871083006e-02, -8.127092931855444125e-01, 3.810152491992789547e-02, 5.789078305119973455e-01, 1.872910995977324772e-02, 2.684464678814650271e-02, 7.803507468486815812e-02, -2.894152473255751958e-03, 1.663833762824646831e-02, 6.942806039832814802e-02, -2.906035322478580860e-02, 1.673812335675010357e-03, 1.548516507859688286e-02
1403638129445096960, -2.491796652718733865e-02, -9.196646920623632177e-03, 1.573447503497609271e-02, -5.865914964203208792e-02, -8.131049475022856798e-01, 4.233792987652741646e-02, 5.776044911566644569e-01, 1.573978829101509505e-02, 1.062740854101838078e-02, 4.685345002153698535e-02, -2.900320030082617021e-03, 1.663861692137987708e-02, 6.941993853821390448e-02, -2.912972104752199753e-02, 1.681196250728595690e-03, 1.551127109189874738e-02
1403638129495097088, -2.426781726135938608e-02, -9.078788762020211650e-03, 1.764748900097456649e-02, -5.412739761781686088e-02, -8.187885105624531645e-01, 3.988426976887813474e-02, 5.701445823850697092e-01, 1.202951598670445009e-02, -3.792087169386846538e-03, 3.019218124056525024e-02, -2.901767275037084228e-03, 1.663862562054111566e-02, 6.941509031360830473e-02, -2.916635850379579661e-02, 1.684175090660267483e-03, 1.552424073925991188e-02
1403638129545096960, -2.362538752314621501e-02, -9.574510922075651562e-03, 1.939080870414470678e-02, -4.355209747363199962e-02, -8.261717534844491562e-01, 3.277362634264304603e-02, 5.607756574303404129e-01, 1.094353431671787891e-02, -1.604768016082725249e-02, 4.397686449025541011e-02, -2.905102212824445251e-03, 1.663868472521030234e-02, 6.941102198042159444e-02, -2.919102601412510919e-02, 1.686381314019168992e-03, 1.553163135852267569e-02
1403638129595097088, -2.306240840279918936e-02, -9.957350610468481550e-03, 2.224604249893324254e-02, -3.118820610521162023e-02, -8.320167131881310851e-01, 2.360078585040511351e-02, 5.533701181693871929e-01, 1.351627629400121988e-02, 1.990422006675025921e-03, 6.663288176994333623e-02, -2.911134669892311878e-03, 1.663198987881272725e-02, 6.940358330733308045e-02, -2.918604591300543588e-02, 1.687812560406099253e-03, 1.552427897609513947e-02
1403638129645096960, -2.232934873290537414e-02, -9.779356742357208157e-03, 2.633934431250598007e-02, -2.190790969678203456e-02, -8.349278079260380458e-01, 1.598449997276304990e-02, 5.496909084250523048e-01, 1.745599591109536775e-02, 1.101616156665882924e-02, 9.630054314681832373e-02, -2.922690655992001094e-03, 1.662451049526668390e-02, 6.938718850732364385e-02, -2.911641059217490862e-02, 1.746839671854807062e-03, 1.546625412027355720e-02
1403638129695097088, -2.127379636327798515e-02, -8.725007120824987070e-03, 3.170639437779756292e-02, -1.848499038454892718e-02, -8.342160712759510988e-01, 1.201582805760900881e-02, 5.509967980229019124e-01, 2.505176618359777549e-02, 2.488377111346103815e-02, 1.131137602052753738e-01, -2.925739527239804016e-03, 1.662544654331148813e-02, 6.937437340575035305e-02, -2.909147956837058319e-02, 1.959825655229490999e-03, 1.545052972152134198e-02
1403638129745096960, -1.996955662368085638e-02, -7.514746162038524191e-03, 3.783718920122419727e-02, -1.941249045977343560e-02, -8.317690376748527736e-01, 1.290170484192382054e-02, 5.546322828611498501e-01, 2.924386953793876517e-02, 2.495965857927543580e-02, 1.254580530674239136e-01, -2.926379204873581427e-03, 1.662922744709272385e-02, 6.936328184633423766e-02, -2.909281948627289588e-02, 1.961321131957247457e-03, 1.544520003087674134e-02
1403638129795097088, -1.849850041359519734e-02, -6.441769584601542489e-03, 4.463146863102234602e-02, -2.011915743988654595e-02, -8.317731171809293889e-01, 1.475513841229737604e-02, 5.545547645899934208e-01, 2.914849716274270364e-02, 1.955384924551338902e-02, 1.449964654671402342e-01, -2.929658559985860982e-03, 1.663504510864286662e-02, 6.935187740960377378e-02, -2.923093046415976143e-02, 2.259543924659193539e-03, 1.525971253912060573e-02
1403638129845096960, -1.702994480414655315e-02, -5.710218758596724044e-03, 5.257330275702801897e-02, -1.772971379035634745e-02, -8.350210795969571498e-01, 1.487966242636445426e-02, 5.497308882750920889e-01, 3.074914855956658102e-02, 1.181713316926930046e-02, 1.729584543510119810e-01, -2.931279929157474227e-03, 1.662591926115944418e-02, 6.933676932923871217e-02, -2.925601736669059330e-02, 2.355035583629314696e-03, 1.517479751205286914e-02
1403638129895097088, -1.564209351868903197e-02, -5.302337022635076821e-03, 6.251704423154065549e-02, -1.408327257448042935e-02, -8.385718146918214044e-01, 1.427535484380301929e-02, 5.444218835445009397e-01, 3.051899678761952825e-02, 1.313516144957111755e-02, 2.255721803513154600e-01, -2.935146859262836687e-03, 1.661007854002708242e-02, 6.933880327085767403e-02, -2.940383247924252888e-02, 2.948773117040392588e-03, 1.481375448559472258e-02
1403638129945096960, -1.416791360970920920e-02, -4.641418444943650086e-03, 7.566782873827186673e-02, -1.063527248702727732e-02, -8.400694946422575526e-01, 1.313144809760193737e-02, 5.422155477496830578e-01, 2.976481384373719924e-02, 2.204745746303898857e-02, 2.846933654333401731e-01, -2.996107084713884369e-03, 1.653582406820122697e-02, 6.932901147373440875e-02, -2.911659190798847677e-02, 4.370288861991254367e-03, 1.495521826630698617e-02
1403638129995097088, -1.280640858641697057e-02, -3.529012360370854459e-03, 9.136858135011732829e-02, -1.095768956543268988e-02, -8.378160362458569876e-01, 1.496354887677135530e-02, 5.456375268011548485e-01, 2.955407392999827298e-02, 2.993591158884121792e-02, 3.320302231912169444e-01, -3.017639759010564381e-03, 1.651355660840214332e-02, 6.931016235585403529e-02, -2.909442272972873403e-02, 4.538657664721306405e-03, 1.495691098121325335e-02
1403638130045096960, -1.340769344879044755e-02, -8.677611141785831345e-03, 1.168832664545280953e-01, -1.484008718473917021e-02, -8.328153881607641695e-01, 1.934810241997416552e-02, 5.530135188110064659e-01, 3.378648579919313333e-02, 2.899950826846112856e-02, 3.749835521317398390e-01, -4.330759615209506599e-03, 1.723660035153846623e-02, 6.965681080744053066e-02, -2.820101482629806464e-02, 3.573104199429042588e-02, 1.643753143257906113e-02
1403638130095097088, -2.801390665255995213e-02, -1.619821032767141192e-02, 1.325252050347275612e-01, -1.773146905033557222e-02, -8.292082182992774886e-01, 2.263166504902167780e-02, 5.581999045569282503e-01, -4.621247298290586010e-03, -5.949171453840246260e-04, 3.735328975212569014e-01, -3.324598256100047642e-03, 1.798907426761176681e-02, 7.180770131474784046e-02, -2.499374211976624141e-02, 3.693563486247183197e-02, -1.148811238539265700e-02
1403638130145096960, -2.737273019265732549e-02, -1.518128709753964467e-02, 1.546250840399035487e-01, -1.832245255570897485e-02, -8.270560923252739949e-01, 2.635015815136582118e-02, 5.612024385597321752e-01, -4.720779881733157442e-03, -5.568955784901514008e-03, 3.746664441546077584e-01, -2.958687033326828919e-03, 1.865909828057157535e-02, 7.256373343159989997e-02, -3.115303656141966276e-02, 3.283809665975311043e-02, -1.345973389635803444e-02
1403638130195097088, -2.947885495116335172e-02, -1.658491633961519870e-02, 1.736315577414932199e-01, -1.454082216620668742e-02, -8.272621761669912699e-01, 2.702420028351657302e-02, 5.609773159168035539e-01, -9.195639507549839206e-03, -1.183535099945183175e-02, 3.790255367848740509e-01, -2.280705845234516117e-03, 1.951246199827951291e-02, 7.522647481654039237e-02, -3.413556896418085823e-02, 2.905324705850300185e-02, -1.754826027378777326e-02
1403638130245096960, -3.109752796353053295e-02, -1.965500381777154568e-02, 1.904777542890898900e-01, -1.050647986828551032e-02, -8.275729668798561534e-01, 2.714321143641961268e-02, 5.606031077717708033e-01, -1.198470076330335372e-02, -2.219677304816887117e-02, 3.876478095308689698e-01, -1.212525060845803760e-03, 1.981942593273491177e-02, 7.772762135622636459e-02, -2.945013663422901481e-02, 2.403591541237620755e-02, -1.675637908218943067e-02
1403638130295097088, -3.213484173240668818e-02, -1.968173502049508708e-02, 2.083127131856473413e-01, -1.129661786647300631e-02, -8.250869977357361273e-01, 3.118340904072556055e-02, 5.640314065659881582e-01, -7.996868677496072123e-03, -1.249325124731516697e-03, 3.987907471441494711e-01, -1.703687417990156763e-03, 2.024730317799383617e-02, 7.721452281414421803e-02, -2.438222397020968490e-02, 2.353932298696915365e-02, -1.743018855566470099e-02
1403638130345096960, -2.948882508421052026e-02, -1.970121997386479334e-02, 2.321147873659970551e-01, -1.653647438931893712e-02, -8.211107370879888734e-01, 3.762428654074949363e-02, 5.692873751594097476e-01, 5.651557007919134510e-04, -5.243996392481584459e-03, 4.075279773272439399e-01, -2.141329852382234215e-03, 2.010536514899125340e-02, 7.677740342815098096e-02, -2.904934195216465898e-02, 2.462927430698126294e-02, -6.676593516572177159e-03
1403638130395097088, -3.045506815804995340e-02, -1.948101234555086464e-02, 2.463009501374925636e-01, -2.065265156732593380e-02, -8.175370078752605130e-01, 4.383477206432558754e-02, 5.738337925703519415e-01, 1.156505238723069470e-02, 6.335189472311249757e-03, 3.816169370667178984e-01, -2.708377180318176716e-03, 1.678343901720844716e-02, 7.568351945686459248e-02, -2.505196249098123884e-02, 2.175483313424095635e-02, -5.708926898004487195e-03
1403638130445096960, -3.061252907177502286e-02, -1.822374218406732499e-02, 2.617134041329767236e-01, -2.049797441083483010e-02, -8.164592396913706862e-01, 4.800799175056669199e-02, 5.750385862667992676e-01, 9.430687268629327213e-03, -1.423767832922371961e-02, 3.630832592562791561e-01, -2.863075122133261919e-03, 1.644863228174779646e-02, 7.560491011412512341e-02, -2.157179595961958990e-02, 1.859438983296426290e-02, -1.084217978248352629e-02
1403638130495097088, -3.039071023593625104e-02, -2.146411962907334228e-02, 2.793006379422487417e-01, -1.480473111765971510e-02, -8.175527514967086962e-01, 4.661558113550746951e-02, 5.737728697421077273e-01, 1.712100274628370819e-02, -1.414867556198542986e-02, 3.548064749834321518e-01, -2.257790626800162959e-03, 1.699351592453843610e-02, 7.721966029597905623e-02, -2.038236393791219639e-02, 2.162561542006367216e-02, -9.929820372955366903e-03
1403638130545096960, -3.023152667620547865e-02, -2.502332940903113576e-02, 2.995602270223555741e-01, -8.201654168062219585e-03, -8.194476420694980501e-01, 4.220886374983249395e-02, 5.715388933367487878e-01, 2.573353246397969488e-02, -2.321504296440090459e-02, 3.472092520845110331e-01, -1.841772214208165295e-03, 1.718771218742244644e-02, 7.789486335626308322e-02, -2.450203112492140706e-02, 2.484088932192679913e-02, -6.883439262859039967e-03
1403638130595097088, -3.207077279501766714e-02, -3.025261275215586354e-02, 3.234374747478264700e-01, -5.260589123203528519e-03, -8.192908374139495908e-01, 3.925959370662707865e-02, 5.720083340595805144e-01, 2.150956306563730699e-02, -2.424722959735912259e-02, 3.687625973279802793e-01, -1.569499043446301052e-03, 1.633507133507224734e-02, 7.789293090002272213e-02, -3.443801975057145248e-02, 2.359146208499311032e-02, -3.505054253352550813e-03
1403638130645096960, -3.282314974424150461e-02, -3.041153060752575105e-02, 3.447171701745738170e-01, -6.020102559862834310e-03, -8.163544609383110995e-01, 3.922987755425175888e-02, 5.761858807523547732e-01, 2.608637394674574381e-02, -2.022768730166217728e-03, 3.704532596325929017e-01, -1.730326035139927122e-03, 1.659581721869008916e-02, 7.708188797412703075e-02, -3.946702642100113900e-02, 2.336183104425764226e-02, -6.096047342607491260e-03
1403638130695097088, -3.482092212550201571e-02, -3.308684392944151453e-02, 3.630887599890577633e-01, -1.047705407378320130e-02, -8.125441678253292332e-01, 4.266667280203138152e-02, 5.812415691457233358e-01, 2.275133546814510008e-02, -6.116382543773905313e-03, 3.646592622698749953e-01, -1.403297790803973702e-03, 1.713766328065253683e-02, 7.739495905376649054e-02, -4.008984989850358088e-02, 2.652146605543481347e-02, -9.144571858961003663e-03
1403638130745096960, -3.655453289085641710e-02, -3.552675322366027899e-02, 3.854254541226062591e-01, -1.848638726360169252e-02, -8.081717719987455695e-01, 5.160247157806256701e-02, 5.863905058554266247e-01, 1.775070306811371568e-02, -1.224807718728025685e-02, 3.411574589315106709e-01, -1.312683586351481510e-03, 1.793804838637462137e-02, 7.694653766753102586e-02, -4.483465984920379649e-02, 3.004874176168865693e-02, -9.366391870045601489e-03
1403638130795097088, -3.237673985103187851e-02, -3.158500213649925725e-02, 3.993611834523623783e-01, -2.454331825821512783e-02, -8.055042623746921926e-01, 6.062508009840582301e-02, 5.889695310354695623e-01, 2.675306223109355161e-02, 4.893744053997541900e-03, 3.030983045329909698e-01, -1.684750840967916882e-03, 1.832001031242998582e-02, 7.594967364237477370e-02, -4.093643469339491164e-02, 2.617604039785701928e-02, -6.076902450523635237e-03
1403638130845096960, -2.897676100032993765e-02, -2.907589132429297396e-02, 4.101203219066963390e-01, -2.513460055705176582e-02, -8.048053949459568202e-01, 6.416023798856716753e-02, 5.895252259080780988e-01, 4.453796109720428720e-02, 1.660102385282513637e-02, 2.394068785850364811e-01, -1.775885492182112391e-03, 1.871996520932342825e-02, 7.610803864478027370e-02, -3.738539118981222542e-02, 2.371524696136806040e-02, -4.837816576627982333e-03
1403638130895097088, -2.839974504471820885e-02, -2.730847700882034143e-02, 4.131520818063904033e-01, -2.537929718293590806e-02, -8.038671255705929219e-01, 6.698547200313068051e-02, 5.904798745443324837e-01, 5.262226803808357778e-02, 3.406226886310172869e-02, 1.575259378353203177e-01, -1.767321071855515544e-03, 1.920201902235410887e-02, 7.598107658694812361e-02, -3.046781979844048749e-02, 2.120458562669225513e-02, -8.366610018294032974e-03
1403638130945096960, -3.147569753054544478e-02, -2.336608447012797352e-02, 4.240769948705985781e-01, -2.738382635199069354e-02, -8.001203716399176713e-01, 6.629924555866727187e-02, 5.955349922376313998e-01, 4.834802669560150923e-02, 5.476494020916807676e-02, 9.534817232725788239e-02, -1.755750806948932954e-03, 1.960758718131773784e-02, 7.727213420744015460e-02, -3.590979196339307705e-02, 1.976919631988382012e-02, -1.381710722083610149e-02
1403638130995097088, -3.725951497510231192e-02, -2.267463746645674225e-02, 4.156320310854787481e-01, -3.086704949721654628e-02, -7.939005508270174927e-01, 6.425838052880654405e-02, 6.038542880395152412e-01, 3.310951126577583309e-02, 4.715293546531609814e-02, -1.212039616540522627e-02, -1.428498077985138363e-03, 1.950999386961074084e-02, 7.861840701050226698e-02, -3.120917799500127002e-02, 1.990074033917318269e-02, -2.372168145425984295e-02
1403638131045096960, -4.196455091947982885e-02, -2.224520757655954611e-02, 4.272058675267930705e-01, -3.437181670145274259e-02, -7.890534196932234012e-01, 6.394011264194712774e-02, 6.100204431676097272e-01, 5.710553659352966480e-03, 3.158320595434225414e-02, -8.724330442683236875e-02, -1.372347802290838688e-03, 2.059280446038740803e-02, 7.870689657879932633e-02, -4.137810406513826172e-02, 2.198699875202722587e-02, -2.508112202669288138e-02
1403638131095097088, -3.753027703281760358e-02, -1.325358334719530136e-02, 4.276975611694040502e-01, -3.502258088604555397e-02, -7.875453459463774841e-01, 6.209393493272562237e-02, 6.121193430621608700e-01, 9.413271719725832499e-04, 3.239589007697054462e-02, -1.789736489037057066e-01, -1.948708834753575675e-03, 2.078535407447422087e-02, 7.744888881391524815e-02, -4.550427044812718064e-02, 1.801829151854700967e-02, -1.904574951842583422e-02
1403638131145096960, -3.370948443043941811e-02, -1.963134983554638835e-02, 4.236096725500777538e-01, -3.200971938785720367e-02, -7.899807086374278642e-01, 5.877570454884551571e-02, 6.094680257406495105e-01, 6.008388048549687197e-04, 6.283977729811869410e-03, -2.490966304114303476e-01, -1.556783446247033418e-03, 1.984762598162508399e-02, 7.769015415365880528e-02, -4.886259900953044549e-02, 2.315675822111949722e-02, -1.578222723106184264e-02
1403638131195097088, -3.061804646705952940e-02, -2.725902779232342033e-02, 4.155198975545384976e-01, -2.533095037173788838e-02, -7.960687355598896620e-01, 5.275090234746947215e-02, 6.023705284282017125e-01, -1.667619304818617355e-03, -1.310674097286256522e-02, -2.842803173108821024e-01, -1.071524716939293870e-03, 2.083649243168153933e-02, 7.808313271389996646e-02, -4.998582763402568963e-02, 2.782458964770043869e-02, -1.038974970644309520e-02
1403638131245096960, -3.402047571408838705e-02, -3.319656201964865661e-02, 4.177024425922953310e-01, -1.692061770904727119e-02, -8.031260202771891565e-01, 4.490876223917079912e-02, 5.938732956820115261e-01, -7.149245741199929810e-03, -2.263026840193367237e-02, -2.946146943495789317e-01, -6.278960410019770620e-04, 2.180642077512990468e-02, 7.932867212501974741e-02, -5.857703727339876043e-02, 3.036800649189238394e-02, -9.364971902761948241e-03
1403638131295097088, -3.514337190594615801e-02, -2.955150900969825967e-02, 4.061863554535092846e-01, -1.177595961214791473e-02, -8.081686922346857926e-01, 4.168707864929043633e-02, 5.873558369000676516e-01, -6.050039594170383145e-03, -6.328806106047739355e-03, -3.016119877927245785e-01, -1.131986792472306066e-03, 2.247175675637013564e-02, 7.799739868727628700e-02, -5.986318280015340970e-02, 2.982958576138843368e-02, -7.329605406587980619e-03
1403638131345096960, -3.033165557432299098e-02, -3.438984747817083742e-02, 3.777568611150664002e-01, -9.370838492648313894e-03, -8.097892552703918057e-01, 3.938940299099596976e-02, 5.853221543445812358e-01, 1.851992237280802867e-02, 9.777947537031676448e-03, -3.207407378938292308e-01, -8.189696777511725791e-04, 2.072013845668500484e-02, 7.825004485257541775e-02, -5.425503340713310613e-02, 3.119163667607987786e-02, -1.016573250475511468e-02
1403638131395097088, -3.053695004293935714e-02, -3.103660858150827928e-02, 3.553596410668223293e-01, -1.055820174789832110e-02, -8.099351721127830972e-01, 3.891897343167639856e-02, 5.851314851018629692e-01, 2.974021013353005810e-02, 1.104405901079118582e-02, -3.446580318988162195e-01, -9.661911918550553134e-04, 2.077679162716256078e-02, 7.824718235087066431e-02, -5.246700002419495829e-02, 2.965683663167226203e-02, -1.116552124774144832e-02
1403638131445096960, -3.075295829327079344e-02, -2.946424002165320966e-02, 3.381932892736401186e-01, -1.146794123496744713e-02, -8.092857384060074821e-01, 3.823146295433996894e-02, 5.860575357222577164e-01, 3.448003087956331286e-02, 1.760447615559433340e-02, -3.505226287203266344e-01, -9.769305406592473928e-04, 2.083166286618265070e-02, 7.822775460078794374e-02, -5.263915869094003275e-02, 2.930051472237157201e-02, -1.252335535350734483e-02
1403638131495097088, -2.966421276743558960e-02, -2.828736033051323234e-02, 3.281448564539989343e-01, -9.455901745530532337e-03, -8.099150010362136110e-01, 3.292953091049413000e-02, 5.855458334005152476e-01, 3.835399786485496620e-02, 2.206922978877626229e-02, -3.733204675857014210e-01, -1.038904783969147195e-03, 2.129744129779436931e-02, 7.787660997226243664e-02, -5.540066171580197013e-02, 3.055432531265713306e-02, -1.037052912723172848e-02
1403638131545096960, -2.934574453297578156e-02, -2.464548402647029693e-02, 3.063524675881046933e-01, -8.872421398817380289e-03, -8.114373540652990435e-01, 3.178992603940403172e-02, 5.835067276119767499e-01, 3.640949130078999924e-02, 1.099221189249588275e-02, -4.025605445950266592e-01, -1.288870797140302020e-03, 2.103149764621840487e-02, 7.750948485950838462e-02, -5.482519909035941941e-02, 3.011599909106118730e-02, -1.310603792761767111e-02
1403638131595097088, -2.704381826270782149e-02, -2.105141300539808621e-02, 2.880142786850120040e-01, -7.837295217740805620e-03, -8.135932531687748437e-01, 3.091430722508369325e-02, 5.805591277473062251e-01, 3.620601008233671064e-02, 2.661025550084099300e-02, -4.149040215276426635e-01, -1.580680392649917027e-03, 2.123408063709072285e-02, 7.736160146677625860e-02, -5.486762927954114133e-02, 2.993277862152543198e-02, -1.346487145148252303e-02
1403638131645096960, -2.371834489150025441e-02, -1.905352598343268422e-02, 2.686041593491781398e-01, -5.589780385474097009e-03, -8.148681173220243545e-01, 2.975642895615105560e-02, 5.788551292534942494e-01, 3.231752321858692711e-02, 2.568622122342970396e-02, -4.152235362733860402e-01, -1.650925505688396674e-03, 2.108779363869931964e-02, 7.722308395500727951e-02, -5.568251721509439450e-02, 3.001475411344894234e-02, -1.173384318996858675e-02
1403638131695097088, -2.171172939043972475e-02, -1.402100703904390205e-02, 2.447782852556160405e-01, -4.191174864286338446e-03, -8.147490117027721412e-01, 2.794146153660057377e-02, 5.791249923028809476e-01, 4.167248081072702504e-02, 4.019683269337367276e-02, -4.363589695613270258e-01, -1.884713850139528102e-03, 2.085180933587901797e-02, 7.698375492694278788e-02, -5.476168244878460573e-02, 2.955270316736903838e-02, -1.333944897743339145e-02
1403638131745096960, -1.919801152380411213e-02, -1.155052045450709330e-02, 2.223214044037130077e-01, -2.882929911767176303e-03, -8.148139995373792077e-01, 2.609333903484538711e-02, 5.791277687445458566e-01, 3.981138665153211714e-02, 3.148090064648897263e-02, -4.394015268239888639e-01, -1.862776598568822344e-03, 2.082872165278775584e-02, 7.700169124076496063e-02, -5.484640836868515806e-02, 2.888644851176617318e-02, -1.306014694491265324e-02
1403638131795097088, -1.729607686496924951e-02, -1.000737405812473016e-02, 2.006828296490475172e-01, 8.095735252060853372e-05, -8.151674571966713856e-01, 2.086583226955027182e-02, 5.788493994271041165e-01, 5.117016202285643717e-02, 4.637972318043109832e-02, -4.351925688239529633e-01, -1.883798008362501776e-03, 2.076099977957665196e-02, 7.682610363672189024e-02, -5.488312740360787312e-02, 2.976062969859219129e-02, -1.316139250709906852e-02
1403638131845096960, -1.377168801535882080e-02, -8.217289700480964049e-03, 1.803416639915560171e-01, 2.694460965161745748e-03, -8.163454547012858331e-01, 1.542414089863898899e-02, 5.773516557057726262e-01, 5.099962292881651815e-02, 2.704985198595567797e-02, -4.213730338875064652e-01, -1.936449115509405452e-03, 2.081149555913370044e-02, 7.684870720892314488e-02, -5.515296171571001244e-02, 2.993676329914977605e-02, -1.157175963672850590e-02
1403638131895097088, -1.133498804407067316e-02, -8.532381530695463609e-03, 1.600837221979533598e-01, 3.732811542487522293e-03, -8.168880209786923974e-01, 1.166219487760470318e-02, 5.766662990934535715e-01, 5.371033802417991831e-02, 4.025919877001209179e-02, -3.905958323478513905e-01, -1.902837927400094758e-03, 2.087682572829538744e-02, 7.683865878914257486e-02, -5.536369597689720645e-02, 3.033356609098835158e-02, -1.081734909021653430e-02
1403638131945096960, -1.255855800959180396e-02, -1.115331996567647289e-02, 1.423866304027832375e-01, 4.906965120079513284e-03, -8.172339099721883660e-01, 9.367997921049132232e-03, 5.762090755097759587e-01, 3.722943462131284714e-02, 1.218150726519247849e-02, -3.248529394806930481e-01, -1.868859031444563374e-03, 2.098009866895608755e-02, 7.666825703359818334e-02, -5.488458848888719960e-02, 3.197411084183301305e-02, -1.277523784015088468e-02
1403638131995097088, -1.276143919618601998e-02, -1.216546385204668457e-02, 1.287097508960309000e-01, 9.869543489993214125e-03, -8.189318899791773188e-01, 5.106032624698522877e-03, 5.737831298646445255e-01, 2.285834557626670663e-02, 9.073742521138393816e-03, -2.361798129824898285e-01, -1.774214070762464117e-03, 2.100871785619935761e-02, 7.673174823038034220e-02, -5.507287748074538719e-02, 3.195136316796553383e-02, -1.526756376333316886e-02
1403638132045096960, -1.659968166578214624e-02, -9.820897125249906240e-03, 1.153769771467602206e-01, 1.789811543672839914e-02, -8.214336887967271794e-01, 6.441723519469248760e-04, 5.700227516648753712e-01, 1.017039192448626617e-02, -1.218016488033629718e-02, -1.381764084006010529e-01, -1.815880959861852295e-03, 2.094029247452642781e-02, 7.680987272581947523e-02, -5.453046355912589266e-02, 3.075022553314481211e-02, -1.824450921127317160e-02
1403638132095097088, -1.662200283245111876e-02, -6.766455271212314104e-03, 1.138557871390130233e-01, 2.572302324648599245e-02, -8.250319742312900440e-01, -3.684266192538856229e-03, 5.644882582956914918e-01, -1.681065985676233158e-03, -1.415576221190395154e-02, 1.877443798478753184e-04, -1.879366088883127790e-03, 2.106120577314989431e-02, 7.674914291850180870e-02, -5.574888265988729719e-02, 2.920152402069331118e-02, -1.581871756163337125e-02
1403638132145096960, -1.527615138277368771e-02, -6.024868328807836924e-03, 1.097416537586193563e-01, 3.123783902194901888e-02, -8.265420229594662160e-01, -5.376257250970512339e-03, 5.619818302697014989e-01, -5.373317255229846656e-03, -1.771552399610854672e-02, 1.566336251880404984e-01, -1.961547086525061972e-03, 2.065927221074875461e-02, 7.675520753047680722e-02, -4.973327248798685429e-02, 2.697207533463197651e-02, -1.643565388991704082e-02
1403638132195097088, -1.440480392056641204e-02, -4.205378068475113668e-03, 1.215829955018824099e-01, 3.260009065313566878e-02, -8.256881758336914734e-01, -4.101781793728972829e-03, 5.631691093836335149e-01, -6.949387511396626881e-03, -1.917722409106897494e-02, 3.059592696537089540e-01, -2.049947264263511561e-03, 2.074699429992141533e-02, 7.699775020919634450e-02, -4.798236888099698116e-02, 2.648068809249436509e-02, -1.822749727180473026e-02
1403638132245096960, -1.570997913789272393e-02, -5.709782436924481890e-03, 1.413156195579816365e-01, 2.925349912488468818e-02, -8.218486546001686488e-01, 1.376564311381088274e-03, 5.689526577770244176e-01, -4.521145681167262204e-03, -1.478533652137621092e-02, 4.282901872847063030e-01, -1.996704967443869994e-03, 2.069496725666163106e-02, 7.688765163566026184e-02, -4.899545417393522118e-02, 2.716333673308370805e-02, -1.787853038109955828e-02
1403638132295097088, -1.556753085467955933e-02, -8.457211478818673148e-03, 1.641874689133617227e-01, 2.491772172690780857e-02, -8.172574701952304288e-01, 8.278864722104914420e-03, 5.756742090392321654e-01, -1.793758669281189178e-03, -3.225315655762401451e-02, 5.146342174042002338e-01, -1.922182092204993784e-03, 2.056660519695714326e-02, 7.678462083808712535e-02, -5.135212570350214389e-02, 2.771932796477701022e-02, -1.616781804161846609e-02
1403638132345096960, -1.267901399856815291e-02, -9.292267051752851892e-03, 1.929459217935400317e-01, 2.281191762247249816e-02, -8.140914135747696623e-01, 1.220697112305278026e-02, 5.801601301487545603e-01, 3.648559793087576952e-03, -2.928764527533706669e-02, 5.548663692502079359e-01, -1.928703035428905397e-03, 2.070138529655696918e-02, 7.677971931204330414e-02, -5.196019599437142616e-02, 2.757835457730400952e-02, -1.358962251282755038e-02
1403638132395097088, -1.176422924204414272e-02, -9.572271518422296663e-03, 2.213861960488705538e-01, 1.981066253714367995e-02, -8.126820447248475077e-01, 2.106156908305058945e-02, 5.819895550088853842e-01, -5.909532453916517330e-04, -4.825945167134342018e-02, 5.760348541008607492e-01, -2.014805620271602465e-03, 2.071612625698819252e-02, 7.679672083389306458e-02, -5.165089515131293663e-02, 2.699259016980797010e-02, -1.317400339032861675e-02
1403638132445096960, -1.074738191568535249e-02, -7.811884203991485871e-03, 2.518838133860332729e-01, 1.618006421030493067e-02, -8.096156060271050281e-01, 2.961036713472673873e-02, 5.859897628437383821e-01, 2.710452343461475753e-03, -1.824692589827856329e-02, 5.956682377428182962e-01, -2.218323842704987732e-03, 2.081188674391022675e-02, 7.675158779958556055e-02, -5.215369373893277011e-02, 2.612255548527110671e-02, -1.142459873281690026e-02
1403638132495097088, -1.055516690730457299e-02, -9.328456995054809978e-03, 2.862712035847292946e-01, 9.247394179121693966e-03, -8.043021259467115769e-01, 4.071358654279419453e-02, 5.927520390258633753e-01, 1.869499660931127480e-03, -2.713438786680215029e-02, 5.909021576542931031e-01, -2.224489863904834889e-03, 2.114245569445989334e-02, 7.676511489850020020e-02, -5.175122741670838689e-02, 2.651659753992255397e-02, -1.041011443942652104e-02
1403638132545096960, -9.507262739067816326e-03, -1.301754220056727113e-02, 3.150935721104589637e-01, 1.736642619326550377e-03, -7.967873815119576042e-01, 5.046569655813014366e-02, 6.021462166339947020e-01, 1.240999749314300286e-03, -2.210545879383706697e-02, 5.627009752435178092e-01, -2.078188243050066095e-03, 2.119544279292752409e-02, 7.689753732858495283e-02, -5.105006064340713440e-02, 2.646978217778384393e-02, -9.475618357731890873e-03
1403638132595097088, -1.287577446862092807e-02, -1.286730809371174761e-02, 3.407522839314817698e-01, -4.701680572752192644e-03, -7.898565702391244781e-01, 5.899084310941454801e-02, 6.104298264986067757e-01, -1.182510654566408526e-02, -5.147456131871738783e-02, 5.068225501073936323e-01, -2.156370798055764603e-03, 2.120378624504202711e-02, 7.680357484778350952e-02, -5.097146218968202219e-02, 2.630587030528287046e-02, -1.004734030821034102e-02
1403638132645096960, -1.230707034065021445e-02, -1.317740369822049951e-02, 3.680290884161654397e-01, -8.010695033958303152e-03, -7.871636455607394778e-01, 6.401114891910938964e-02, 6.133610655125211197e-01, -1.639220676545301292e-02, -7.565638046386610749e-02, 4.258177463592709433e-01, -2.182210310459604171e-03, 2.137296011387273403e-02, 7.675882586143871478e-02, -5.171192886673489642e-02, 2.578844869070989407e-02, -7.711833583955486800e-03
1403638132695097088, -1.381757208247189062e-02, -1.764868385906497375e-02, 3.867049039223879880e-01, -8.431227398262162304e-03, -7.899283218699867382e-01, 6.584447716689038888e-02, 6.095954933715015400e-01, -1.327435610166141818e-02, -9.424732791848938751e-02, 3.296859332881381111e-01, -2.129613666345026718e-03, 2.134945155502971856e-02, 7.675425631301664720e-02, -5.226611241466084384e-02, 2.568904763335201277e-02, -7.927097504598043173e-03
1403638132745096960, -1.539070875339188481e-02, -2.048285410100736392e-02, 4.019367214526097798e-01, -8.402890871362164379e-03, -7.937680555236221736e-01, 6.754636959815626951e-02, 6.043998290944176954e-01, -1.794564487492985791e-02, -1.083532791158422492e-01, 2.738049737621290336e-01, -2.180961770363738870e-03, 2.131989435072211350e-02, 7.664348434118538334e-02, -5.211740010962636477e-02, 2.564862089070174545e-02, -9.082733244005006257e-03
1403638132795097088, -1.494067762360944997e-02, -2.685802585427187264e-02, 4.185322575410139745e-01, -1.003574065105717651e-02, -7.955609611489045108e-01, 6.831834599874625491e-02, 6.019257799807311571e-01, 3.469818322916512921e-03, -1.010661419423001389e-01, 2.033169623951056881e-01, -2.167398181643487211e-03, 2.153204939907895840e-02, 7.669819900641416943e-02, -5.227538426209087791e-02, 2.578286608618599735e-02, -7.671056278079477729e-03
1403638132845096960, -1.391084623004404906e-02, -3.273361909809821557e-02, 4.129684250077367835e-01, -1.286786917004257083e-02, -7.922272782998566187e-01, 7.061734449263003255e-02, 6.059897260824091969e-01, 2.410633621474699700e-02, -6.870345962003375495e-02, 1.209230476884353422e-01, -2.131444643690137350e-03, 2.096411809433057147e-02, 7.662554752111450096e-02, -5.104159261779626922e-02, 2.629716599373085884e-02, -1.097004280296008660e-02
1403638132895097088, -1.345602139806906412e-02, -3.571925692891671916e-02, 4.132401578210026516e-01, -1.834882328561504572e-02, -7.872974987852079387e-01, 7.414097489596985224e-02, 6.118243905991850307e-01, 2.253363187273213844e-02, -4.977262560568585653e-02, 3.150190743639343094e-02, -2.137255608890837721e-03, 2.088656203852607904e-02, 7.665216149946547930e-02, -5.019862842779255346e-02, 2.638397170200233385e-02, -1.156097361022065569e-02
1403638132945096960, -1.231009083533229909e-02, -3.693708391981968819e-02, 4.125535922035389325e-01, -2.083228102952144195e-02, -7.827938268985356052e-01, 7.821562861450792603e-02, 6.169944538462968087e-01, 1.966566125780428234e-02, -1.462197018453090551e-03, -4.689020496301081475e-02, -2.142736607741882546e-03, 2.087476958527658549e-02, 7.665504484521946937e-02, -5.018806017575114242e-02, 2.636926478077302252e-02, -1.164483004710932350e-02
1403638132995097088, -9.918848285339201126e-03, -3.264913582749999488e-02, 4.063316268635035478e-01, -1.874356591256131147e-02, -7.804393818761596879e-01, 8.089582907005564427e-02, 6.196925970129928407e-01, 4.470498572380887312e-03, 3.128015339003094308e-02, -1.210657718792483017e-01, -2.281898055794565668e-03, 2.070206690163501478e-02, 7.663379478974462200e-02, -5.135959393066794054e-02, 2.573221885799568606e-02, -1.186435807257654219e-02
1403638133045096960, -9.730211584977143877e-03, -3.042607693427861609e-02, 4.061753084957011040e-01, -1.160505233873397948e-02, -7.824677137995896814e-01, 7.775083440333536988e-02, 6.177089989396657987e-01, -5.739020784446918723e-04, 1.019522608061362440e-01, -1.747383144383005682e-01, -2.275201935058197237e-03, 2.101094409405962482e-02, 7.675582594639850098e-02, -5.107047621131226289e-02, 2.567526796231204417e-02, -1.009674448233183371e-02
1403638133095097088, -6.253109380212307569e-03, -2.267189629088517053e-02, 3.969959856667389930e-01, -4.150215424046366230e-03, -7.859262250703196173e-01, 7.139281426313977275e-02, 6.141708317156068242e-01, -1.032380199683705785e-02, 1.440097965061927499e-01, -2.110723757432577674e-01, -2.303839383509486988e-03, 2.102218165756210982e-02, 7.680992436015623981e-02, -5.115513773378335682e-02, 2.531126601113689589e-02, -9.016189512303787040e-03
1403638133145096960, -5.805872973467602650e-03, -1.307131886403441363e-02, 3.869313460563883478e-01, -1.301707147854454629e-03, -7.889905261155479854e-01, 6.688144313493277204e-02, 6.107529187999028997e-01, -9.494565805684829565e-03, 2.087092344173845648e-01, -2.263486504285022738e-01, -2.313710877960309560e-03, 2.108339429915502203e-02, 7.684841113616455721e-02, -5.101632882806064057e-02, 2.511788662496044697e-02, -8.576134660520465594e-03
1403638133195097088, -8.718420741422202441e-03, -2.185110566403730865e-03, 3.791740292633664633e-01, -2.563107922625940723e-03, -7.905154129336460223e-01, 6.011416446108571593e-02, 6.094793676764372892e-01, -1.012954860301414246e-02, 2.690342147417841279e-01, -2.241324055477123267e-01, -2.267452881340610397e-03, 2.118489379706070194e-02, 7.676397777189150617e-02, -5.135280414725537645e-02, 2.552975707073897732e-02, -8.655449339438398351e-03
1403638133245096960, -1.150595706398660489e-02, 1.586409288362296624e-02, 3.663803177113376663e-01, -7.493530441654516761e-03, -7.909827286792521228e-01, 5.441147414904180107e-02, 6.093681657369154347e-01, 1.187590436863542607e-03, 3.206029327991187228e-01, -2.292116439961829066e-01, -2.283143923350717131e-03, 2.118426411114824118e-02, 7.669446376277463950e-02, -5.127599339997660627e-02, 2.521233565628117762e-02, -9.170227986608577367e-03
1403638133295097088, -1.285712510074189796e-02, 3.376604908493375384e-02, 3.486099384545652824e-01, -1.268874743402352567e-02, -7.918749014481204496e-01, 4.495789955993035464e-02, 6.088940165679447292e-01, 1.871603946604424515e-02, 3.798812677274734928e-01, -2.467216063445050733e-01, -2.312648285623530083e-03, 2.103085208571404269e-02, 7.663247687435922884e-02, -5.060551721736025743e-02, 2.551641134561264540e-02, -1.132962792767838386e-02
1403638133345096960, -1.144259717511645486e-02, 5.429245287354304145e-02, 3.364659669656835383e-01, -1.642865744591287883e-02, -7.948902622302557175e-01, 3.634111466391150985e-02, 6.054410736075185318e-01, 3.056348999107661238e-02, 4.145298740616045197e-01, -2.562823824237668857e-01, -2.354468086939682202e-03, 2.104042918608207621e-02, 7.655099573511184308e-02, -5.051569159151199362e-02, 2.582324543744287867e-02, -1.114442531345981313e-02
1403638133395097088, -9.987990509944574824e-03, 7.625035207701474915e-02, 3.205553235625501207e-01, -2.000405581378915734e-02, -7.979506653267544047e-01, 2.768768180524740913e-02, 6.017540741298228468e-01, 6.103522002174447542e-02, 4.417764126792902979e-01, -2.416303040413829428e-01, -2.394530680942240277e-03, 2.100341426215445589e-02, 7.661203023003282375e-02, -4.990394686146542441e-02, 2.558037470056669441e-02, -1.150398964250016164e-02
1403638133445096960, -6.519144468582079542e-03, 9.893134832242841958e-02, 3.078179966056858730e-01, -2.559119200611496489e-02, -8.004035116780029435e-01, 1.674478773255777542e-02, 5.986809847230986081e-01, 7.909274705115916515e-02, 4.672973033602154658e-01, -2.107693765537236030e-01, -2.385311589202113083e-03, 2.102282599333897203e-02, 7.653520216761307282e-02, -4.956724798504411056e-02, 2.574818840244585266e-02, -1.162977540552140310e-02
1403638133495097088, -4.401299995549261962e-03, 1.151899390905603004e-01, 3.016288723778169922e-01, -3.447163607857236384e-02, -8.011598170425661136e-01, 8.153883449589715074e-03, 5.974011784781472212e-01, 1.093492226739048306e-01, 4.769342321296258791e-01, -1.934090294242750419e-01, -2.159796845832345422e-03, 2.108782828604080159e-02, 7.649953525480421290e-02, -5.023590643140352779e-02, 2.626302868565896786e-02, -1.095221593886553171e-02
1403638133545096960, -1.362101758404512045e-03, 1.368820310112944250e-01, 2.882644983500881608e-01, -4.598407592578335201e-02, -8.010965920473492874e-01, 2.123985917223259693e-03, 5.967622672850541043e-01, 1.267169347655738298e-01, 4.542908995357872182e-01, -1.819656346080550657e-01, -2.103937152207747008e-03, 2.096377114148986406e-02, 7.653502969685582746e-02, -5.023892986518201792e-02, 2.642166232156727135e-02, -1.238657064256627402e-02
1403638133595097088, 5.443961469921994312e-03, 1.590483760202782149e-01, 2.784693248883308714e-01, -5.701731164098411409e-02, -8.021198176744329666e-01, 5.387716571142390620e-04, 5.944346339104669141e-01, 1.571550749560234328e-01, 4.512207838019682837e-01, -1.862119356467547560e-01, -2.048845631749944985e-03, 2.084920099174015704e-02, 7.643538216635585580e-02, -5.041639591958559097e-02, 2.687831661747864392e-02, -1.322836038263817265e-02
1403638133645096960, 1.489681901192417904e-02, 1.790028856096646803e-01, 2.710818110084037280e-01, -6.631970075435122958e-02, -8.038071263064728855e-01, 9.780943883081648013e-04, 5.911808896794203960e-01, 1.628433294474790349e-01, 3.931396950137893698e-01, -1.821772283967049988e-01, -2.116826971150854216e-03, 2.094707993299474436e-02, 7.651899686403618173e-02, -4.965425338572042324e-02, 2.692385631777562127e-02, -1.236734619065271018e-02
1403638133695097088, 2.479325829258638772e-02, 2.002891434336384335e-01, 2.624694022916885805e-01, -7.432122582961649127e-02, -8.054621008015437900e-01, -5.086080459048007056e-04, 5.879684522841363004e-01, 1.826189620049675222e-01, 3.932262599239153000e-01, -1.753912749620954725e-01, -2.222959845441640787e-03, 2.097994801518803312e-02, 7.653065595732577719e-02, -4.969870100871499191e-02, 2.694519492090635335e-02, -1.234070722982813853e-02
1403638133745096960, 3.303589095977266937e-02, 2.191389078937083235e-01, 2.527483013996159045e-01, -8.190408666440679442e-02, -8.067577106077317151e-01, -6.290044410263707399e-03, 5.851445567583772878e-01, 1.708947231608393957e-01, 3.549651794561451967e-01, -1.761041442212097907e-01, -2.218149766472847419e-03, 2.095921514238478778e-02, 7.654335759137032014e-02, -4.940995108486545551e-02, 2.696170119579990171e-02, -1.299588518192952916e-02
1403638133795097088, 4.100974680768063735e-02, 2.368439185626238508e-01, 2.463997609114793874e-01, -8.818280658794759586e-02, -8.072015583037690512e-01, -1.426912902904721274e-02, 5.834773593302416961e-01, 1.282596909439734922e-01, 3.290169457591539115e-01, -1.695417072829115690e-01, -2.223893407372324899e-03, 2.102407878470905281e-02, 7.654133556563558205e-02, -4.976045347215493631e-02, 2.673327406099178238e-02, -1.241305781789681095e-02
1403638133845096960, 4.555348632753480898e-02, 2.508572771719330130e-01, 2.380791491922711334e-01, -9.232595308302175841e-02, -8.083409897021536228e-01, -2.395892748228495295e-02, 5.809360830147781707e-01, 8.440482054341386098e-02, 2.726324081066295868e-01, -1.645759633634624186e-01, -2.200005722108555346e-03, 2.104090409431338612e-02, 7.651362249449748798e-02, -4.984190233773789364e-02, 2.692358858660792026e-02, -1.240834326627606073e-02
1403638133895097088, 4.643885823486405134e-02, 2.601357288002722479e-01, 2.290869883321464684e-01, -9.627115560870636024e-02, -8.095698504670353346e-01, -3.034841521440255485e-02, 5.782797726935644533e-01, 2.463001999410486392e-02, 1.961240886736329014e-01, -1.433670317320609455e-01, -2.109548470044971848e-03, 2.102562603178101050e-02, 7.647428789644632185e-02, -4.985990532582598028e-02, 2.722801575234275531e-02, -1.298255959904829129e-02
1403638133945096960, 4.748012575431447696e-02, 2.678370996193778497e-01, 2.221945953422116982e-01, -1.000334831262753854e-01, -8.094523609872843473e-01, -3.459572704611118404e-02, 5.775667175451572044e-01, -4.931808831431544471e-02, 8.912263746378723539e-02, -9.824305030274695094e-02, -2.161330544594386449e-03, 2.099867503747869166e-02, 7.642713777416300369e-02, -4.921430371880679278e-02, 2.772308301987108300e-02, -1.322083702487199426e-02
1403638133995097088, 3.872913482874015823e-02, 2.602189419641522394e-01, 2.185360647632874909e-01, -1.019159530544767323e-01, -8.087605144566620829e-01, -3.755023574766499367e-02, 5.780221004114702854e-01, -1.324131161489621733e-01, -2.143123052448076341e-02, -5.677898205348524963e-02, -2.092164227870186351e-03, 2.097539328448071519e-02, 7.655554639146650020e-02, -4.603456193142785313e-02, 2.716814966402568768e-02, -6.509426159876109327e-03
1403638134045096960, 3.133261739921253813e-02, 2.586179670778489537e-01, 2.164845718192269508e-01, -1.008819953878156289e-01, -8.092626936021402040e-01, -3.902011075644086502e-02, 5.774029327141806389e-01, -1.892113606818486282e-01, -1.159467103906468149e-01, -4.200468974926380855e-02, -2.152887934019345837e-03, 2.100657493111455359e-02, 7.657043170787827813e-02, -4.520079800041146290e-02, 2.712616096594688830e-02, -6.939599703298405045e-03
1403638134095097088, 2.504115216569744243e-02, 2.638113716206697545e-01, 2.160005577085491735e-01, -9.637464200171211304e-02, -8.118375967453559383e-01, -3.999854457105379152e-02, 5.744839086710474829e-01, -2.339065084482223889e-01, -1.758170391092347129e-01, -1.937354755969029202e-02, -2.404597349306908990e-03, 2.100658469665986003e-02, 7.655423137898249852e-02, -4.630829676149759988e-02, 2.603842505451084421e-02, -6.313879492436383009e-03
1403638134145096960, 1.093523064896459278e-02, 2.571790579291351464e-01, 2.144117086228197744e-01, -9.127025692015351688e-02, -8.141075159871762335e-01, -4.151072950200072192e-02, 5.719926152942279574e-01, -2.784334694158376866e-01, -2.143086755451673320e-01, 1.128111334264107930e-02, -2.527447875739234108e-03, 2.099026000468901670e-02, 7.652250777922808833e-02, -4.600786732813025998e-02, 2.600291803003753829e-02, -6.955535559888518030e-03
1403638134195097088, -2.917415770150248288e-03, 2.415418123758692748e-01, 2.204242238668415454e-01, -9.016705689875260943e-02, -8.134127592459081679e-01, -4.279366238888822338e-02, 5.730604570248424290e-01, -3.128548874008102443e-01, -2.574766516502789426e-01, 4.409877722987925325e-02, -2.405616557843201064e-03, 2.109490124946574591e-02, 7.649939207706731026e-02, -4.638373739367527421e-02, 2.630104591239840542e-02, -5.882214370622369792e-03
1403638134245096960, -2.099592565516129536e-02, 2.271287127218169222e-01, 2.214292985533505564e-01, -9.379748524158487699e-02, -8.082320380949339356e-01, -4.116538019525770725e-02, 5.798865542782002391e-01, -3.326098182991249486e-01, -2.915356104672655047e-01, 6.266799899652387984e-02, -2.408602547923135821e-03, 2.104400351501188593e-02, 7.650302809331216425e-02, -4.625777800989396699e-02, 2.650417664928505362e-02, -6.304966348414020247e-03
1403638134295097088, -3.891075740930288740e-02, 2.101049614729734172e-01, 2.253339973626588000e-01, -9.776434385014218242e-02, -8.041182031606569636e-01, -3.904461420363698060e-02, 5.850739837994137771e-01, -3.492714438709507152e-01, -3.367817638242546208e-01, 4.703154996261185716e-02, -2.412382311018585693e-03, 2.110648114964320046e-02, 7.654132598950846855e-02, -4.587204838083962927e-02, 2.656346038361955680e-02, -5.784657801255252592e-03
1403638134345096960, -5.818658183877473827e-02, 1.888960216291071248e-01, 2.294096298993935357e-01, -1.009052160148299349e-01, -8.040414905868631390e-01, -3.508136711193538676e-02, 5.848971845353793109e-01, -3.557164111464574674e-01, -3.794926952368843365e-01, 2.400661990299197968e-02, -2.330671922224094705e-03, 2.117368230230550277e-02, 7.651366279712704110e-02, -4.625552497675348984e-02, 2.663637560194529255e-02, -5.339111981869830784e-03
1403638134395097088, -8.176329495440408379e-02, 1.563765329177441987e-01, 2.299530790858358431e-01, -1.032087047481912573e-01, -8.054839969319993465e-01, -3.077215263681552446e-02, 5.827491472089409985e-01, -3.453359804153310897e-01, -4.039284855078799641e-01, 1.406838451453767611e-02, -1.986710616715991248e-03, 2.118347220886517002e-02, 7.647728593105648787e-02, -4.595868915177002412e-02, 2.720531000217637010e-02, -5.630691293815629980e-03
1403638134445096960, -9.876097209551681910e-02, 1.352662734702468339e-01, 2.313672718942010320e-01, -1.050337636050996393e-01, -8.069537399083160922e-01, -2.705447656461282269e-02, 5.805700865948439926e-01, -3.259061125226738187e-01, -4.064316185197226483e-01, 2.738141567293480433e-02, -1.892243730650923278e-03, 2.114268569625173122e-02, 7.639985861725347160e-02, -4.626093372649707491e-02, 2.736224831715639710e-02, -5.622028403529999614e-03
1403638134495097088, -1.148332275328766694e-01, 1.144442619093140184e-01, 2.325454036456183760e-01, -1.075266102052481743e-01, -8.064285820179706299e-01, -2.360233630895866228e-02, 5.809938897467105123e-01, -2.882302790594958863e-01, -4.132098547342817341e-01, 3.064707523103733094e-02, -1.834227606406915907e-03, 2.108807953619133008e-02, 7.631702443890062137e-02, -4.624589403015266775e-02, 2.774100637065658043e-02, -5.737250792140140103e-03
1403638134545096960, -1.316857783647440994e-01, 9.219541615789654532e-02, 2.320299015289236655e-01, -1.108675867589984099e-01, -8.055025742264466659e-01, -1.943007598979335296e-02, 5.818044802748040256e-01, -2.521492754003585857e-01, -4.256147655947624120e-01, 3.038170743526447462e-02, -1.780137580666244033e-03, 2.105412924594016535e-02, 7.636231925761788331e-02, -4.672191404940020942e-02, 2.769944045571999178e-02, -6.998493599768246080e-03
1403638134595097088, -1.425684498850430248e-01, 8.130686959024634175e-02, 2.340544697439685684e-01, -1.125481768601058474e-01, -8.045248608607086238e-01, -1.321283931959511132e-02, 5.830077846990023849e-01, -2.132019683562846601e-01, -4.346703872103950816e-01, 3.511380492240738505e-02, -1.977182237687585831e-03, 2.105565188442877836e-02, 7.630310378327700982e-02, -4.663243547513306470e-02, 2.774817448624309832e-02, -7.469330990297704670e-03
1403638134645096960, -1.562166488813531151e-01, 5.968997233330044366e-02, 2.327936182794365927e-01, -1.130211742222943655e-01, -8.056121946681481516e-01, -1.032065392943136775e-02, 5.814711429485149852e-01, -1.680510266791118423e-01, -4.412586433098321659e-01, 3.883737478242051816e-02, -1.924263262010392607e-03, 2.104836951872562575e-02, 7.631357108493075359e-02, -4.616229608156441344e-02, 2.754561849499522624e-02, -8.042891564576855681e-03
1403638134695097088, -1.667892121847418807e-01, 3.767970189643212592e-02, 2.318942886657461289e-01, -1.117181337514929623e-01, -8.079443179717555878e-01, -8.580463955979876836e-03, 5.785079198131505285e-01, -1.415443585496332646e-01, -4.543165986171329718e-01, 4.279155686752419280e-02, -1.918439011630728797e-03, 2.101526023404078417e-02, 7.629924674035633292e-02, -4.565950111012245100e-02, 2.742879124791848186e-02, -8.526874148016377192e-03
1403638134745096960, -1.710209972908036946e-01, 1.358611868463601921e-02, 2.385543215001937889e-01, -1.096759700668144405e-01, -8.114316346589093287e-01, -6.270997323219740412e-03, 5.740301023964212712e-01, -1.231033758326755406e-01, -4.429263845909457431e-01, 5.175735088448101678e-02, -1.870793883210389958e-03, 2.111059059267928611e-02, 7.627862517558814393e-02, -4.543701575236254453e-02, 2.760858231158390061e-02, -7.497803177070926431e-03
1403638134795097088, -1.740410598636467909e-01, -9.846163407002055112e-03, 2.373422145420036600e-01, -1.064954290743767712e-01, -8.152297094636330455e-01, -6.525492086733478830e-03, 5.692246150221641487e-01, -1.132182907904257657e-01, -4.389699292901269589e-01, 8.352909676398204142e-02, -1.842454420398723959e-03, 2.105113114581953423e-02, 7.631379763868081922e-02, -4.507169240863762721e-02, 2.734590802215479052e-02, -8.107658138568856268e-03
1403638134845096960, -1.775353171015903453e-01, -2.847174410388532764e-02, 2.466480716661307027e-01, -1.037807332003444216e-01, -8.176066244799766736e-01, -7.943697086156510309e-03, 5.662913249374924574e-01, -8.231443305699473467e-02, -4.029799061594709353e-01, 1.039066172963134110e-01, -1.894617105299416021e-03, 2.113514784562143742e-02, 7.627770682278203762e-02, -4.527539889272312601e-02, 2.724420245090766399e-02, -7.282964326191719746e-03
1403638134895097088, -1.788363510810704882e-01, -5.053778357068623717e-02, 2.510362932511406298e-01, -1.026043362418326971e-01, -8.174946271317148350e-01, -9.303388294605466000e-03, 5.666465668839717473e-01, -6.486758090373748176e-02, -3.777102800469238075e-01, 1.093877921106371082e-01, -1.898096534507394883e-03, 2.112975155916899800e-02, 7.631757564809510397e-02, -4.502101643601301439e-02, 2.719324329498412629e-02, -7.087697016246100393e-03
1403638134945096960, -1.829536193583899406e-01, -6.520527120876826177e-02, 2.570875911396249269e-01, -1.027356529849662442e-01, -8.152351350555318010e-01, -9.431165258197741000e-03, 5.698667504764725056e-01, -5.160508867432829494e-02, -3.406197249540369176e-01, 8.050660374185333867e-02, -1.945902138993478841e-03, 2.117555147990310763e-02, 7.635343751657960865e-02, -4.506179423417459168e-02, 2.711093616675862988e-02, -7.231594729739078235e-03
1403638134995097088, -1.862569781010530168e-01, -8.030234631586198601e-02, 2.640004300769156487e-01, -1.031674270879404109e-01, -8.135978651634547809e-01, -9.241165587265485343e-03, 5.721272556417080768e-01, -3.389746012611486586e-02, -3.165245606666622358e-01, 3.469175921409060892e-02, -1.982972987847068849e-03, 2.125159069152043195e-02, 7.638213797705273311e-02, -4.509855546784390101e-02, 2.698191613367919434e-02, -6.729862842009641348e-03
1403638135045096960, -1.899947551718110250e-01, -9.659029628722440308e-02, 2.662037665930991337e-01, -1.002856132563416658e-01, -8.148643995587080413e-01, -1.111693611043799296e-02, 5.708022598388535762e-01, -2.988709045217227689e-02, -2.766182548623279946e-01, 4.599762197696989283e-03, -1.982328344954082007e-03, 2.131824695691160454e-02, 7.635527093017813183e-02, -4.495457628391839183e-02, 2.734145283673473231e-02, -6.553134687310026123e-03
1403638135095097088, -1.938363409358621059e-01, -1.091460788660293391e-01, 2.667433514445267662e-01, -9.590901598839339515e-02, -8.178044849834158470e-01, -1.290589885464169320e-02, 5.673012627942068953e-01, -1.519910344080112850e-02, -2.330813976490334616e-01, -3.127742917253287930e-02, -1.954517935519013618e-03, 2.136589431811760850e-02, 7.634389063459046110e-02, -4.473908031313749561e-02, 2.735210581542371622e-02, -6.255705051470343038e-03
1403638135145096960, -1.945363392126033542e-01, -1.203226569632953047e-01, 2.643450062515842469e-01, -9.175864285896620509e-02, -8.203277138293197934e-01, -1.338554756227417278e-02, 5.643258105923391055e-01, 9.389753253759137649e-03, -1.657273373378232995e-01, -5.906692744665761885e-02, -1.924303741938026679e-03, 2.137689040597781295e-02, 7.625499811314909171e-02, -4.427535623311871366e-02, 2.759388650368224671e-02, -5.665733933307681193e-03
1403638135195097088, -1.942642443764460713e-01, -1.268239628043280331e-01, 2.569117687705313458e-01, -8.897317754425333736e-02, -8.222034390832523298e-01, -1.453679924299945345e-02, 5.620088610556956965e-01, 4.339649847763697027e-02, -8.697679020430235108e-02, -7.811013652300581589e-02, -1.936122682081636804e-03, 2.132222233629737715e-02, 7.627418454268759807e-02, -4.452737719155961532e-02, 2.773719192436308739e-02, -6.241215743693771974e-03
1403638135245096960, -1.910549922182374349e-01, -1.323385263977809867e-01, 2.532674256358204978e-01, -8.725126396475114954e-02, -8.241712504322877830e-01, -1.592730292737077821e-02, 5.593525613768942639e-01, 7.105737989876366456e-02, -7.414988582067074188e-03, -9.110793869969502357e-02, -1.879958818303600595e-03, 2.130751415534979862e-02, 7.634181084114340099e-02, -4.471971050096067157e-02, 2.738346732285448434e-02, -6.072738098499847435e-03
1403638135295097088, -1.871382382236187747e-01, -1.368413368495427496e-01, 2.446471636293081620e-01, -8.635286574023694206e-02, -8.237878894500755278e-01, -1.773995926755501593e-02, 5.600017764427397404e-01, 8.861439517203616167e-02, 6.750676427120930190e-02, -1.026132297704261398e-01, -1.819618733802453106e-03, 2.121859931877104546e-02, 7.641380287042180697e-02, -4.473885219414940051e-02, 2.739832329353036888e-02, -7.273229387135454749e-03
1403638135345096960, -1.832183567922856526e-01, -1.314364308948382520e-01, 2.373028173454999057e-01, -8.728027176590233416e-02, -8.221038571470112855e-01, -1.888237691135488325e-02, 5.622907237956663584e-01, 1.192959638991071269e-01, 1.160724101980541156e-01, -1.061364550504613619e-01, -1.856414029044684000e-03, 2.117789979294565708e-02, 7.648644122718124827e-02, -4.486166252890208539e-02, 2.698381132196303600e-02, -7.540433453167139262e-03
1403638135395097088, -1.767797264621275566e-01, -1.246768825329352681e-01, 2.326208060516971876e-01, -8.848323145130816691e-02, -8.210266745229432006e-01, -2.128250666864164517e-02, 5.635893650377291619e-01, 1.379352897858761862e-01, 1.695911217504528778e-01, -1.001952161282354398e-01, -1.860712502476746452e-03, 2.117460732445574853e-02, 7.646938421572724298e-02, -4.493682833974366186e-02, 2.704762752243296958e-02, -7.606081057264880985e-03
1403638135445096960, -1.694706288028731966e-01, -1.134815682905221113e-01, 2.280876054446848433e-01, -8.841346034737079806e-02, -8.217269624053681332e-01, -2.650609766554878899e-02, 5.623569027512643759e-01, 1.575434519308375747e-01, 2.248909582244220939e-01, -1.015793573457116905e-01, -1.900167132915069924e-03, 2.116871693772372567e-02, 7.647418157534383032e-02, -4.522915871671825960e-02, 2.691390021035682326e-02, -8.130659904428559973e-03
1403638135495097088, -1.637051479805694543e-01, -1.060789057538789187e-01, 2.243136982938751245e-01, -8.787956212288131064e-02, -8.233478820067613446e-01, -3.084423412969181447e-02, 5.598429074097696079e-01, 1.450383284020551888e-01, 2.447158141311102653e-01, -9.052941881894151221e-02, -1.890672739534822846e-03, 2.120168781049423801e-02, 7.651830039423909713e-02, -4.523823447811223253e-02, 2.711998781051795995e-02, -7.994795398090209088e-03
1403638135545096960, -1.567283228561206221e-01, -9.475040766345418919e-02, 2.196806489411597951e-01, -8.855785420745278247e-02, -8.260030992442229936e-01, -3.311109441925518676e-02, 5.556798016155249931e-01, 1.462198788453240583e-01, 3.010226211580290800e-01, -3.780842578715655489e-02, -1.860182148241725474e-03, 2.117815608977288364e-02, 7.645537079502848221e-02, -4.507632995060517622e-02, 2.746545273996243292e-02, -8.481551780347363484e-03
1403638135595097088, -1.500938227066145880e-01, -7.642698004966123893e-02, 2.200255726120275701e-01, -8.836766330658980817e-02, -8.279672598578595721e-01, -3.860410354040898911e-02, 5.524229320683946565e-01, 1.434309044582023629e-01, 3.589205965538187493e-01, 5.388194589765001388e-03, -1.924146560788801957e-03, 2.121042087356841965e-02, 7.646019904597825545e-02, -4.512787860318210470e-02, 2.755154398744255606e-02, -8.327920466624479448e-03
1403638135645096960, -1.455624216785291192e-01, -5.961700070149859865e-02, 2.188573343940065363e-01, -9.110034352414574099e-02, -8.266914181830328223e-01, -4.247915227842693348e-02, 5.536041438916573521e-01, 1.526970795778175849e-01, 3.950606864371346560e-01, 8.814851574645315990e-03, -1.929936829141643950e-03, 2.121505921350883006e-02, 7.645619420491928109e-02, -4.508498735052732243e-02, 2.781996602448826364e-02, -8.553124745651599983e-03
1403638135695097088, -1.361660789520776904e-01, -4.155369711588664805e-02, 2.167462083745169132e-01, -9.815716006717319086e-02, -8.233871082314936363e-01, -4.396146352422695969e-02, 5.571949673593025176e-01, 1.793461444759222034e-01, 3.939092550833568351e-01, -1.168319080014757275e-02, -1.913391777398054964e-03, 2.118524619095478456e-02, 7.647447348759660313e-02, -4.461248664938369940e-02, 2.794993518407984032e-02, -8.161204227424280824e-03
1403638135745096960, -1.283344407247217489e-01, -2.269776913952975539e-02, 2.150355959977847675e-01, -1.058347592574844509e-01, -8.202299982603002970e-01, -4.261073413530741538e-02, 5.605408807779039826e-01, 2.001784549862572482e-01, 3.671980524610033436e-01, -3.728425517987966203e-02, -1.969706417131506741e-03, 2.119015441245343523e-02, 7.649730526772378914e-02, -4.423648438445617476e-02, 2.816931194386984930e-02, -8.169288882848391858e-03
1403638135795097088, -1.212442042250648638e-01, -7.603808532112721168e-03, 2.122575363668075810e-01, -1.110230631237355825e-01, -8.197917215597383400e-01, -4.133803356591142508e-02, 5.602736650045648803e-01, 2.167318122167261607e-01, 3.373726096484044867e-01, -4.260685184942970133e-02, -1.950237822028301178e-03, 2.120193167295423425e-02, 7.650037271682513795e-02, -4.458834600069421644e-02, 2.823368190753700047e-02, -8.475166618935279020e-03
1403638135845096960, -1.097122077226494324e-01, 9.692364910132620498e-03, 2.101983278934999033e-01, -1.104522928480256433e-01, -8.212431144701001218e-01, -4.425176298099721406e-02, 5.580338873340379147e-01, 2.299000996590857548e-01, 3.279810262159624235e-01, -1.933553058315881992e-02, -2.000158617645144375e-03, 2.117127196927899579e-02, 7.646357042268650539e-02, -4.481403861861281424e-02, 2.843903601856317617e-02, -8.551736342687899645e-03
1403638135895097088, -9.891509550318790256e-02, 2.471164166193907594e-02, 2.080851939651595373e-01, -1.070795131873433365e-01, -8.249859169257030000e-01, -5.131798242263959503e-02, 5.525383963218198913e-01, 2.530123337387123472e-01, 3.062680645492066867e-01, 9.414708214481587803e-03, -1.994719568023195586e-03, 2.113358508557755186e-02, 7.640815682356004446e-02, -4.469692517308696683e-02, 2.879435965879497197e-02, -9.034141052996989482e-03
1403638135945096960, -8.583297380121913955e-02, 4.016900882163367686e-02, 2.106131649867439559e-01, -1.036878856173260310e-01, -8.289660408860932694e-01, -5.701111258210821847e-02, 5.466386909796950855e-01, 2.543175337650747658e-01, 3.124716632783537396e-01, 7.359056538117626778e-02, -2.049039861262588053e-03, 2.112412586346913007e-02, 7.643206506956025381e-02, -4.448689831008958290e-02, 2.889869191697828910e-02, -9.165007518895066860e-03
1403638135995097088, -7.078868406977383010e-02, 5.673099604158310383e-02, 2.179361244141332921e-01, -1.028178004032990339e-01, -8.304316191185114882e-01, -6.268501756418544402e-02, 5.439507463561502609e-01, 2.463994694282920506e-01, 3.351031791857312370e-01, 1.468681171198692736e-01, -2.101616549145239859e-03, 2.114510054737763975e-02, 7.643436232480710357e-02, -4.460394483932030030e-02, 2.898789320692242433e-02, -8.844428152244288022e-03
1403638136045096960, -5.899370406405168160e-02, 7.238168065000478990e-02, 2.276642581232953821e-01, -1.041193792594330009e-01, -8.281904305985711146e-01, -6.867293245322643458e-02, 5.463916121939085269e-01, 2.331645267646463293e-01, 3.894233996900325900e-01, 1.990895926258539061e-01, -2.076810655504599500e-03, 2.113749756351076051e-02, 7.642383934434590631e-02, -4.485809294756894217e-02, 2.907398041730855157e-02, -8.831582409745497228e-03
1403638136095097088, -4.362386891158302749e-02, 9.450311056754615024e-02, 2.432748233181178388e-01, -1.085160987727334103e-01, -8.231503500448346111e-01, -7.180359792501034288e-02, 5.527133080116998221e-01, 2.345940659656018668e-01, 4.248506391855601527e-01, 1.917925245920077404e-01, -2.175353988998515557e-03, 2.124173770994060642e-02, 7.642050427379243338e-02, -4.474161503227148950e-02, 2.896075569291143778e-02, -7.674388426651921995e-03
1403638136145096960, -3.152544725032616763e-02, 1.169503012159331529e-01, 2.545155770583322208e-01, -1.155598801679732779e-01, -8.176568888041986227e-01, -7.130872524890416453e-02, 5.594624133844725566e-01, 2.482930100735473711e-01, 4.431873869648785269e-01, 1.554537944228150392e-01, -2.236083015077556212e-03, 2.132796423856098481e-02, 7.643765934953783425e-02, -4.454792480371799757e-02, 2.877206428509192920e-02, -6.614751992019916177e-03
1403638136195097088, -2.027005713056478919e-02, 1.363000423911475689e-01, 2.607066315556701430e-01, -1.216437159883938385e-01, -8.125804982773917606e-01, -6.977040319064622964e-02, 5.657277004163888678e-01, 2.584159213874930860e-01, 4.383296150366869925e-01, 7.849771559286003453e-02, -2.216925158839687295e-03, 2.135605713187279861e-02, 7.651419812361096029e-02, -4.435216575636898723e-02, 2.826545933685700035e-02, -6.364833147015889342e-03
1403638136245096960, -5.303677650037073345e-03, 1.578674703342525520e-01, 2.631897122221725782e-01, -1.255549495991462317e-01, -8.106667852441434841e-01, -7.072005605235349990e-02, 5.674980102212110467e-01, 2.614748844734954836e-01, 4.408834321261069777e-01, 1.336031308154240517e-02, -2.253220531941707919e-03, 2.134038145452700486e-02, 7.648582453226406008e-02, -4.434132902031546336e-02, 2.841333599190625295e-02, -6.355891001592063952e-03
1403638136295097088, 4.819845896995882638e-03, 1.741259134295300437e-01, 2.575223718779605653e-01, -1.268672568849668891e-01, -8.097314325983299144e-01, -7.629937683062400222e-02, 5.678187310119301445e-01, 2.487318961034484521e-01, 4.057897546727260996e-01, -5.211299187013169326e-02, -2.185243702094614559e-03, 2.127318825355750329e-02, 7.651467202094001940e-02, -4.398386231308348132e-02, 2.835098970185939357e-02, -7.188078678914416528e-03
1403638136345096960, 1.690949413342062238e-02, 1.926849027653388391e-01, 2.514143097975460872e-01, -1.274245775228618760e-01, -8.102159920555950245e-01, -8.252917559675058967e-02, 5.661289238643516519e-01, 2.356948393520367779e-01, 3.539296814780708567e-01, -9.223149821876196197e-02, -2.169563509812119824e-03, 2.121457317073209212e-02, 7.656323621161804927e-02, -4.379689972957245131e-02, 2.815309496592814653e-02, -7.736978264728789495e-03
1403638136395097088, 2.676521909908319632e-02, 2.043540786930759523e-01, 2.461858823756199188e-01, -1.281368513350999438e-01, -8.113449715375529170e-01, -8.597696424858880526e-02, 5.638335269467851241e-01, 2.021600446069740098e-01, 2.766669729066348338e-01, -1.028815208483193078e-01, -2.109212206844269209e-03, 2.118528233607571906e-02, 7.651908482917174625e-02, -4.366451939038421687e-02, 2.862434338740011200e-02, -8.222254584308306621e-03
1403638136445096960, 3.447746206384905837e-02, 2.166406948309901326e-01, 2.411849933533564694e-01, -1.282152455647836142e-01, -8.128300925708726865e-01, -8.992315374313675225e-02, 5.610542913452110092e-01, 1.677698761236824931e-01, 2.137488820651213539e-01, -7.627884883966939977e-02, -2.134276357700787014e-03, 2.115779428365333059e-02, 7.650164138607741526e-02, -4.363502162718198990e-02, 2.868939218776492966e-02, -8.446011647910480272e-03
1403638136495097088, 4.235322063734885817e-02, 2.275286929502639277e-01, 2.409553603764749419e-01, -1.305479025019502248e-01, -8.137024894659836693e-01, -9.136623326319837091e-02, 5.590149507915660454e-01, 1.086305317380262536e-01, 1.075584804980364573e-01, -3.294857447083483076e-02, -2.226425185825489303e-03, 2.120382453041553747e-02, 7.643186817195887772e-02, -4.347379928752521938e-02, 2.918358635094581502e-02, -8.094807734624511267e-03
1403638136545096960, 4.849883796281784926e-02, 2.320721724879420966e-01, 2.430641188599620417e-01, -1.363620927179337305e-01, -8.144222442057502676e-01, -8.928693256514082244e-02, 5.569107931128315370e-01, 5.646885365555118913e-02, 5.504547049300712210e-03, 2.884539015766270434e-02, -2.315160002390122089e-03, 2.121263747053551627e-02, 7.643508480529356830e-02, -4.365496789095249519e-02, 2.938801381081045105e-02, -7.963624847877274343e-03
1403638136595097088, 4.912368185124245390e-02, 2.325798235628673827e-01, 2.495382519617547756e-01, -1.408339650889181283e-01, -8.139985940662246566e-01, -8.538210974638299477e-02, 5.570296028675671973e-01, -3.312485278482652298e-04, -9.213984340232471426e-02, 7.716211564647824928e-02, -2.389536036351359687e-03, 2.125808110279233526e-02, 7.651691092041600084e-02, -4.390364563737130660e-02, 2.928010323529500053e-02, -7.424062555767784594e-03
1403638136645096960, 4.723603428262781317e-02, 2.236851744588716218e-01, 2.552058856519672791e-01, -1.429003536470018487e-01, -8.130464558029474320e-01, -7.903522867655085604e-02, 5.588276856615759236e-01, -3.919859561432909034e-02, -1.740632234989352434e-01, 1.046928640982706105e-01, -2.381324549284288827e-03, 2.126105102768468744e-02, 7.650922796960210603e-02, -4.465789811189540409e-02, 2.874601558371551666e-02, -7.301349099277323722e-03
1403638136695097088, 4.450820037738084656e-02, 2.101781087959013750e-01, 2.626732478938411663e-01, -1.427113669410077501e-01, -8.126942601421432988e-01, -7.218716457021778776e-02, 5.603128755875201872e-01, -6.585908243594434941e-02, -2.503184101684702290e-01, 1.257529200964177529e-01, -2.390679657755934075e-03, 2.130241521893967704e-02, 7.652068921295358817e-02, -4.441637332414107020e-02, 2.876693064688681800e-02, -6.982430368379573780e-03
1403638136745096960, 3.951820969911331444e-02, 1.921684001766436611e-01, 2.686570093718012586e-01, -1.410411891529849693e-01, -8.129670430341396914e-01, -6.542751228905832606e-02, 5.611695025019662886e-01, -8.552212021834126876e-02, -3.106181912259098343e-01, 1.350209327529652559e-01, -2.277436671398774554e-03, 2.126676316839480607e-02, 7.655169071747541798e-02, -4.467379115099820441e-02, 2.857900671931372372e-02, -7.258993984072648932e-03
1403638136795097088, 3.807931531332880981e-02, 1.793464877184116069e-01, 2.765124025681914843e-01, -1.387855029527050865e-01, -8.122980584367717194e-01, -5.560001542751148718e-02, 5.637544560484434308e-01, -1.122187986308020996e-01, -3.659052682199145923e-01, 1.341848553059302174e-01, -2.342212017222644518e-03, 2.124438492671833559e-02, 7.654361555716239496e-02, -4.497911960326757969e-02, 2.825827135897486866e-02, -7.289308861872898990e-03
1403638136845096960, 2.613830400933706000e-02, 1.588912357042037427e-01, 2.790937951493465685e-01, -1.386784625404453575e-01, -8.095936889641766054e-01, -4.392175872863977870e-02, 5.686802457681975342e-01, -1.215699975465329846e-01, -3.960775894922322071e-01, 8.894077112654930062e-02, -2.285118743675037395e-03, 2.120448123810696542e-02, 7.648708937351532400e-02, -4.527060581788124038e-02, 2.835835974089033484e-02, -8.260611061019940138e-03
1403638136895097088, 1.956120280730047276e-02, 1.417932742523543566e-01, 2.829445595058263097e-01, -1.403719934569511718e-01, -8.048490503724385903e-01, -3.126539312556439465e-02, 5.757917894171549200e-01, -1.370833164373705948e-01, -4.128241530735294318e-01, 2.694205960931033567e-02, -2.329721668390474353e-03, 2.122314937064710000e-02, 7.651465448962964377e-02, -4.518572922864335512e-02, 2.835474121986017448e-02, -8.404874955770191836e-03
1403638136945096960, 1.387297181899894288e-02, 1.171585034678819665e-01, 2.820207970099609662e-01, -1.426404708102756158e-01, -7.988414193632418225e-01, -2.066755035176562685e-02, 5.840196359363283296e-01, -1.293858604120012579e-01, -4.168402972238878790e-01, -6.280499789123865362e-02, -2.275179739982813743e-03, 2.119563771391450371e-02, 7.648928900779587703e-02, -4.472891584958599981e-02, 2.866460581721926026e-02, -8.096408189972171057e-03
1403638136995097088, 6.356424096393165427e-03, 9.744194667117549169e-02, 2.766940842949270896e-01, -1.436395999564364923e-01, -7.946386471519626404e-01, -1.315511177863503550e-02, 5.896982523383849095e-01, -1.252709316515258908e-01, -4.041914531956259382e-01, -1.508420293452127359e-01, -2.262894462366119453e-03, 2.118683168206908843e-02, 7.646053487562674833e-02, -4.511098565415735256e-02, 2.862800646658969148e-02, -8.273835466208046344e-03
1403638137045096960, 2.684556851478797027e-03, 7.851957193008493596e-02, 2.700186536693052752e-01, -1.421658345794768463e-01, -7.934452808260088474e-01, -7.284703797486604543e-03, 5.917604201903332584e-01, -1.149641850430647844e-01, -3.890926530161087915e-01, -2.428410030370482531e-01, -2.289176028154035064e-03, 2.123392884239116984e-02, 7.646357151953739328e-02, -4.493667524283994491e-02, 2.896154995940057944e-02, -7.543662772769527645e-03
1403638137095097088, 1.337337876067317506e-03, 6.535312351099677175e-02, 2.594840787835844820e-01, -1.378438745088459427e-01, -7.953891165811428632e-01, -6.251764971211702139e-03, 5.901831367629911673e-01, -9.188650901378180025e-02, -3.471627542780115760e-01, -3.053388087487376445e-01, -2.360720778892192243e-03, 2.125291030047656016e-02, 7.648115335612140631e-02, -4.537785869680786843e-02, 2.852475001785089240e-02, -7.330711287743606024e-03
1403638137145096960, -6.858672187873120392e-03, 4.684638014571559927e-02, 2.389924789544506656e-01, -1.319030461161573575e-01, -7.988520612114913266e-01, -8.025386610528782716e-03, 5.868326540788116885e-01, -7.573508634285987251e-02, -3.275528258683041427e-01, -3.598928609370254383e-01, -2.330386350486344203e-03, 2.119588637601289849e-02, 7.647853424619066587e-02, -4.502484588283834493e-02, 2.893874786129249643e-02, -7.615203387021959695e-03
1403638137195097088, -9.462336557142967189e-03, 3.131788256356223682e-02, 2.195959687652515868e-01, -1.249615780345686850e-01, -8.036766500864124252e-01, -9.240096761767875935e-03, 5.817242187951484622e-01, -4.624418299243936853e-02, -2.929363688876006067e-01, -3.951675288191333624e-01, -2.315844389399578616e-03, 2.115665912098671150e-02, 7.646393666094687680e-02, -4.504213829120008727e-02, 2.912418985789523573e-02, -7.840846238787802305e-03
1403638137245096960, -1.162788190060323572e-02, 1.419233400399200727e-02, 2.012936272972989382e-01, -1.176428069564826734e-01, -8.091451394618210946e-01, -1.158504270370756123e-02, 5.755954308733376434e-01, -2.826210310999713315e-02, -2.547197125653127836e-01, -4.023482917228304312e-01, -2.246798214875413841e-03, 2.116076013823394233e-02, 7.645990966231365482e-02, -4.526319164631613379e-02, 2.950942115263208848e-02, -7.780846567500407894e-03
1403638137295097088, -2.003219496755744705e-02, -8.157884837265750450e-03, 1.816086018506935240e-01, -1.116410685341541614e-01, -8.130071508054035334e-01, -1.351765194395233328e-02, 5.712905719874559196e-01, -1.992202432747865876e-02, -2.306500932442735741e-01, -4.081782923370341765e-01, -2.084513634308359821e-03, 2.118394577834866940e-02, 7.651089920778979259e-02, -4.503826522915908154e-02, 2.977978321207108009e-02, -7.865444294354959759e-03
1403638137345096960, -2.099305279550598216e-02, -2.233096421124621325e-02, 1.630436903603781351e-01, -1.081184008695361271e-01, -8.159890241517946396e-01, -1.312624423469556552e-02, 5.677147396091697384e-01, -9.626508270627647662e-03, -2.025643591407486344e-01, -4.106340326968047072e-01, -2.029584118050514318e-03, 2.122190218033461265e-02, 7.653366471747569122e-02, -4.486275812497998727e-02, 3.024114548662674637e-02, -7.422527020604132927e-03
1403638137395097088, -2.331232726312080367e-02, -3.064003770231182866e-02, 1.408160719878019662e-01, -1.047355221817434373e-01, -8.186727937354355555e-01, -1.614238300384067751e-02, 5.643976883915206022e-01, 6.967804929260309511e-03, -1.553929470498078003e-01, -4.007849736426493115e-01, -2.011278670105257765e-03, 2.119926544975579696e-02, 7.653364262480247260e-02, -4.486602823579189520e-02, 2.983216360531729117e-02, -7.441072747457601853e-03
1403638137445096960, -2.463839783981476225e-02, -3.983027911931602549e-02, 1.204589002383231605e-01, -1.012828146078925406e-01, -8.224410858501083332e-01, -2.077083204475285716e-02, 5.593755664193482691e-01, 2.537016129478249313e-03, -1.473961703697846126e-01, -3.794156201015965180e-01, -1.969340308789241985e-03, 2.118255406549970563e-02, 7.657421392670205051e-02, -4.507740740358032183e-02, 2.943004953745150670e-02, -7.880831791599526848e-03
1403638137495097088, -2.307412510394692487e-02, -4.508415028565714022e-02, 1.059552791142783362e-01, -9.651629662742218507e-02, -8.269546684348004773e-01, -2.653175867997727491e-02, 5.532871285513194515e-01, -2.155832126223804733e-03, -1.187338843451562070e-01, -3.606932791046468800e-01, -1.977798239323587219e-03, 2.123503591507261076e-02, 7.659210241243709361e-02, -4.531335047932341653e-02, 2.962161883925182315e-02, -7.410135090765816723e-03
1403638137545096960, -2.192517756430880510e-02, -4.860793827618923452e-02, 9.224369549980154792e-02, -9.102760551553054635e-02, -8.321111580721276546e-01, -3.268555782558009437e-02, 5.461104741310153221e-01, -4.600584028557338362e-03, -9.195912694992934566e-02, -3.209368783542795867e-01, -2.022347090941543652e-03, 2.126458281015545376e-02, 7.659689705437071339e-02, -4.508905052495933846e-02, 2.993075148333572064e-02, -6.946200682509329032e-03
1403638137595097088, -1.896322423485870268e-02, -5.259160894190197805e-02, 8.104231899732672328e-02, -8.569351469498921736e-02, -8.360256602773996626e-01, -4.100400025460042980e-02, 5.404039126987132402e-01, -9.037838940623234979e-03, -6.860256099196941626e-02, -2.779006458363979526e-01, -2.022455088811079844e-03, 2.128917809278415077e-02, 7.659571192531540451e-02, -4.520930904734133532e-02, 2.953084638080137603e-02, -6.631894879047583145e-03
1403638137645096960, -1.987591231387718718e-02, -5.614806599019146055e-02, 6.818166023320516855e-02, -8.447264090522899060e-02, -8.374048893102244984e-01, -4.511060702190641120e-02, 5.381286625259261713e-01, -2.880647597214915177e-03, -6.163569161706134586e-02, -2.432930190152214622e-01, -2.024548683118788679e-03, 2.129504352725630767e-02, 7.658184867312928246e-02, -4.392860211459730796e-02, 3.268328811256472621e-02, -3.668418794043807381e-03
1403638137695097088, -2.142836307470438045e-02, -6.003052085000815108e-02, 5.696939253098711603e-02, -8.605343638316917398e-02, -8.367992131382532284e-01, -4.908844040368231382e-02, 5.384721051239166334e-01, 5.709064636614182182e-03, -3.747497487125642235e-02, -2.016760189014402405e-01, -2.009712094240521940e-03, 2.130073868806721046e-02, 7.656844115855253319e-02, -4.361930929235284526e-02, 3.274510763194368040e-02, -3.188329934919459721e-03
1403638137745096960, -2.130405761192842584e-02, -6.168357926941996777e-02, 4.743577230872111916e-02, -8.873153249626426764e-02, -8.354006122496575593e-01, -5.144804530185574654e-02, 5.399866950475538108e-01, 1.291399900210637303e-02, -3.899379481238038347e-02, -1.916156077694310123e-01, -2.009762100219367100e-03, 2.130210946603731947e-02, 7.656561460247444939e-02, -4.359454207584489288e-02, 3.272407743630452448e-02, -3.099793562084827894e-03
1403638137795097088, -2.102857637113639960e-02, -6.261984595064483405e-02, 3.826604871758194915e-02, -9.159371245852047927e-02, -8.358551790241568469e-01, -5.165824545455213745e-02, 5.387839429800391766e-01, 1.331330641570719828e-02, -2.653494185229577501e-02, -1.642148493513435337e-01, -2.016125468767639411e-03, 2.129976824635678931e-02, 7.655912410553801506e-02, -4.298466024824206672e-02, 3.427323129799646206e-02, -1.589051491431534967e-03
1403638137845096960, -2.059447870961479687e-02, -6.338047557888241978e-02, 3.079082019002632453e-02, -9.116515505824572541e-02, -8.377608138446278607e-01, -5.422070997944263698e-02, 5.356359284989367087e-01, 1.013854219308553753e-02, -2.913155199516000507e-02, -1.438134602230760062e-01, -2.019675751265958153e-03, 2.130092636987442056e-02, 7.655619311314586228e-02, -4.299968525613603876e-02, 3.428072489053837768e-02, -1.462909614006392255e-03
1403638137895097088, -2.021087779758052802e-02, -6.473204387267275650e-02, 2.411648853646085333e-02, -8.843307652717406764e-02, -8.416532030163347278e-01, -5.790990031410630373e-02, 5.295714496400781846e-01, 4.649476388428981297e-03, -2.630518487071314970e-02, -1.237546503029135492e-01, -2.020424059701810167e-03, 2.130073968021623659e-02, 7.655555898965595019e-02, -4.292763912500855567e-02, 3.445401099287481728e-02, -1.257235312617844365e-03
1403638137945096960, -1.996076248576234696e-02, -6.579685097059327636e-02, 1.867907172208429015e-02, -8.466286559179170279e-02, -8.465692911018587452e-01, -6.184571281145431060e-02, 5.218503064672146419e-01, 1.731274073110695977e-03, -3.214402235433644339e-02, -1.038259075039638935e-01, -2.021813998298405655e-03, 2.130129963127773418e-02, 7.655606620299870713e-02, -4.294711355857495222e-02, 3.446601514550001744e-02, -1.218635264047505462e-03
1403638137995097088, -2.027279504663418580e-02, -6.736445593403034282e-02, 1.427628281200803151e-02, -8.114089843326750817e-02, -8.505346375004116943e-01, -6.346136782908980145e-02, 5.157321395906470096e-01, -1.262831496757392188e-02, -2.819043679621909340e-02, -7.351945207274288019e-02, -2.022902107512636848e-03, 2.130154533870984995e-02, 7.655597402199595947e-02, -4.290939802466042091e-02, 3.452099392873786421e-02, -1.099446477168774128e-03
1403638138045096960, -2.042563227782423149e-02, -6.814931673330611173e-02, 1.151733825963643758e-02, -7.849858746514144781e-02, -8.519088296584080844e-01, -6.493563075000495510e-02, 5.136853916310235579e-01, -1.558734245760312956e-02, -2.048074353653039914e-02, -5.451403092222248392e-02, -2.040253444424481276e-03, 2.129527614706477889e-02, 7.654971484884341704e-02, -4.221808265112283326e-02, 3.526317548944319508e-02, 1.043480273947208509e-03
1403638138095097088, -2.121168390608217658e-02, -6.897818676056829967e-02, 9.247662762948220469e-03, -7.784740406458495743e-02, -8.509985113955886860e-01, -6.522265652163951322e-02, 5.152546170187684016e-01, -1.963934018006835425e-02, -5.527619406215413846e-03, -1.819900316982058300e-02, -2.042915571110385728e-03, 2.129368182426688919e-02, 7.654825003257170746e-02, -4.204445373350380183e-02, 3.546510445073016576e-02, 1.523563590006449860e-03
1403638138145096960, -2.154093434738381038e-02, -6.876816321903331253e-02, 8.951873483255819858e-03, -8.216544472250958409e-02, -8.461396043845842430e-01, -6.373112317538420779e-02, 5.227188092313646006e-01, -1.033935449842622936e-02, 3.401291542705715300e-03, -9.023080224899827223e-03, -2.043450002469501207e-03, 2.129161268865624110e-02, 7.654526720654571126e-02, -4.187102271689914501e-02, 3.564048309793104580e-02, 2.011383372681842686e-03
1403638138195097088, -2.195874253966657516e-02, -6.872280399081705238e-02, 7.698514922063193211e-03, -8.582491948943139770e-02, -8.428999512402777228e-01, -6.254961481308618509e-02, 5.274858302177458658e-01, -1.488216959826688113e-02, -5.000699860148361334e-03, -4.487105157230963232e-02, -2.043064406347819793e-03, 2.128909475767270035e-02, 7.654170040963710619e-02, -4.170460578990365513e-02, 3.580744520629749322e-02, 2.497727329926899970e-03
1403638138245096960, -2.261169387910214740e-02, -6.873740955493817806e-02, 5.813691417851338770e-03, -8.774300033820758848e-02, -8.410131428743251591e-01, -6.092858733240611585e-02, 5.303638059388826598e-01, -1.171342483216123234e-02, 5.758754276861154271e-03, -2.781735652579026864e-03, -2.042057532602960766e-03, 2.128751964225510107e-02, 7.653849182521474392e-02, -4.166543622094943944e-02, 3.569233162747323385e-02, 2.634142090553237992e-03
1403638138295097088, -2.325986693522805876e-02, -6.898454958204888743e-02, 5.170459237344622767e-03, -8.880411914544435181e-02, -8.390002417948342339e-01, -6.085344660022284913e-02, 5.333753656927600062e-01, -1.503293921917924804e-02, -1.565738780637175240e-02, 5.436275344535940537e-03, -2.042190212939155609e-03, 2.128575168298418863e-02, 7.653671570260496548e-02, -4.158118880727681294e-02, 3.580785227499939244e-02, 2.851543784988818525e-03
1403638138345096960, -2.358497843322173229e-02, -6.966296193113959145e-02, 5.150048564620693034e-03, -8.883769303935802608e-02, -8.371076482884401981e-01, -6.170017686214266522e-02, 5.362385081730164371e-01, -7.114106129514832268e-03, -1.390662775093804912e-02, -1.571820246988395522e-02, -2.041901032206173104e-03, 2.128268842745393435e-02, 7.653446706752452255e-02, -4.153014952331222226e-02, 3.571207767341073175e-02, 3.013156817077870982e-03
1403638138395097088, -2.365284500238755763e-02, -7.003672312971602476e-02, 4.791390217449457284e-03, -8.955986993573292199e-02, -8.343881412112098550e-01, -6.168580633585840634e-02, 5.403427808344363203e-01, -4.488454693566817054e-03, -7.821290717772936413e-03, -1.491335447344021951e-02, -2.042115109066012461e-03, 2.127533269404567259e-02, 7.652955224545555935e-02, -4.141981321585586073e-02, 3.549063189146368924e-02, 3.398477495772291284e-03
1403638138445096960, -2.386878034175083166e-02, -7.029574091570123251e-02, 4.346138999359453955e-03, -8.885433381124405172e-02, -8.342467254233701945e-01, -6.235531370803719386e-02, 5.406007060074158321e-01, -2.492294912587963290e-02, -5.036034905864360083e-03, -1.327104880737175682e-02, -2.042139153629616080e-03, 2.126982832559939918e-02, 7.652546990266731464e-02, -4.133414288521042312e-02, 3.529595065207215970e-02, 3.689187059362102929e-03
1403638138495097088, -2.479770347378192075e-02, -7.029109548621521875e-02, 4.015163546792031336e-03, -8.866827478679278896e-02, -8.341697054178422999e-01, -6.258955484177332329e-02, 5.407230226596171363e-01, -1.843191786457353334e-02, -6.093347551072908486e-03, -1.223421554762791318e-02, -2.042928946312332593e-03, 2.126394642188443942e-02, 7.652236848151208748e-02, -4.116996604602697618e-02, 3.550645828282306821e-02, 4.110754673240870488e-03
1403638138545096960, -2.567725399879464826e-02, -7.059619117178105030e-02, 3.719868739049289521e-03, -8.901623080005306721e-02, -8.340474067444829664e-01, -6.221112421091804651e-02, 5.408981512090502708e-01, -2.272188546399785819e-02, -8.588561033294743463e-03, -7.579976303717613113e-03, -2.043344709798652469e-03, 2.125810971353642859e-02, 7.651887110954423699e-02, -4.107487412902873641e-02, 3.530074167013275838e-02, 4.428128457492379842e-03
1403638138595097088, -2.632085644507559802e-02, -7.071262596215299734e-02, 3.356998082993375987e-03, -8.891799464684574383e-02, -8.341010248693733198e-01, -6.243340865877381601e-02, 5.408060096033430186e-01, -2.134241392645166990e-02, -3.663719235954661368e-03, -7.282174976266373931e-03, -2.042999159584195455e-03, 2.125094898702383633e-02, 7.651379010414037507e-02, -4.096897539070608329e-02, 3.505333494495856128e-02, 4.796519209075293493e-03
1403638138645096960, -2.686998316632099523e-02, -7.098796545543910319e-02, 3.050978973607794843e-03, -8.937851298184815163e-02, -8.340511149117317835e-01, -6.202021320142653282e-02, 5.408546128915796558e-01, -2.562310962561370475e-02, -1.545313096557858999e-02, -9.748650767539921574e-03, -2.043866382571338843e-03, 2.123824469626791819e-02, 7.650515174228610105e-02, -4.062996350780765514e-02, 3.527202227714659744e-02, 5.776041665107121276e-03
1403638138695097088, -2.733035749093817163e-02, -7.113184146035668454e-02, 2.860888664163376872e-03, -8.962317321945093007e-02, -8.340222187730028658e-01, -6.176771297798195476e-02, 5.408875807859736540e-01, -2.317237414061330131e-02, -2.936213021725365990e-04, -6.052948079402293603e-03, -2.045071703780326419e-03, 2.122364863656797662e-02, 7.649851045315163300e-02, -4.040584264910185991e-02, 3.486405355801062977e-02, 6.587508270006273148e-03
1403638138745096960, -2.757380597140813433e-02, -7.106609417530258821e-02, 2.815455732558009173e-03, -8.936989000334027988e-02, -8.340499918698636161e-01, -6.192367462320326477e-02, 5.408688309967871755e-01, -2.237885277482753663e-02, -1.029565216678652619e-02, -5.857192736783798682e-03, -2.046956426308678845e-03, 2.120806116198492575e-02, 7.648987662457168435e-02, -4.016990476927947279e-02, 3.438658929082630961e-02, 7.453945943851775398e-03
1403638138795097088, -2.769890300308231607e-02, -7.118361933217735860e-02, 2.748229772861883469e-03, -8.924295441921173411e-02, -8.341462471415955759e-01, -6.192398001905798782e-02, 5.407413005908853210e-01, -1.968726085043744078e-02, -2.100295187109905114e-03, -5.753600003603061633e-03, -2.045893544407832200e-03, 2.119420113070045325e-02, 7.648003781969217596e-02, -3.995166019888940490e-02, 3.394669131125576528e-02, 8.236395660053554002e-03
1403638138845096960, -2.671057505493595885e-02, -7.077217855193121410e-02, 3.027192692983157567e-03, -8.892965928772117445e-02, -8.341489709433594912e-01, -6.203236518204544719e-02, 5.407762898306708310e-01, -2.366069236211994567e-02, -1.496509128553161726e-02, -3.406574435842312214e-03, -2.043184157604810251e-03, 2.116363970472303138e-02, 7.645597571253071045e-02, -3.945706943451143117e-02, 3.292442363496653202e-02, 9.951306857384635551e-03
1403638138895097088, -2.617412787497428936e-02, -7.098905849595117667e-02, 3.371188459439201316e-03, -9.032675140435598993e-02, -8.339117428221337613e-01, -6.053999092518778241e-02, 5.410796546377115712e-01, -2.468419374763562019e-02, -1.438047842460679279e-02, 1.351451872654028290e-03, -2.043801671539405718e-03, 2.114016142377425980e-02, 7.644471495928691074e-02, -3.909211962770877541e-02, 3.231701443651389255e-02, 1.122126961090818588e-02
1403638138945096960, -2.637346901426789597e-02, -7.070014068975200017e-02, 3.459627403970994518e-03, -8.938525081439875619e-02, -8.342067931158103633e-01, -6.169705046388693909e-02, 5.406503280497844122e-01, -2.072702143296388175e-02, -4.716635336763398689e-03, 1.255409865036121158e-03, -2.043713361665526907e-03, 2.113172343560172986e-02, 7.643854624376346385e-02, -3.895606012551663250e-02, 3.209170183481608457e-02, 1.166181230070305677e-02
1403638138995097088, -2.677408447232780195e-02, -7.113154130838215961e-02, 3.424900529223423584e-03, -9.002576960680272466e-02, -8.340505646348339575e-01, -6.084562528309800378e-02, 5.408815270675516595e-01, -2.052339949198313945e-02, -2.000745199027078106e-02, -3.818481229442360816e-03, -2.045516163511993703e-03, 2.112281377851967651e-02, 7.643252528385532929e-02, -3.881906059023859656e-02, 3.186168698539019323e-02, 1.209754240410951427e-02
1403638139045096960, -2.581454235567595332e-02, -7.057436355048260501e-02, 3.756039853468722857e-03, -8.966580920967251456e-02, -8.340634058518140437e-01, -6.132779932268087736e-02, 5.408670619550460801e-01, -1.936509103789877187e-02, 3.033523209030673622e-03, 2.996337293765281157e-03, -2.045918153714077359e-03, 2.109382138665722578e-02, 7.640856963656192380e-02, -3.840108412856823444e-02, 3.109317490630277361e-02, 1.345078216547138800e-02
1403638139095097088, -2.349549006818368521e-02, -6.988685254854368201e-02, 4.195996659124089957e-03, -8.979995216618075204e-02, -8.340816010859265495e-01, -6.101857397100381164e-02, 5.408517217791160014e-01, -1.564357893577643030e-02, -1.497301620973251653e-02, -1.283965491354916149e-03, -2.041636539149461940e-03, 2.105565056544309033e-02, 7.638153614665742219e-02, -3.777830016901317922e-02, 3.012948712150002178e-02, 1.531491084832698087e-02
1403638139145096960, -2.280455496937534854e-02, -6.966102030763274278e-02, 4.330758442999817909e-03, -8.988796945705747332e-02, -8.340334479087738728e-01, -6.087864089698851594e-02, 5.409271224470311168e-01, -9.813403027082126528e-03, 3.192817462906157554e-03, 1.245950061349688359e-03, -2.038546134210502542e-03, 2.104012228577415572e-02, 7.636996559919208283e-02, -3.745195637243118464e-02, 2.971234016407765799e-02, 1.618600981994826674e-02
1403638139195097088, -2.290283619206543234e-02, -6.943074446960099955e-02, 4.455033472469880663e-03, -8.966488022316168593e-02, -8.340766471381334535e-01, -6.127904630722577628e-02, 5.408523222073217118e-01, -1.483168887421945636e-02, -8.178808769915831695e-03, 5.341590825455173842e-04, -2.036444421257662535e-03, 2.103496107579198512e-02, 7.636591396576693225e-02, -3.733731942554468358e-02, 2.956007102197510256e-02, 1.648220725199157910e-02
1403638139245096960, -2.305499520679724426e-02, -6.953192240801503443e-02, 4.473081353615975322e-03, -9.015387815860637089e-02, -8.340392335299467996e-01, -6.070668696284606952e-02, 5.408932735242111267e-01, -1.123438939683075663e-02, 1.054119153781323676e-03, -2.091550977164873394e-04, -2.036274496972476002e-03, 2.103066488751187402e-02, 7.636472570058736031e-02, -3.724562446167735408e-02, 2.945780082989687618e-02, 1.674931377892972459e-02
1403638139295097088, -2.330169423141494056e-02, -6.924974053288811271e-02, 4.542343848670282389e-03, -8.968269360818316438e-02, -8.340884209691393769e-01, -6.134962761770637596e-02, 5.408232092500814270e-01, -1.107723817483057156e-02, -1.237922786947395727e-03, 2.081055194084660944e-04, -2.035903079630341315e-03, 2.102691367629950375e-02, 7.636421238054071081e-02, -3.718013699588558485e-02, 2.939911779278859411e-02, 1.693470761065658803e-02
1403638139345096960, -2.358362902543739356e-02, -6.933232045281093048e-02, 4.595239894879584591e-03, -9.011984421017278646e-02, -8.341034812633468798e-01, -6.077635793140958448e-02, 5.407920400121408733e-01, -1.334344880499384323e-02, -1.756155946928548723e-03, 1.110524364572805858e-03, -2.036637534060016692e-03, 2.102309794454079034e-02, 7.636524557103653577e-02, -3.711667526024373109e-02, 2.936084486637754662e-02, 1.710423762677741252e-02
1403638139395097088, -2.389795770386200086e-02, -6.905863697777767096e-02, 4.694590889839078511e-03, -8.983536533710632932e-02, -8.341288651743266058e-01, -6.116427213162751314e-02, 5.407564842258917315e-01, -1.248433911124240819e-02, 4.250530172150561795e-03, 1.407377893744698495e-03, -2.037061874092820427e-03, 2.101873082214905653e-02, 7.636531684690506250e-02, -3.705353495584830237e-02, 2.931495465812031936e-02, 1.726364731110329939e-02
1403638139445096960, -2.423027021114418714e-02, -6.901936482466644596e-02, 4.757620086382889288e-03, -9.001612318890028774e-02, -8.341319226779494445e-01, -6.089981711000631154e-02, 5.407515560880024053e-01, -1.259762849472640528e-02, -3.719981253986071566e-03, 3.189236407665123146e-04, -2.036923754499052591e-03, 2.101518141006399401e-02, 7.636682259141314155e-02, -3.700409329386242230e-02, 2.928488930944677868e-02, 1.738678747787339440e-02
1403638139495097088, -2.397088905667963885e-02, -6.882302025608867668e-02, 4.826141791500162224e-03, -8.996128579979897899e-02, -8.341514713719869745e-01, -6.096513060478566531e-02, 5.407231664313427721e-01, -1.188149625907911240e-02, 4.521402739009750850e-03, 1.840573511703174486e-03, -2.035875334267482108e-03, 2.100443772570491363e-02, 7.636899514941221379e-02, -3.686364010090802806e-02, 2.918997683955012329e-02, 1.774071246052477679e-02
1403638139545096960, -2.307446650594306356e-02, -6.859251844625582906e-02, 4.882462594789608798e-03, -8.988798023818807270e-02, -8.341223302501566961e-01, -6.089700044519388150e-02, 5.407879848180113802e-01, -1.180992297369048982e-02, -2.711614133769929807e-03, 5.253358542710566013e-04, -2.036592415148672647e-03, 2.098646317555595206e-02, 7.637456401004512341e-02, -3.661334548970712061e-02, 2.907370123872442952e-02, 1.838331491624217717e-02
1403638139595097088, -2.296901496974019380e-02, -6.852642905668304696e-02, 4.918522418368009332e-03, -8.994449331046393270e-02, -8.341161468118797329e-01, -6.080044180591058500e-02, 5.407989904086664135e-01, -9.422203665032338749e-03, 3.159151968543826537e-03, 1.266758710898225476e-03, -2.037826760836119761e-03, 2.097805965829153615e-02, 7.637579021118801048e-02, -3.649568465290307234e-02, 2.901962851047099751e-02, 1.866148879755603548e-02
1403638139645096960, -2.283965569729461131e-02, -6.838591023908455191e-02, 4.995986643375226362e-03, -8.986798663636831608e-02, -8.341338686477073328e-01, -6.088403872038641862e-02, 5.407749698181577580e-01, -1.045822297688905889e-02, -8.053102712659492100e-04, 1.274316296712481138e-03, -2.038642538175952819e-03, 2.097140226708998217e-02, 7.637655037241784794e-02, -3.641474747111595606e-02, 2.897091326529048841e-02, 1.884664256167802032e-02
1403638139695097088, -2.269313415743648421e-02, -6.831751255549098345e-02, 5.067305716902057930e-03, -8.997800037979662713e-02, -8.341192778440362776e-01, -6.073578778319998345e-02, 5.407958522945151003e-01, -1.028223092494698516e-02, 2.840233652480011160e-03, 1.495257502280003883e-03, -2.039872042370275557e-03, 2.096467570866657193e-02, 7.637812246107107683e-02, -3.631280072671141945e-02, 2.895023397913611823e-02, 1.906965876320466935e-02
1403638139745096960, -2.221543462666187088e-02, -6.811002293512984085e-02, 5.194153080395972830e-03, -8.987217061221251801e-02, -8.341222387802085247e-01, -6.081668572970774095e-02, 5.407997914742537215e-01, -9.736428262452922339e-03, 1.070343816965473862e-03, 2.154455766626577323e-03, -2.042716538151155992e-03, 2.095445508442577223e-02, 7.638113412892862109e-02, -3.618414406953510132e-02, 2.891711519176201617e-02, 1.938060782257882905e-02
1403638139795097088, -2.174987426182841896e-02, -6.806961335868515206e-02, 5.279265512020918719e-03, -8.998015968016941091e-02, -8.341119441423182623e-01, -6.059277718853181560e-02, 5.408228460925393888e-01, -7.324080051937700842e-03, 1.757022572773340270e-03, 9.582877998955097957e-04, -2.045361322772407640e-03, 2.094473432073969826e-02, 7.638648659979363487e-02, -3.603870530299876224e-02, 2.891978252544746483e-02, 1.967111919463685951e-02
1403638139845096960, -2.179777571119862270e-02, -6.788040055224411895e-02, 5.370141810960131663e-03, -8.985713635378327069e-02, -8.341419365688934606e-01, -6.078805027947841583e-02, 5.407751266900259202e-01, -8.329025832707373858e-03, 4.076909564926972478e-03, 2.224921081317418874e-03, -2.046107763726197869e-03, 2.094221351667324704e-02, 7.638863257047880106e-02, -3.599780318509574611e-02, 2.889868231760729309e-02, 1.976082811412708737e-02
1403638139895097088, -2.167891069178589161e-02, -6.778994567739425603e-02, 5.509090405888499367e-03, -8.994857150074699048e-02, -8.341271364256669374e-01, -6.065781317693306335e-02, 5.407973783811126367e-01, -8.758173283669953152e-03, 1.433750846046204794e-03, 2.322160522045041073e-03, -2.050248917824329300e-03, 2.093766397739189877e-02, 7.639477052339323226e-02, -3.592087441720662189e-02, 2.892593510383878463e-02, 1.985603651202770201e-02
1403638139945096960, -2.062208813123930437e-02, -6.770114348449514374e-02, 5.545933344579704466e-03, -8.988991660375363069e-02, -8.340983101063280669e-01, -6.065602175719747580e-02, 5.408517902303076053e-01, -5.713458477692443145e-03, 3.645784615752235228e-03, 2.562105772366343043e-03, -2.062023385690395921e-03, 2.092466651501402250e-02, 7.641380108426942819e-02, -3.572805674448259472e-02, 2.885715069286676898e-02, 2.017720204283083088e-02
1403638139995097088, -2.062196514711783085e-02, -6.757032880739860525e-02, 5.647907248040081284e-03, -8.988019595305514475e-02, -8.341161610821089534e-01, -6.062706665429519470e-02, 5.408291217990960353e-01, -7.129730730668548157e-03, 2.224474474879617122e-03, 2.862221391542780265e-03, -2.064057707537826289e-03, 2.092183096245970111e-02, 7.641848314729371427e-02, -3.568084125754304725e-02, 2.884036652029358522e-02, 2.024677019410592999e-02
1403638140045096960, -2.064953442867269867e-02, -6.744846183299629816e-02, 5.780648389420387639e-03, -8.991092474057083006e-02, -8.341652894897590986e-01, -6.054111895582164199e-02, 5.407578647956393647e-01, -7.909939656996182664e-03, 3.648840614752291156e-03, 2.887990815421495085e-03, -2.068453219895901880e-03, 2.091841740836593994e-02, 7.642403257605284717e-02, -3.563946969509775714e-02, 2.883481031391748467e-02, 2.030762934782356574e-02
1403638140095097088, -2.051937880077277926e-02, -6.734022971574342431e-02, 5.866133703408156312e-03, -8.985987446169166337e-02, -8.341576555727496789e-01, -6.055660518028967848e-02, 5.407763920329192731e-01, -7.024178457651767890e-03, 2.839079477813034359e-03, 2.111302908269632479e-03, -2.075304647624588977e-03, 2.091216249392858703e-02, 7.643203921581613602e-02, -3.557065181745782539e-02, 2.884793997061305126e-02, 2.037537576568333383e-02
1403638140145096960, -2.034983216996381211e-02, -6.725399414729268943e-02, 5.903377384635770733e-03, -8.986226521706013048e-02, -8.341496458042287898e-01, -6.050338550940446286e-02, 5.407943065867455434e-01, -6.606900609921834144e-03, 3.918380836335944896e-03, 2.352621610287728825e-03, -2.082909326551910922e-03, 2.090621241476562850e-02, 7.643961104287445851e-02, -3.550980085779227580e-02, 2.887647649515902998e-02, 2.044744710119825171e-02
1403638140195097088, -2.007233677395936153e-02, -6.715058325335790390e-02, 5.947624826226032349e-03, -8.989066291178313128e-02, -8.341279163541687192e-01, -6.045912826618746183e-02, 5.408280518697471395e-01, -8.184606679416112432e-03, 3.991272374001228994e-03, 3.010867574556889883e-03, -2.091813045535932322e-03, 2.090106624797327672e-02, 7.644879208255773995e-02, -3.544712994411394757e-02, 2.892863389578242614e-02, 2.048200934687832361e-02
1403638140245096960, -1.919158674298862208e-02, -6.721258100127629198e-02, 5.890475966514723341e-03, -8.989795668656144767e-02, -8.340376055696128166e-01, -6.043981082527077192e-02, 5.409682607572221524e-01, -5.013631061564661519e-03, 3.070052025941357333e-03, 1.791521673813273102e-03, -2.103853837279413483e-03, 2.088573474244621864e-02, 7.646440596311974980e-02, -3.529107146864913364e-02, 2.907703737662355528e-02, 2.069841553031307943e-02
1403638140295097088, -1.874909925818242160e-02, -6.720507281972451508e-02, 5.889864238611687564e-03, -8.988590752494242386e-02, -8.340189854560984273e-01, -6.043372368309845449e-02, 5.409996493242789084e-01, -3.645081271400700193e-03, 2.314472832951215957e-03, 7.387053070311434388e-04, -2.109812123987410155e-03, 2.087711176365110444e-02, 7.647191040167786169e-02, -3.519473529394083477e-02, 2.913682978062150791e-02, 2.078306648878264218e-02
1403638140345096960, -1.843736329702932997e-02, -6.721103765925150186e-02, 5.920941365801004816e-03, -8.992421056222890674e-02, -8.339919028777622589e-01, -6.039234382649000948e-02, 5.410396539036969044e-01, -3.780762974243619817e-03, 2.113752249092801933e-03, 6.083285620498425335e-04, -2.112700689590415494e-03, 2.086858266172974402e-02, 7.647840397539738821e-02, -3.512929810540812992e-02, 2.917327961242000348e-02, 2.090022838090418653e-02
1403638140395097088, -1.836583608757125924e-02, -6.716993384943813206e-02, 5.961012689176810146e-03, -8.991756089064792401e-02, -8.339796445281192350e-01, -6.038582979796894290e-02, 5.410603813954957264e-01, -3.429030050868313046e-03, 3.069284954137540492e-03, 3.311965396689345049e-04, -2.114567193750107460e-03, 2.086519280811630073e-02, 7.648449939165818945e-02, -3.511322156367482905e-02, 2.917362943317262577e-02, 2.092300532624908477e-02
1403638140445096960, -1.840073409683768216e-02, -6.708979089244813954e-02, 5.965993920339228603e-03, -8.991703527807178020e-02, -8.339888134476208803e-01, -6.039726266384314035e-02, 5.410450595595033274e-01, -3.161910440918156567e-03, 2.217948732561704408e-03, 3.315232627512702487e-04, -2.115776394994124850e-03, 2.086346255293903759e-02, 7.648748846316676120e-02, -3.510597437081617450e-02, 2.916807583507187440e-02, 2.094693330802717066e-02
1403638140495097088, -1.839716151691508580e-02, -6.700715899894532646e-02, 5.986227709694192517e-03, -8.996394435902775599e-02, -8.340004406387843128e-01, -6.032064003120923834e-02, 5.410278866342331794e-01, -2.753970136698329855e-03, 2.823045238736445264e-03, 1.321846740697318152e-03, -2.117221173187983346e-03, 2.086177029957749646e-02, 7.649058138274578145e-02, -3.509716128374146954e-02, 2.917576072783403807e-02, 2.095544894364861910e-02
1403638140545096960, -1.840112935561979621e-02, -6.691864436792560600e-02, 6.055506853343029482e-03, -8.993332827643069072e-02, -8.340078648143192108e-01, -6.031801250031295497e-02, 5.410218251244549581e-01, -3.784722819676770381e-03, 2.855024402377735575e-03, 2.022364879970191352e-03, -2.118809472754671491e-03, 2.086005692056967439e-02, 7.649446382029205516e-02, -3.507961124164262617e-02, 2.919318534656209496e-02, 2.095937992410821724e-02
1403638140595097088, -1.822458163300720579e-02, -6.692441938747532848e-02, 6.115496525502243062e-03, -8.997037501463325815e-02, -8.339851705470000542e-01, -6.033643851051226359e-02, 5.410485940424248907e-01, -3.271902892691827287e-03, 2.548384220424969836e-03, 8.606390923199533968e-04, -2.121286587917475125e-03, 2.085595594500569763e-02, 7.650344952120061159e-02, -3.503635363002005620e-02, 2.920386987213578409e-02, 2.095291440956218929e-02
1403638140645096960, -1.818030339649483532e-02, -6.686288934796025263e-02, 6.125478537697026833e-03, -8.996232930684257278e-02, -8.339850718933097262e-01, -6.029854448954737739e-02, 5.410543084545583747e-01, -3.664114210732432372e-03, 4.761303703653944723e-03, 5.911434346103285487e-04, -2.124664653215307866e-03, 2.085464729940543147e-02, 7.650966060651541445e-02, -3.501818095187686497e-02, 2.919538773911267704e-02, 2.093106315695839048e-02
1403638140695097088, -1.812145685426562805e-02, -6.673763861703728428e-02, 6.147912183807967279e-03, -8.991771482101207358e-02, -8.339712622156988386e-01, -6.032777152648298447e-02, 5.410797522938459725e-01, -4.475729255756588990e-03, 5.250095631099103294e-03, 1.312602329744195443e-03, -2.127784171871275644e-03, 2.085294722137367648e-02, 7.651698619000897594e-02, -3.500565711866740481e-02, 2.919928336406325473e-02, 2.089696133493756242e-02
1403638140745096960, -1.803241871290167317e-02, -6.667690497506981173e-02, 6.153416450408386897e-03, -8.994233957379046962e-02, -8.339607414902547866e-01, -6.027307071091921042e-02, 5.410979709369586610e-01, -4.388857622243360485e-03, 4.649284558593522187e-03, 1.115917781050777781e-03, -2.131322441973707797e-03, 2.085081102749247739e-02, 7.652837128950483458e-02, -3.498362135142842749e-02, 2.917709801739264835e-02, 2.088985958773737286e-02
1403638140795097088, -1.799629899593441912e-02, -6.659777374282345452e-02, 6.136898391487409336e-03, -8.989547683290291524e-02, -8.339604852583165640e-01, -6.028965160565976505e-02, 5.411043061942553134e-01, -3.372574651774144783e-03, 4.775293236670277892e-03, 5.447927424649715543e-04, -2.134429287198858199e-03, 2.084906355718314092e-02, 7.653790528314945163e-02, -3.494777407041980977e-02, 2.918962345886966583e-02, 2.092946396567234996e-02
1403638140845096960, -1.779085603412067576e-02, -6.671389709665910550e-02, 6.090399077271474622e-03, -8.988634495928446433e-02, -8.339514160680657762e-01, -6.030642969326078379e-02, 5.411179309222530209e-01, -3.350659285276454558e-03, 3.888058584306111967e-03, 1.818755792770297567e-03, -2.140715972047008923e-03, 2.084603034738428951e-02, 7.655520102360929835e-02, -3.487640477155460467e-02, 2.919624915469614182e-02, 2.101312536072849971e-02
1403638140895097088, -1.778209090078331986e-02, -6.667326179071764169e-02, 6.147422027080362734e-03, -8.987751569124922957e-02, -8.339546906463041198e-01, -6.028325303528190432e-02, 5.411169333200362974e-01, -3.858419240274414165e-03, 4.012062688138481360e-03, 2.511399775852681242e-03, -2.147839661551902146e-03, 2.084416249219604028e-02, 7.656282423300025952e-02, -3.485231875710308180e-02, 2.922551149892648262e-02, 2.100775747918257746e-02
1403638140945096960, -1.780066752370720526e-02, -6.659493071254930785e-02, 6.216004517262722039e-03, -8.985614560471241741e-02, -8.339809043830486157e-01, -6.028199882098533857e-02, 5.410802203367297558e-01, -3.419443108345206813e-03, 4.291812498640100448e-03, 2.346878073475280272e-03, -2.152507521872864919e-03, 2.084138608183209659e-02, 7.656813086081769304e-02, -3.483077396406591975e-02, 2.923659678519647045e-02, 2.102972713215394210e-02
1403638140995097088, -1.762272796692207141e-02, -6.665766564261639548e-02, 6.243103724783405882e-03, -8.986048720604447593e-02, -8.339610809558637428e-01, -6.031771543069113645e-02, 5.411060723141462026e-01, -4.071610338070704924e-03, 4.292683920326307613e-03, 2.035846229632363048e-03, -2.159646053191841865e-03, 2.083700980222632712e-02, 7.658148817358427507e-02, -3.477705567804638409e-02, 2.927817183675716917e-02, 2.103742076989518692e-02
1403638141045096960, -1.760273455639170190e-02, -6.662779002274368811e-02, 6.295485132240874471e-03, -8.985007182795876068e-02, -8.339447778057115235e-01, -6.036071648851843580e-02, 5.411281327634759331e-01, -4.298720292292188515e-03, 4.519137742058313562e-03, 2.634045965003836611e-03, -2.163889928993679296e-03, 2.083376817755207625e-02, 7.659102434381161173e-02, -3.476980749748544847e-02, 2.930562367944346963e-02, 2.098141188327540610e-02
1403638141095097088, -1.749855830946971461e-02, -6.672367886529503855e-02, 6.269576232780847344e-03, -8.984714626798502579e-02, -8.339214668694889809e-01, -6.036233290665465878e-02, 5.411643615093343351e-01, -3.348789941020715796e-03, 3.814267688526523214e-03, 9.096710833981667618e-04, -2.170414530446408870e-03, 2.083129078170088341e-02, 7.660574056452458536e-02, -3.473873957360310710e-02, 2.934584378794685700e-02, 2.092463863872336474e-02
1403638141145096960, -1.751088633444080125e-02, -6.667246909331787930e-02, 6.280642324520161954e-03, -8.983246428259991645e-02, -8.339147326926259485e-01, -6.037465726804562560e-02, 5.411758011209182317e-01, -3.618158584529116741e-03, 3.765898981352106076e-03, 1.932885663610389151e-03, -2.172011128751559928e-03, 2.083059439728335294e-02, 7.661114529586897370e-02, -3.471485909584422214e-02, 2.933662335583342093e-02, 2.090650742540511864e-02
1403638141195097088, -1.732665352988723567e-02, -6.688279057950156925e-02, 6.189887870399883064e-03, -8.986108289931979409e-02, -8.338917318854095484e-01, -6.033968066496370186e-02, 5.412103918168646999e-01, -3.101295803740586245e-03, 3.485168057409930402e-03, 1.059210335023817815e-03, -2.178261479574278205e-03, 2.082616334494769364e-02, 7.662460743232714366e-02, -3.465344118868160517e-02, 2.944866497225770777e-02, 2.087829589619375620e-02
1403638141245096960, -1.732047562932236343e-02, -6.685381455843104892e-02, 6.198252274426985058e-03, -8.981412072795891266e-02, -8.338941183971400051e-01, -6.037077493553111990e-02, 5.412110425279622605e-01, -2.876298037145228522e-03, 2.733092103143942072e-03, 6.095781625653818887e-04, -2.183352022961291238e-03, 2.082550584799024856e-02, 7.663147100354374130e-02, -3.463364244666770203e-02, 2.946925332934641206e-02, 2.087675181134068456e-02
1403638141295097088, -1.742073588115293850e-02, -6.675696243311009248e-02, 6.221585249519114534e-03, -8.981318650293117212e-02, -8.339114140352019700e-01, -6.030904107383690260e-02, 5.411914306756473447e-01, -3.220523196120968733e-03, 3.231167797944666572e-03, 4.191606753055731986e-04, -2.184759394043600794e-03, 2.082511097214104559e-02, 7.663331140427699639e-02, -3.462714255538428682e-02, 2.947508052315181079e-02, 2.088318742501304309e-02
1403638141345096960, -1.752962157488024281e-02, -6.661100970465813620e-02, 6.246604326755247211e-03, -8.983809417221595706e-02, -8.339073426712150239e-01, -6.026924599932353271e-02, 5.411980031940342162e-01, -3.397326816816454743e-03, 4.520954732380695791e-03, 1.257628845149141427e-03, -2.186421804345467425e-03, 2.082504381486690107e-02, 7.663530042110273943e-02, -3.462012567915460914e-02, 2.947813940702306498e-02, 2.088656091402510753e-02
1403638141395097088, -1.753099044743518936e-02, -6.648906720321291763e-02, 6.293266410125214656e-03, -8.984365303059792252e-02, -8.339039178906778593e-01, -6.025211289253032398e-02, 5.412042651612061217e-01, -2.854039314076979323e-03, 4.795701516521038918e-03, 1.734689990629374951e-03, -2.189671623283823663e-03, 2.082415935943034840e-02, 7.663999285823110130e-02, -3.459727165235725044e-02, 2.949266873679088144e-02, 2.091793708535770110e-02
1403638141445096960, -1.730603654006369202e-02, -6.653885256600057529e-02, 6.328192289137252180e-03, -8.980229562704576673e-02, -8.339124227968313097e-01, -6.020851835143348901e-02, 5.412028761223991458e-01, -2.172360667427333802e-03, 4.687240134031611834e-03, 1.780018958907881883e-03, -2.197105683264290611e-03, 2.082175837584931272e-02, 7.665206274481242699e-02, -3.453673230443830844e-02, 2.953302020253056881e-02, 2.100226331291601967e-02
1403638141495097088, -1.718905543317363407e-02, -6.655444775093170839e-02, 6.362410820242849104e-03, -8.977190781004376618e-02, -8.339160495711464005e-01, -6.020863198755514040e-02, 5.412023165785467826e-01, -2.251814735904148802e-03, 3.715006660892875880e-03, 1.476022818906270496e-03, -2.201683099864878805e-03, 2.082089847189103060e-02, 7.666095762922132961e-02, -3.451514664747749178e-02, 2.953528902392355687e-02, 2.101169267695427237e-02
1403638141545096960, -1.687410598620137439e-02, -6.674708600372229739e-02, 6.352457361709964653e-03, -8.973018186881144553e-02, -8.338964981297277701e-01, -6.026420641395321964e-02, 5.412331755297927760e-01, -2.294193814365950036e-03, 4.709637207057085044e-03, 1.959900555915998661e-03, -2.210533205293330281e-03, 2.082097247647171981e-02, 7.667876298448690620e-02, -3.448451879310568402e-02, 2.950070996206431706e-02, 2.097590188867871214e-02
1403638141595097088, -1.688301898327649458e-02, -6.662612411929577649e-02, 6.388767156024445157e-03, -8.974037016648207798e-02, -8.339043908016445794e-01, -6.026871106486122315e-02, 5.412188239803760181e-01, -2.246019322864950193e-03, 3.845351075914593512e-03, 1.384316399199859385e-03, -2.212838545394822144e-03, 2.082060319863772782e-02, 7.668309524119591714e-02, -3.447439135120328874e-02, 2.951348238807399715e-02, 2.097611608412622980e-02
1403638141645096960, -1.690516162893741445e-02, -6.651536602170668444e-02, 6.417686411552490575e-03, -8.975187352606034397e-02, -8.339224780296962125e-01, -6.020393284066197920e-02, 5.411962567367685217e-01, -2.021837987930857634e-03, 4.741268273590663017e-03, 1.047944558839458522e-03, -2.214464905471804496e-03, 2.082017424202890765e-02, 7.668696794036887476e-02, -3.446777971358389037e-02, 2.951798951049571657e-02, 2.097126573852861608e-02
1403638141695097088, -1.698767601073082265e-02, -6.633604567824262499e-02, 6.463071270098077505e-03, -8.975519265251181988e-02, -8.339262378066130132e-01, -6.022680646633305629e-02, 5.411873678057218529e-01, -3.434913123035798939e-03, 4.152730036673042517e-03, 1.407522556540397561e-03, -2.214981299674207739e-03, 2.082001156444541340e-02, 7.668875470922269233e-02, -3.446922069567092545e-02, 2.952011781272035826e-02, 2.096426160199549305e-02
1403638141745096960, -1.685051268958490805e-02, -6.649314425948560370e-02, 6.453618459292969484e-03, -8.976198462250216392e-02, -8.338992236072679809e-01, -6.021589831038533930e-02, 5.412290795721336201e-01, -3.365340178490796447e-03, 4.713499844018979174e-03, 1.831565879875777982e-03, -2.220812712756728164e-03, 2.081692601162713624e-02, 7.670193981827221064e-02, -3.444096191231755394e-02, 2.955159924665935051e-02, 2.094095416223397052e-02
1403638141795097088, -1.689160351494004703e-02, -6.640592210638264492e-02, 6.476914811098622576e-03, -8.971932020928084783e-02, -8.339173086060446272e-01, -6.025475511222395941e-02, 5.412039638387743379e-01, -3.709085275260926018e-03, 5.469977001178549444e-03, 1.541147260206315352e-03, -2.223153818444631794e-03, 2.081516207250279360e-02, 7.670778020514300299e-02, -3.442490702787505408e-02, 2.956761752467033239e-02, 2.087996587148260169e-02
1403638141845096960, -1.690070259964447652e-02, -6.643806212625530394e-02, 6.449460009241343543e-03, -8.973055628110580828e-02, -8.339018279640452169e-01, -6.023189179809165794e-02, 5.412284986936019004e-01, -4.331311841883502163e-03, 4.935433954499822418e-03, 1.021283446236431487e-03, -2.224649536392560994e-03, 2.081169988662831885e-02, 7.671665029695723392e-02, -3.442983466012356636e-02, 2.959801213413993173e-02, 2.078392595578391205e-02
1403638141895097088, -1.699530880516095591e-02, -6.641303412907298420e-02, 6.448581921509607441e-03, -8.971672329028253234e-02, -8.338963744760995445e-01, -6.025891691247785981e-02, 5.412361860871895969e-01, -4.032879178742319187e-03, 4.995529871354494056e-03, 1.466612965956684599e-03, -2.225305096508054924e-03, 2.080865119455192064e-02, 7.672238297505382110e-02, -3.446076719785218234e-02, 2.961113177740641242e-02, 2.070514874684444007e-02
1403638141945096960, -1.700965620846574614e-02, -6.658993595503341634e-02, 6.366393946163117178e-03, -8.979817376785680094e-02, -8.338697298358511700e-01, -6.034900372372452304e-02, 5.412536922747007706e-01, -5.449418985853693095e-03, 2.492728007407081503e-05, 1.907879385967235514e-03, -2.221456418528387419e-03, 2.080302303742665240e-02, 7.673154889264507950e-02, -3.449233109464144159e-02, 2.965655000374095226e-02, 2.058427725881548445e-02
1403638141995097088, -1.703244171854714772e-02, -6.657382816953842652e-02, 6.343191132735652091e-03, -8.970049407163817323e-02, -8.338758538179433799e-01, -6.028728182363147364e-02, 5.412673326860011347e-01, -4.797166254297171271e-03, -4.060683318555201142e-03, 1.791061683615677129e-03, -2.219702968199970764e-03, 2.080093989503970647e-02, 7.673497584859276244e-02, -3.449585250345068438e-02, 2.967251699112144481e-02, 2.054888493603478083e-02
1403638142045096960, -1.693965882861133213e-02, -6.675770348375245633e-02, 6.260908312826717580e-03, -8.970470997236532074e-02, -8.338775524520363192e-01, -6.026712089837821251e-02, 5.412662622628492404e-01, -2.754172491582701238e-03, -3.090596057694747125e-03, -1.853450471633922864e-04, -2.219757116594583534e-03, 2.079684870870397370e-02, 7.674341269953433020e-02, -3.449207786430888434e-02, 2.973108728834355716e-02, 2.053069263500685582e-02
1403638142095097088, -1.688892027040708038e-02, -6.661052357140984093e-02, 6.234584171842421849e-03, -8.963461327670836643e-02, -8.338788890382624608e-01, -6.023891351221642709e-02, 5.412789556392486601e-01, -1.176390927559287439e-03, 3.356083715256298573e-04, -3.429351289671004493e-04, -2.221414274458710647e-03, 2.079661442337025004e-02, 7.674543226023367026e-02, -3.448737063356974858e-02, 2.974922268097793601e-02, 2.054695691184314083e-02
1403638142145096960, -1.686791814188542266e-02, -6.636028823981102165e-02, 6.208301825713050288e-03, -8.967777240504531955e-02, -8.338798100763270549e-01, -6.010985169684701646e-02, 5.412847358022585542e-01, 4.809417296488433815e-04, 7.306578813284683727e-03, -1.041471223938194760e-04, -2.221553120162836521e-03, 2.079662551717471192e-02, 7.674557938009309022e-02, -3.448704970358650729e-02, 2.974994991714326881e-02, 2.054836262283342430e-02
1403638142195097088, -1.681068880765084969e-02, -6.596275313390211059e-02, 6.194649800085768460e-03, -8.990428477469528112e-02, -8.338316272164849607e-01, -6.029535568864025780e-02, 5.413007547704322686e-01, 2.889383765741643847e-03, 1.524984673168010979e-02, 4.910819327058287866e-04, -2.221806829269505276e-03, 2.079664581614526844e-02, 7.674610202821124938e-02, -3.448722664401809163e-02, 2.975223783595052490e-02, 2.054969035830060686e-02
1403638142245096960, -1.676326340919450514e-02, -6.563866822730861361e-02, 6.150998249206445813e-03, -9.012606619852912837e-02, -8.338713454925166246e-01, -6.051126418961840642e-02, 5.411785825993602472e-01, 4.378818102413385531e-03, 1.736149855242219431e-02, -2.558556685152134271e-03, -2.222157076094657697e-03, 2.079667377519111432e-02, 7.674678195694953353e-02, -3.448648493329035947e-02, 2.975500351992868553e-02, 2.055390039255885690e-02
1403638142295097088, -1.664633406356473902e-02, -6.557752197548451234e-02, 6.129878613920597581e-03, -9.022451538898096368e-02, -8.338208496104987377e-01, -6.064949020385412837e-02, 5.412245069429713062e-01, 1.887460604639017061e-04, 2.973809523136244394e-03, -2.474414779313896268e-03, -2.225588317045845005e-03, 2.079725738343975519e-02, 7.675216210481132506e-02, -3.448403865264349638e-02, 2.973923837993588948e-02, 2.059614374701360801e-02
1403638142345096960, -1.639445720244973523e-02, -6.558453314129505940e-02, 6.139378165701822945e-03, -9.010157135420480967e-02, -8.338742679896867793e-01, -6.057568996006915119e-02, 5.411709506339276166e-01, 1.878761610945852778e-03, 3.946509963906176185e-03, -3.568389089936005627e-03, -2.230330658472775424e-03, 2.079738967393347793e-02, 7.676132546883235319e-02, -3.449473042486495000e-02, 2.974363798809086246e-02, 2.063128834787266927e-02
1403638142395097088, -1.613258694708391561e-02, -6.524244030738467204e-02, 6.074138247178400771e-03, -9.021618714530692251e-02, -8.338598453586532067e-01, -6.070919767101924658e-02, 5.411591181838729669e-01, -2.756561075199488384e-03, -1.197171762236396916e-02, -1.572075148509515484e-03, -2.233678892163617948e-03, 2.079799837727082032e-02, 7.676578512119816566e-02, -3.448834906063919653e-02, 2.976050741442462511e-02, 2.066302941691827363e-02
1403638142445096960, -1.576160825397103157e-02, -6.654872464759437056e-02, 6.062308498712977792e-03, -8.990386901607975989e-02, -8.339059248202578267e-01, -6.055941064523269468e-02, 5.411568725128715895e-01, -2.470535962211747177e-03, -6.773814586133863197e-03, -9.093319028563454434e-04, -2.282692788821004404e-03, 2.079285004847577015e-02, 7.681898738657984282e-02, -3.457073189465897228e-02, 3.014512262342305265e-02, 2.063224359018199158e-02
1403638142495097088, -1.564922851428932407e-02, -6.663656880406385041e-02, 5.968554244876757807e-03, -8.994049584104893413e-02, -8.338878452320604984e-01, -6.043736649202625238e-02, 5.411922888526831121e-01, -1.719879398395870876e-03, -9.709546393475303877e-03, -4.096234137303318701e-03, -2.296667390651173368e-03, 2.078991242174647869e-02, 7.682817389288208731e-02, -3.463834350483349644e-02, 3.027639890492467636e-02, 2.058867732028043726e-02
1403638142545096960, -1.550226799628537551e-02, -6.661514138031346399e-02, 5.860196938762723615e-03, -8.977678326697464961e-02, -8.338983945034967871e-01, -6.023138518029605426e-02, 5.412261792171439989e-01, -4.870317313594342426e-04, -7.525245402507194960e-03, -1.378766009191711214e-03, -2.300596191194571264e-03, 2.078862044200601583e-02, 7.683090349572811728e-02, -3.465840616336100105e-02, 3.032323817351552028e-02, 2.058277671084114344e-02
1403638142595097088, -1.527755060133666014e-02, -6.668745251066822421e-02, 5.692256179221328455e-03, -8.934514968213354280e-02, -8.339103361671615922e-01, -5.978052963119995233e-02, 5.413291824194055302e-01, 2.981972698822486258e-03, -8.837509572033951794e-03, -3.902362281044478853e-03, -2.300596191194571264e-03, 2.078862044200601583e-02, 7.683090349572811728e-02, -3.465840616336100105e-02, 3.032323817351552028e-02, 2.058277671084114344e-02
1403638142645096960, -1.512274654851221076e-02, -6.708819549236473556e-02, 5.672135289213516875e-03, -8.938216270820745213e-02, -8.339275967726564875e-01, -5.988853906501472729e-02, 5.412845418255020080e-01, 6.396113867393905111e-03, -2.934351767645830555e-03, -5.021590550948187501e-03, -2.315771474628317440e-03, 2.079300877428611263e-02, 7.683907403288536830e-02, -3.485373853009805789e-02, 3.039805443867188775e-02, 2.039374058773273796e-02
1403638142695097088, -1.480782554551709866e-02, -6.718573143533930481e-02, 5.565044546276608044e-03, -8.940552364036892519e-02, -8.339685320489104159e-01, -5.992321372524338913e-02, 5.412137732464095130e-01, 8.590963945574084382e-03, 3.313982930571033464e-03, -4.245700924270656360e-03, -2.312432466429079504e-03, 2.079572945232514153e-02, 7.683775586382789180e-02, -3.496955519719077699e-02, 3.040113047562444798e-02, 2.040738051681400406e-02
1403638142745096960, -1.494537429094176459e-02, -6.761117917271489142e-02, 5.881900017315024216e-03, -8.958139953297394875e-02, -8.339704006228347843e-01, -6.014404398932118173e-02, 5.411573132789696539e-01, 7.036343990757637848e-03, 4.469233164011300607e-03, -8.801485817908790126e-04, -2.291162209188541288e-03, 2.080318664243822543e-02, 7.683908007022753617e-02, -3.514719098533742453e-02, 3.040984197289344285e-02, 2.098282882031827709e-02
1403638142795097088, -1.455261745438893653e-02, -6.726446126550335303e-02, 5.806839123974574801e-03, -8.978877525779455082e-02, -8.339914294645078829e-01, -6.042963344898384659e-02, 5.410587129126316341e-01, 8.544743493074252044e-03, 4.447054949486637515e-03, -4.886694145698439011e-04, -2.290409488542805797e-03, 2.080314838664951149e-02, 7.683997218167225307e-02, -3.515137851809491121e-02, 3.040160273331323632e-02, 2.098536808370317711e-02
1403638142845096960, -1.417151586435157554e-02, -6.714215715832992648e-02, 5.755570449077313314e-03, -8.971982036829533047e-02, -8.339656548275952153e-01, -6.031098087440892735e-02, 5.411231153693472073e-01, 9.000534191755792807e-03, 5.376567757503171799e-03, -1.298372056612359009e-03, -2.285922170549072822e-03, 2.080076020422372274e-02, 7.684504549613940805e-02, -3.518722352867496156e-02, 3.037905296363713897e-02, 2.091904440814154609e-02
1403638142895097088, -1.432075582350543150e-02, -6.745554665810879480e-02, 5.710742947291085406e-03, -8.960272048874459716e-02, -8.339673855030221850e-01, -6.053883700486144964e-02, 5.411144071380545872e-01, 3.898541806106959554e-03, 3.850518927319253760e-03, -2.414802288991099895e-03, -2.263592122664346163e-03, 2.079237360809215937e-02, 7.686738373782230072e-02, -3.534058774105156703e-02, 3.022656626911070232e-02, 2.062068299456752685e-02
1403638142945096960, -1.420721105127616991e-02, -6.739902473082447221e-02, 5.589194614865756854e-03, -8.948394144860140342e-02, -8.339664346153489172e-01, -6.035615241384346269e-02, 5.411559341110315779e-01, 3.173845782485789496e-03, 2.250260214490160462e-03, -2.583414822603849643e-03, -2.261472224125413589e-03, 2.078991732151830307e-02, 7.686936228114742142e-02, -3.538594832777725019e-02, 3.022886462278186193e-02, 2.052925959622888680e-02
1403638142995097088, -1.407099673049852506e-02, -6.723445501135523472e-02, 5.526506143857329301e-03, -8.925446332352461598e-02, -8.339645232908511341e-01, -6.031807692929131576e-02, 5.412010201991910296e-01, 1.336694550695384292e-03, -6.816456915568494535e-03, 7.164340858435633286e-04, -2.260172960432811368e-03, 2.078867168320660055e-02, 7.687062951091698515e-02, -3.543703500767440145e-02, 3.029097085136603015e-02, 2.043004435896717333e-02
1403638143045096960, -1.396913226215503422e-02, -6.715349470052384140e-02, 5.515526011012038266e-03, -8.941462250463638739e-02, -8.340029111944822215e-01, -6.021551937193767023e-02, 5.411268433817064683e-01, 4.801591720826035165e-03, -1.227665173167168068e-03, 2.187920970095011419e-04, -2.258355220806064923e-03, 2.078873278394941654e-02, 7.687436616245706122e-02, -3.549455404048864476e-02, 3.037585283765736194e-02, 2.031663485774056963e-02
1403638143095097088, -1.368516418313413079e-02, -6.686342445825249614e-02, 5.494568402528319725e-03, -8.931359463761738560e-02, -8.340028778905184126e-01, -6.030962192212489109e-02, 5.411330991418386027e-01, 5.602287011030541129e-03, -2.813108375137734173e-03, 2.284263628865921929e-03, -2.257947964104269241e-03, 2.078846379889612295e-02, 7.687673482150056414e-02, -3.551934670190450699e-02, 3.040951333674200147e-02, 2.026435077454335695e-02
1403638143145096960, -1.356539210319262709e-02, -6.681050916486266922e-02, 5.431454306673971430e-03, -8.937990061267594988e-02, -8.339635165561315455e-01, -6.021390214598772161e-02, 5.411934704042099531e-01, 6.888966369445834875e-03, 5.376188210406902031e-04, 1.770651857697796506e-03, -2.254487641954858092e-03, 2.078694783760633158e-02, 7.688282930738610244e-02, -3.557895640512628854e-02, 3.045489031854502898e-02, 2.013773067787700752e-02
1403638143195097088, -1.325696134069398284e-02, -6.669310296809712046e-02, 5.331479446330261891e-03, -8.936932940791078583e-02, -8.340142588148814484e-01, -6.020585377613098949e-02, 5.411179115735603729e-01, 8.629539576398285311e-03, 1.788079460915822146e-03, -5.836101477775749308e-04, -2.252563542966420050e-03, 2.078556818929893496e-02, 7.688546305825326443e-02, -3.562003739472868052e-02, 3.046683038564201862e-02, 2.007597813069101830e-02
1403638143245096960, -1.353032543788839324e-02, -6.714765024663703341e-02, 5.161507024718395807e-03, -8.935776125728828179e-02, -8.339682842290562226e-01, -6.026167639580722046e-02, 5.411844618622163594e-01, 1.242867735593262100e-02, 7.198228453616695621e-05, -1.931505354693539107e-03, -2.247177792092421543e-03, 2.078000061689533676e-02, 7.689426301338271597e-02, -3.582180131990116145e-02, 3.061600260784603025e-02, 1.989337049849004141e-02
1403638143295097088, -1.317388054777568832e-02, -6.725682319528249187e-02, 5.007376610948614630e-03, -8.938926957934201223e-02, -8.339469011603208859e-01, -6.021476185282813309e-02, 5.412174304142255421e-01, 1.355489461337345929e-02, 3.314977994021476009e-03, -3.775931601015609842e-03, -2.246823605066685346e-03, 2.077839858703984730e-02, 7.689484252764185179e-02, -3.588579289509694764e-02, 3.066635360394126542e-02, 1.981269705636338335e-02
1403638143345096960, -1.393988812734725871e-02, -6.788177164922108708e-02, 4.880687062885016511e-03, -8.941054386296500012e-02, -8.339382437346769539e-01, -6.036838481085112645e-02, 5.412101425492509277e-01, 8.843665388683544237e-03, 1.113470964484372877e-03, -2.713992235858054365e-04, -2.231612370699951210e-03, 2.076766778940508304e-02, 7.688642544541089696e-02, -3.608756370512719580e-02, 3.100672652640044241e-02, 1.960687619066616219e-02
1403638143395097088, -1.391864785304667944e-02, -6.800021682078870311e-02, 4.904907382492770113e-03, -8.953523424006856746e-02, -8.339052147973449181e-01, -6.032306795634383850e-02, 5.412454729932661968e-01, 1.084084796548630790e-02, 2.475300685210647927e-03, 9.598683787232667290e-04, -2.226044013345361214e-03, 2.076395300846296810e-02, 7.688688656144367084e-02, -3.611996594068987015e-02, 3.110829073649157978e-02, 1.979887846910528132e-02
1403638143445096960, -1.441756320996177669e-02, -6.842526888359246051e-02, 5.437021059198247214e-03, -8.953829706216734352e-02, -8.338771096577599629e-01, -6.071274008913873227e-02, 5.412446974695420687e-01, 8.532334439389745867e-03, 1.252031206245194988e-03, 1.885727700792531663e-03, -2.182343751025092159e-03, 2.075938856918470993e-02, 7.690398583260739385e-02, -3.638620258422264192e-02, 3.057397468834731347e-02, 1.928571871688388936e-02
1403638143495097088, -1.412436229787807779e-02, -6.837872834123749632e-02, 5.485171311077563505e-03, -8.960843334115171921e-02, -8.338833457713061836e-01, -6.066236557448855676e-02, 5.412291305189548263e-01, 7.248032245548596819e-03, 1.734470586943287701e-03, 5.951756927345753026e-04, -2.180779125217479925e-03, 2.076180819424533475e-02, 7.690517380818265303e-02, -3.636500363998886043e-02, 3.053869829527917218e-02, 1.927543901245290514e-02
1403638143545096960, -1.400694888773115591e-02, -6.830469351684871626e-02, 5.548730330187171857e-03, -8.964303403601267539e-02, -8.338902963631386056e-01, -6.067429993580231856e-02, 5.412113537311605826e-01, 3.985325843665392387e-03, -1.169948439135989155e-03, 1.442820889817164219e-03, -2.179733932072001716e-03, 2.076723863631279796e-02, 7.690672344816938677e-02, -3.632307108943527707e-02, 3.052077634900062647e-02, 1.928437283607119593e-02
1403638143595097088, -1.383672359393027344e-02, -6.818061144736632662e-02, 5.619784777101334734e-03, -8.982788489520346364e-02, -8.339183222646094906e-01, -6.077670720491524375e-02, 5.411260248296704267e-01, 4.966944360895801137e-03, 5.113589490458262526e-03, 2.199507173477692132e-03, -2.178882860394832244e-03, 2.076812746484630115e-02, 7.690767350611397990e-02, -3.631636803230305771e-02, 3.051436070652858989e-02, 1.929605057608963295e-02
1403638143645096960, -1.372422892687934735e-02, -6.817428741644966650e-02, 5.691507234509103272e-03, -8.980618851930116664e-02, -8.339322963943871514e-01, -6.058467741601241546e-02, 5.411296243936546402e-01, 4.277753575118318011e-03, 1.938707937570377038e-03, 1.651106763731143706e-03, -2.178916050526866037e-03, 2.076816477363972041e-02, 7.690889301948278245e-02, -3.631002890447565523e-02, 3.051393667752448288e-02, 1.929982349121135352e-02
1403638143695097088, -1.353730583944223742e-02, -6.811619722087212947e-02, 5.785175431351903888e-03, -8.979835500925709146e-02, -8.339219470301185710e-01, -6.057410555992286810e-02, 5.411480568520439238e-01, 4.844932498682960956e-03, 3.891475596325973119e-03, 1.788096366504193400e-03, -2.178988300781140638e-03, 2.076815017579364958e-02, 7.690913139770297335e-02, -3.630858514273610504e-02, 3.051607651495836723e-02, 1.930050100921038361e-02
1403638143745096960, -1.336206972529327755e-02, -6.807790030270464976e-02, 5.881342850405301206e-03, -8.978719837111059920e-02, -8.339177017145301685e-01, -6.051666158012764668e-02, 5.411628770037899550e-01, 4.303717352155141292e-03, 2.326605330495972422e-03, 2.624809021350273629e-03, -2.179270613516690654e-03, 2.076816007359428076e-02, 7.690955976269681083e-02, -3.630625408384773739e-02, 3.052702865632500942e-02, 1.929642784359268323e-02
1403638143795097088, -1.319711054912063933e-02, -6.800829185057472026e-02, 5.988385417012161496e-03, -8.973733927701200985e-02, -8.339327247693401057e-01, -6.042875332233804686e-02, 5.411578201136658661e-01, 4.047358900546796021e-03, 1.489515409161467577e-03, 3.055783857796368509e-03, -2.179556797015226415e-03, 2.076831267830848288e-02, 7.690975012834874724e-02, -3.630388458691417852e-02, 3.053645118991452773e-02, 1.929470926483108778e-02
1403638143845096960, -1.307589851686807164e-02, -6.794070502783779164e-02, 6.118941637245723340e-03, -8.976594024511330705e-02, -8.339344514427262656e-01, -6.038841494051380709e-02, 5.411549186783783938e-01, 3.602287605225903706e-03, 1.482559485565850595e-03, 3.488105796779523895e-03, -2.179773827340361885e-03, 2.076872608888498395e-02, 7.691030125822449770e-02, -3.629462691091531884e-02, 3.055311707812643704e-02, 1.929885657000669080e-02
1403638143895097088, -1.293367814203693136e-02, -6.788008683300617019e-02, 6.268403927724249501e-03, -8.982466289052636055e-02, -8.339420207213282810e-01, -6.035658872790182483e-02, 5.411370604652412375e-01, 4.865775464644800201e-03, 3.417161192036320162e-03, 2.108612961194439306e-03, -2.180045631133907969e-03, 2.076904630429829771e-02, 7.691123971209488930e-02, -3.628574215747973342e-02, 3.056429464434489221e-02, 1.930286452632320321e-02
1403638143945096960, -1.274015395034030530e-02, -6.776274698497682103e-02, 6.414812216067487458e-03, -8.982526353709797962e-02, -8.339246170433418648e-01, -6.043074746965595989e-02, 5.411555043422041633e-01, 3.623711370561378403e-03, 2.956120746475927527e-03, 2.446668935274774227e-03, -2.180045631133907969e-03, 2.076904630429829771e-02, 7.691123971209488930e-02, -3.628574215747973342e-02, 3.056429464434489221e-02, 1.930286452632320321e-02
1403638143995097088, -1.264273279712064060e-02, -6.767375982911899568e-02, 6.557771392526954082e-03, -8.986510327169233703e-02, -8.339419001106548324e-01, -6.033986183378330093e-02, 5.411323974109095714e-01, 3.580494372717798936e-03, 2.622839743342314425e-03, 3.416148840056041150e-03, -2.180397025764796264e-03, 2.076907495615696458e-02, 7.691210356866419462e-02, -3.627976911266492938e-02, 3.057401858598767994e-02, 1.929562482588839320e-02
1403638144045096960, -1.260500932088840301e-02, -6.757162343105303781e-02, 6.661349243662587939e-03, -8.985950507877431270e-02, -8.339690934945832579e-01, -6.025723734817704791e-02, 5.411006244590614855e-01, 3.109629737422995970e-03, 2.570924112534991781e-03, 2.624070099256880974e-03, -2.181256919003982195e-03, 2.076872982177949828e-02, 7.691380998236654887e-02, -3.627452452876945427e-02, 3.059353801962966246e-02, 1.928260112316656019e-02
1403638144095097088, -1.252021024917174957e-02, -6.742859121452282611e-02, 6.774486080697922873e-03, -8.985673171959769612e-02, -8.339791336344817285e-01, -6.023575104724861184e-02, 5.410880027525333258e-01, 2.912945618050136794e-03, 4.844812259600531600e-03, 2.810794126260739850e-03, -2.181375792822972792e-03, 2.076841239512220230e-02, 7.691451869274598674e-02, -3.627418080110847431e-02, 3.060435534464018073e-02, 1.927545470116714954e-02
1403638144145096960, -1.252307302371793128e-02, -6.724335267435281593e-02, 6.911875076471834557e-03, -8.985060103663945752e-02, -8.339739499383883592e-01, -6.029630829059666464e-02, 5.410902655971944197e-01, 2.204163727647273901e-03, 5.611825069801877792e-03, 4.003306483635146566e-03, -2.181470238764585817e-03, 2.076764194749118608e-02, 7.691618709711808832e-02, -3.627543512364361095e-02, 3.062611548056317842e-02, 1.926104174395196211e-02
1403638144195097088, -1.262949782960407635e-02, -6.710312447172959993e-02, 6.999427734018348612e-03, -8.987219154021568179e-02, -8.339696792708483075e-01, -6.026658660614327145e-02, 5.410965734353542222e-01, 1.072555563553843124e-03, 3.784915663534285483e-03, 3.235209837484482112e-03, -2.181668133354840514e-03, 2.076650856540003878e-02, 7.691852382856044501e-02, -3.627106888833259157e-02, 3.066903979422912901e-02, 1.921895433809319917e-02
1403638144245096960, -1.476540353220014319e-02, -6.794061528308617537e-02, 6.113923953389248031e-03, -8.983686687370502633e-02, -8.339166919626775920e-01, -6.050035202991652789e-02, 5.411580135418831983e-01, -4.714708467006386216e-05, -1.234268838180722428e-04, 8.860088733681516487e-04, -2.187092348214710394e-03, 2.075018204713759487e-02, 7.694315222391502618e-02, -3.624054467896732634e-02, 3.111632811718427136e-02, 1.865081811025410055e-02
1403638144295097088, -1.484065290164372775e-02, -6.790147797075941904e-02, 6.085936027221691171e-03, -8.977942581474308847e-02, -8.339204459613555054e-01, -6.046691070641702775e-02, 5.411654989165618490e-01, 1.209729265051719170e-03, -1.233278412002594671e-04, -5.210838963962950666e-04, -2.191073303981930752e-03, 2.074935997353238165e-02, 7.694716197377193811e-02, -3.621008435640232087e-02, 3.113422655619198232e-02, 1.865986643373942003e-02
1403638144345096960, -1.479714791614299314e-02, -6.784531368654551919e-02, 6.062240294165026529e-03, -8.980791328320919531e-02, -8.339277434178398174e-01, -6.037246951001962181e-02, 5.411600709540633769e-01, 1.162113756489172945e-03, 1.377093078194455925e-03, -1.838724929245885069e-04, -2.191759151161507511e-03, 2.074909850478742074e-02, 7.694849320419590299e-02, -3.620504277345400201e-02, 3.113572291092665464e-02, 1.867078973250898416e-02
1403638144395097088, -1.480073455893789539e-02, -6.774960853718184350e-02, 6.043675100087197299e-03, -8.976096408477235444e-02, -8.339155214590548981e-01, -6.039559374015169430e-02, 5.411841134521774288e-01, 1.273017203603409942e-03, 3.143044764140682807e-03, -5.190268081096631849e-04, -2.192918344692710870e-03, 2.074898348850507529e-02, 7.695154587010338831e-02, -3.619911855633002606e-02, 3.113791908021592766e-02, 1.869571851650850963e-02
1403638144445096960, -1.481514359497694208e-02, -6.765136351658601610e-02, 6.016903624696541553e-03, -8.979789316388159248e-02, -8.339292233580756220e-01, -6.033675778643643461e-02, 5.411634360085185724e-01, 8.326427579597582996e-04, 4.093098325504500833e-03, -1.125570285385067790e-03, -2.193737626668450062e-03, 2.074892321008484086e-02, 7.695427784162543750e-02, -3.619287043389561587e-02, 3.115193230058283316e-02, 1.872014671950679790e-02
1403638144495097088, -1.486202428818246199e-02, -6.750924744967984337e-02, 5.992136440284498433e-03, -8.982109907626394107e-02, -8.339263097210198872e-01, -6.039263861550467349e-02, 5.411578414075423060e-01, -4.484566187860962731e-04, 4.686397791807551949e-03, -1.089979027377618002e-03, -2.193617363485653605e-03, 2.074879515480268499e-02, 7.695560353339066240e-02, -3.618622903073354102e-02, 3.116140085137844573e-02, 1.873082517128801111e-02
1403638144545096960, -1.494530579891020436e-02, -6.742786857341993845e-02, 6.001619024095382511e-03, -8.989243069141335252e-02, -8.339281321452295392e-01, -6.036571905117200237e-02, 5.411461921556809385e-01, -7.573915172477733125e-04, 3.745829538041768689e-03, 2.874262481061147230e-04, -2.192855861733231711e-03, 2.074744934865979662e-02, 7.695959628390088014e-02, -3.616828543041685634e-02, 3.118337920296672741e-02, 1.876314551871495831e-02
1403638144595097088, -1.504510741124315959e-02, -6.734659916053108153e-02, 6.058189096450037475e-03, -8.986091107560444102e-02, -8.339455510280238126e-01, -6.035200759799413256e-02, 5.411261126208193328e-01, -1.444483323913110405e-03, 3.063958117497800858e-03, 1.811312604945823287e-03, -2.192945778591220973e-03, 2.074559745903538019e-02, 7.696523123725305948e-02, -3.617614824760325559e-02, 3.121528959010643617e-02, 1.873510046357161618e-02
1403638144645096960, -1.504342285506133844e-02, -6.741862654129308907e-02, 6.199508295141374289e-03, -8.974622344672383845e-02, -8.339267962675497303e-01, -6.036372047814157760e-02, 5.411727405311803629e-01, 4.635102880977662668e-03, 4.631790878914738945e-03, 2.395979113815440049e-03, -2.192548990540727025e-03, 2.074299669084640751e-02, 7.698033846431232008e-02, -3.616671956417732980e-02, 3.117231890605394115e-02, 1.873053191628146902e-02
1403638144695097088, -1.491319654987036461e-02, -6.738322467579181685e-02, 6.298736464646095996e-03, -8.967222123667374645e-02, -8.339065678526329517e-01, -6.036201248695798049e-02, 5.412163673423482368e-01, 4.403008263779776589e-03, 4.551630651391923993e-03, 1.158518727004011770e-03, -2.193049589192090816e-03, 2.074261004744087575e-02, 7.698823010207098139e-02, -3.615456365455409909e-02, 3.114865104890481018e-02, 1.868859648618220390e-02
1403638144745096960, -1.470415012553587947e-02, -6.741508546512782474e-02, 6.257930451407952774e-03, -8.965193401280115160e-02, -8.339264792759706335e-01, -6.044471195221744891e-02, 5.411798173316905158e-01, 4.497726210516889145e-03, 5.684697883132596406e-03, -1.383089533160858397e-04, -2.194512952994013590e-03, 2.074196566700229477e-02, 7.699768440435506012e-02, -3.610647296494217534e-02, 3.108722067618788568e-02, 1.870212420456953892e-02
1403638144795097088, -1.456654131614504820e-02, -6.737415688945490311e-02, 6.193287679220299373e-03, -8.969735942300506581e-02, -8.339160269969897454e-01, -6.032456084746417452e-02, 5.412018024624982715e-01, 5.535604360796254376e-03, 6.284115839557256888e-03, -1.501967656069696502e-03, -2.195127955157652900e-03, 2.074261303301209655e-02, 7.700119505299755918e-02, -3.608588147364193144e-02, 3.105603717541358111e-02, 1.873521879399756701e-02
1403638144845096960, -1.446151901262849801e-02, -6.729432214913991239e-02, 6.130808933929877622e-03, -8.965284675239010292e-02, -8.339166004165762258e-01, -6.034933097645404920e-02, 5.412055329258446124e-01, 4.639434975462132515e-03, 5.025236233497067800e-03, -6.272444317054924265e-04, -2.196449718418160522e-03, 2.074301888651026993e-02, 7.700517300343330540e-02, -3.608930589682186885e-02, 3.104250461425253280e-02, 1.876779335596545292e-02
1403638144895097088, -1.448445503014449479e-02, -6.749750541452421981e-02, 6.075707267410379933e-03, -8.968129805269586807e-02, -8.339381250520702116e-01, -6.037553408107959596e-02, 5.411647283855866020e-01, 5.963329237856830438e-03, 4.054253029803405253e-03, -5.489322994540856825e-04, -2.199234556586262754e-03, 2.074242847383940547e-02, 7.701436199647271330e-02, -3.612597497285951337e-02, 3.103690200355307960e-02, 1.880989806484298366e-02
1403638144945096960, -1.451866433891394609e-02, -6.754818118670140314e-02, 6.027923495751469525e-03, -8.961869593370795639e-02, -8.339714503211292929e-01, -6.043338983660859892e-02, 5.411172837576623262e-01, 4.495229831044961905e-03, 2.755738604337854697e-03, -8.284657037168025127e-04, -2.201946611555583282e-03, 2.074072796577608110e-02, 7.701800559410042213e-02, -3.618757136550846548e-02, 3.106934483320120469e-02, 1.875336244049910853e-02
1403638144995097088, -1.435496129083511409e-02, -6.745662342589775484e-02, 6.029889896634590442e-03, -8.965898623350838925e-02, -8.338945493322336144e-01, -6.040838812083793724e-02, 5.412319035554101765e-01, 4.319225253698915495e-03, 3.516453897173798908e-03, -5.259863572005031053e-04, -2.202107009034367895e-03, 2.074062948296987591e-02, 7.701904623520798576e-02, -3.619709993268806214e-02, 3.107081303875251083e-02, 1.874333083783316992e-02
1403638145045096960, -1.418000730442117545e-02, -6.736079406805489667e-02, 6.022899237932948478e-03, -8.964818117397178876e-02, -8.339517787679446847e-01, -6.036466317450235597e-02, 5.411503873617838911e-01, 4.764020497506792594e-03, 4.213082929802928166e-03, 6.461929084248571164e-04, -2.202110709959829386e-03, 2.074049910653224388e-02, 7.702006285416863884e-02, -3.620468052084863803e-02, 3.107935662117749381e-02, 1.873034975569739385e-02
1403638145095097088, -1.403686517276510337e-02, -6.726726860271005359e-02, 6.074417798479152079e-03, -8.971543981727818362e-02, -8.339110672038162475e-01, -6.031754173259072649e-02, 5.412072301925778817e-01, 6.431857529083330124e-03, 6.618194018304391843e-03, 1.317112519946943630e-03, -2.201767581662475003e-03, 2.074028722271437086e-02, 7.702101922525440847e-02, -3.621097249523834438e-02, 3.111912628691550914e-02, 1.869321990616096968e-02
1403638145145096960, -1.386627666839253606e-02, -6.713647158552304983e-02, 6.185146972953346235e-03, -8.970163143217670110e-02, -8.339613439325542776e-01, -6.039936554232014365e-02, 5.411229165233155669e-01, 3.894655118902618125e-03, 4.657109315795939300e-03, 2.071273311867668620e-03, -2.200913693699462111e-03, 2.073973983385747274e-02, 7.702125158174444319e-02, -3.621202386437970266e-02, 3.114871531809320152e-02, 1.867935303957898169e-02
1403638145195097088, -1.387404347072438218e-02, -6.710958266877221912e-02, 6.329724516385017326e-03, -8.975248678091513055e-02, -8.339226477321676212e-01, -6.033459103462247841e-02, 5.411813428423949413e-01, 5.108209341769847506e-03, 4.566989103395454122e-03, 4.048791511075601479e-03, -2.199368797205009628e-03, 2.073987993044801650e-02, 7.702309150456261577e-02, -3.621046982607623727e-02, 3.122694917505746542e-02, 1.862271393122683430e-02
1403638145245096960, -1.368447022325148220e-02, -6.696113995994379398e-02, 6.496270041095050275e-03, -8.970480769061267567e-02, -8.339633018958767519e-01, -6.035016417915570197e-02, 5.411248619788837644e-01, 5.566493725465746986e-03, 4.170759579091402880e-03, 3.273809560820477652e-03, -2.199213247857121755e-03, 2.073982296963686883e-02, 7.702363542388154793e-02, -3.620517060289431266e-02, 3.124237416417397634e-02, 1.861851067643524593e-02
1403638145295097088, -1.360541136944809666e-02, -6.689533956767053369e-02, 6.605816312138203771e-03, -8.976419970260426928e-02, -8.339544903746267668e-01, -6.028837703813806626e-02, 5.411354802910773865e-01, 5.976288030306092444e-03, 4.709468122540398476e-03, 3.684348081817351121e-03, -2.198970001782361329e-03, 2.073944043299494333e-02, 7.702595445251114725e-02, -3.619037187187565396e-02, 3.127164237350981563e-02, 1.857677746548899028e-02
1403638145345096960, -1.372504364297612474e-02, -6.698463783548512518e-02, 6.635777245754838176e-03, -8.974795473123350908e-02, -8.339341261273597317e-01, -6.035102972425714085e-02, 5.411625736439830137e-01, 6.782215117807770775e-03, 5.443991161972609391e-03, 3.934646253503270436e-03, -2.197065675311928989e-03, 2.073717959487926185e-02, 7.703164089111518009e-02, -3.619450995766997081e-02, 3.130755699947174175e-02, 1.849606212880096703e-02
1403638145395097088, -1.344296553586954261e-02, -6.681604378762545648e-02, 6.813014941706240814e-03, -8.981364708842606848e-02, -8.339413699478711584e-01, -6.038795405016894602e-02, 5.411363925035705957e-01, 1.094468822841789153e-02, 7.786287678537698494e-03, 4.692479319134362434e-03, -2.196196689339088067e-03, 2.073707196090918831e-02, 7.703312386571820047e-02, -3.619696682691543599e-02, 3.131003109943083368e-02, 1.847223075865055478e-02
1403638145445096960, -1.323110936222003306e-02, -6.668151100998549741e-02, 7.003398065332804359e-03, -8.983534409334745230e-02, -8.339302933084049574e-01, -6.045092574389733520e-02, 5.411428299727286673e-01, 8.381553277852282768e-03, 4.391060935115246970e-03, 6.511884325687181986e-03, -2.194846116196079097e-03, 2.073704205079134749e-02, 7.703598338034392534e-02, -3.619672705190279949e-02, 3.130808141315243043e-02, 1.841584403977400072e-02
1403638145495097088, -1.334487804699710511e-02, -6.679246092341419028e-02, 7.046938718176152215e-03, -8.980779806547024846e-02, -8.339412128768186605e-01, -6.037845233237572329e-02, 5.411386655619051522e-01, 6.662481899774327573e-03, 1.765123531735353401e-03, 4.911336848037821043e-03, -2.195369634044115354e-03, 2.073876662219234848e-02, 7.704402629832039773e-02, -3.614605903781369783e-02, 3.135867891753641584e-02, 1.831623282945533254e-02
1403638145545096960, -1.414646965754094016e-02, -6.722832083639948553e-02, 6.733508583043117286e-03, -8.975004208181293353e-02, -8.338963315391800801e-01, -6.047311227464013950e-02, 5.412068374324455755e-01, 6.027379383256522248e-03, -2.011944737223364489e-04, 1.398164583057538582e-03, -2.203715729047293209e-03, 2.073671502190611513e-02, 7.705811571447629404e-02, -3.601955923674735049e-02, 3.150398225075393133e-02, 1.821457659403113299e-02
1403638145595097088, -1.396529187161951735e-02, -6.713036969543217936e-02, 6.747831029539663392e-03, -8.972021212473249574e-02, -8.339437241818978830e-01, -6.036374361509533326e-02, 5.411509649725210203e-01, 4.168617977749554393e-03, 2.128225705190629497e-03, 4.518875769536293517e-03, -2.205493153157328176e-03, 2.073533885167204438e-02, 7.706028694880340257e-02, -3.601391817498698217e-02, 3.154553680485883138e-02, 1.820126591209453998e-02
1403638145645096960, -1.381600880265195994e-02, -6.705202507347809981e-02, 6.806145110470805670e-03, -8.972083918650082535e-02, -8.339564243130733745e-01, -6.031621392297583512e-02, 5.411365887653699636e-01, 5.620958084743691782e-03, 1.343583344298617368e-03, 2.504582537773331497e-03, -2.207240471495742259e-03, 2.073376817274147355e-02, 7.706354970033719998e-02, -3.600738631206347462e-02, 3.158038593956860596e-02, 1.820076502762681125e-02
1403638145695097088, -1.368902041319363348e-02, -6.695373873651892793e-02, 6.825752107328496819e-03, -8.970677885970626542e-02, -8.339197692398475636e-01, -6.031633334220359161e-02, 5.411953919147199921e-01, 5.558436574945707295e-03, 1.555898097979533127e-03, -1.323439029837322973e-03, -2.208062836557565193e-03, 2.073279192996976827e-02, 7.706605806896908717e-02, -3.600328762348304484e-02, 3.162395629077174170e-02, 1.817686469982595851e-02
1403638145745096960, -1.367009964476737643e-02, -6.698830548492759607e-02, 6.749324695518704384e-03, -8.973025413952979978e-02, -8.339511404540075334e-01, -6.026599693059613710e-02, 5.411487655363145244e-01, 4.597039140071445575e-03, 3.870668111677557244e-03, -2.940097871549671540e-04, -2.208153738403816849e-03, 2.073171379705971568e-02, 7.707009610030712832e-02, -3.599172512773303467e-02, 3.170390622582641010e-02, 1.814162117667714874e-02
1403638145795097088, -1.384364850297411381e-02, -6.710706169711769253e-02, 6.686059725996171439e-03, -8.968243301005209001e-02, -8.339721698841433550e-01, -6.037564235520465755e-02, 5.411120612944489983e-01, 4.984417095186667243e-03, 8.344052722641689783e-04, 1.555455303136683582e-03, -2.209017136274120646e-03, 2.073141325930705908e-02, 7.707344030422673409e-02, -3.602418873596564125e-02, 3.186422567953520885e-02, 1.807550272341817629e-02
1403638145845096960, -1.370410669295696847e-02, -6.702719016607243396e-02, 6.685228495570474938e-03, -8.975608953720054517e-02, -8.339315048770282734e-01, -6.027830893223454223e-02, 5.411733687431368178e-01, 5.568836533743118031e-03, 2.390701381467928276e-03, -4.688870233615670467e-04, -2.209272555526023592e-03, 2.073117177343055534e-02, 7.707426710687453886e-02, -3.602153681450515066e-02, 3.188649595552410509e-02, 1.807804049757763543e-02
1403638145895097088, -1.350658737587186707e-02, -6.683841555580713467e-02, 6.601558169277772781e-03, -8.973228506451200182e-02, -8.339397835687671900e-01, -6.031349124511124760e-02, 5.411606389716503429e-01, 6.186702948619875880e-03, 4.783968149101979449e-03, -1.029164363336237996e-03, -2.209778966088593588e-03, 2.073127181270282768e-02, 7.707510101492552612e-02, -3.602277747875280017e-02, 3.190023366954291423e-02, 1.807978902375974653e-02
1403638145945096960, -1.352815599007301667e-02, -6.682082950850154468e-02, 6.459107850378696669e-03, -8.983567127777801475e-02, -8.339478120194840916e-01, -6.029395801979347408e-02, 5.411332900684394653e-01, 8.483596142096684611e-03, 4.712491600138979386e-03, -2.293466024404059583e-03, -2.210451974776665631e-03, 2.073039419826792559e-02, 7.707897704819727247e-02, -3.605051941389393610e-02, 3.196390995833017085e-02, 1.803083090741046043e-02
1403638145995097088, -1.352430327158130920e-02, -6.685398891062072080e-02, 6.327441505071423541e-03, -8.976798336053767868e-02, -8.339169233329809527e-01, -6.027376953664512899e-02, 5.411943706729410719e-01, 8.860852507528223232e-03, 5.099985914882639720e-03, -1.334123488830440095e-03, -2.212116242200701851e-03, 2.072933366630020854e-02, 7.708439442923555041e-02, -3.611031078046889747e-02, 3.200383816988978253e-02, 1.800609875639833102e-02
1403638146045096960, -1.384036190045298022e-02, -6.720963294452375614e-02, 6.193636622727108354e-03, -8.972000545749807265e-02, -8.338937514041174781e-01, -6.022805036406044671e-02, 5.412431190687034821e-01, 8.871176777692455287e-03, 5.172071842712532876e-03, -1.297102061722794908e-03, -2.214688521655534554e-03, 2.072590286309150889e-02, 7.709471514821898686e-02, -3.623522046986076689e-02, 3.199380236838964692e-02, 1.794078289341666244e-02
1403638146095097088, -1.395389094567835511e-02, -6.740936723804631658e-02, 6.095706699604595824e-03, -8.966184854323587528e-02, -8.339183003947968631e-01, -6.027354207023182670e-02, 5.412098680814784180e-01, 1.265692357284955126e-02, 3.744054189219169111e-03, -4.095694495380478809e-04, -2.214091950584500500e-03, 2.072101277307682177e-02, 7.710187787145517113e-02, -3.633953020788070754e-02, 3.206889139829169344e-02, 1.781290234935250724e-02
1403638146145096960, -1.388002648679090636e-02, -6.744910574689162719e-02, 6.018035819473096723e-03, -8.968646368801672097e-02, -8.338772527949630531e-01, -6.027637872451290652e-02, 5.412687166926632987e-01, 9.297748865135301716e-03, 3.751125979564002514e-03, -3.602021990987842957e-03, -2.212687395147276519e-03, 2.071981443222953995e-02, 7.710846939668862532e-02, -3.634338483187673358e-02, 3.209574642051008647e-02, 1.778957546972527448e-02
1403638146195097088, -1.374000573802739572e-02, -6.745195790398979263e-02, 5.901287866400890120e-03, -8.966177687693567544e-02, -8.338541988495113966e-01, -6.028578493532395222e-02, 5.413072740717993492e-01, 8.748208693185065277e-03, 2.740240491050450859e-03, -1.320918982449296097e-03, -2.212334453276503399e-03, 2.072026207682358540e-02, 7.711056041554714691e-02, -3.635359219587325219e-02, 3.212157063171093563e-02, 1.778627027136932270e-02
1403638146245096960, -1.369488332951446403e-02, -6.744115566963533592e-02, 5.711245025381958031e-03, -8.963121518653432984e-02, -8.338906408251959279e-01, -6.034604545927788749e-02, 5.412494796355522553e-01, 7.686079656599767787e-03, 4.829525589346253533e-03, -4.641439985300770468e-03, -2.210393492226148029e-03, 2.072116669801808003e-02, 7.711444432262462567e-02, -3.639851945699554975e-02, 3.214751025788892963e-02, 1.780828842434033915e-02
1403638146295097088, -1.489523022201758376e-02, -6.790116081444309837e-02, 5.942434559848963974e-03, -8.963205994628753448e-02, -8.338969716333783921e-01, -6.047874251491524439e-02, 5.412247742244253867e-01, 2.442026015132330637e-03, 2.968678641410508242e-03, -1.858560919772613744e-03, -2.207047002448263989e-03, 2.071998852763411517e-02, 7.713119871029371077e-02, -3.664779527834013256e-02, 3.198875039709301454e-02, 1.788160307401372509e-02
1403638146345096960, -1.486468276553930441e-02, -6.783338992288220903e-02, 5.970547117766564389e-03, -8.966144485151551768e-02, -8.339020976427934384e-01, -6.043179367949893382e-02, 5.412172532050009144e-01, 2.703715707090140544e-03, 4.869147464897028094e-04, 1.032541933904564026e-03, -2.204390674219776879e-03, 2.071538712014205086e-02, 7.712856424205159767e-02, -3.661065287039553390e-02, 3.212371003582010359e-02, 1.817444111056358211e-02
1403638146395097088, -1.479554526776218418e-02, -6.783867015366078224e-02, 5.944334409478245485e-03, -8.959174817310221195e-02, -8.338969948494285855e-01, -6.046158522569179683e-02, 5.412333298609538490e-01, 5.663444789740680954e-03, -2.466436645491052013e-04, 5.597692717531019008e-04, -2.205805940436909689e-03, 2.071549661281008037e-02, 7.713026424652834334e-02, -3.664705656654720922e-02, 3.200785852308895424e-02, 1.814669818387271150e-02
1403638146445096960, -1.477290105945798342e-02, -6.790731744281075510e-02, 5.941175686398969709e-03, -8.965522132766728935e-02, -8.338444421557202890e-01, -6.043291758603542424e-02, 5.413069831867516335e-01, 3.721755095394491120e-03, 5.668832386048668895e-04, 9.283833809791360069e-04, -2.206779715207990780e-03, 2.071800586705332611e-02, 7.713307165367977447e-02, -3.669738186028743965e-02, 3.200308917647651935e-02, 1.807740197824087014e-02
1403638146495097088, -1.467803985763371614e-02, -6.787684507020549929e-02, 5.961184234141298811e-03, -8.965903037436651069e-02, -8.339426837058938613e-01, -6.044510186057772821e-02, 5.411536271954613397e-01, 4.250027787427518126e-03, 1.816863619398801505e-03, -3.015981166526681377e-03, -2.205918763807608596e-03, 2.071773646518723644e-02, 7.713408954897818526e-02, -3.669866622693236657e-02, 3.198836053967978044e-02, 1.804404671274457278e-02
1403638146545096960, -1.476243486184022902e-02, -6.789683303920601709e-02, 5.903937580588048718e-03, -8.966088458297818975e-02, -8.339009358753826096e-01, -6.045976860863757490e-02, 5.412160116827191558e-01, 2.218220033598865791e-03, 1.498029200246716458e-03, -1.366549286782962067e-03, -2.207561364798891427e-03, 2.071626214934505286e-02, 7.713787381949585575e-02, -3.674856022729177524e-02, 3.201444899579271308e-02, 1.798165047989421644e-02
1403638146595097088, -1.481060280522318064e-02, -6.792683105422622769e-02, 5.836208953321102462e-03, -8.964651208647614333e-02, -8.338927160432416663e-01, -6.052603708924333276e-02, 5.412236504764239564e-01, 9.364565404570271423e-03, -2.516065801008073185e-05, -2.908369476530907674e-03, -2.206682413131595515e-03, 2.071564109365042761e-02, 7.714128349585608335e-02, -3.679241810094734111e-02, 3.204841706006406749e-02, 1.794560355609859867e-02
1403638146645096960, -1.458971170646845492e-02, -6.799860741362903638e-02, 5.704684141376380885e-03, -8.965655787230417118e-02, -8.339214010904711927e-01, -6.055855816177896367e-02, 5.411741489272766659e-01, 6.686135747344626457e-03, -2.594355848200370954e-04, -2.495338746877994937e-03, -2.206940029216012105e-03, 2.071267615710826668e-02, 7.714457967779971004e-02, -3.693873548910673460e-02, 3.199075491074755001e-02, 1.786546423045085041e-02
1403638146695097088, -1.446544929570262907e-02, -6.795404284899321523e-02, 5.733935395886374797e-03, -8.963972318330541700e-02, -8.338842412718326935e-01, -6.055518067649163366e-02, 5.412345723245677309e-01, 8.490299565676928673e-03, 1.374809831443422198e-03, 2.085240680785377648e-03, -2.208632100693194537e-03, 2.071306245850845426e-02, 7.714599309762092127e-02, -3.700324126923452278e-02, 3.197656616278281294e-02, 1.781013090648541838e-02
1403638146745096960, -1.438153641504725383e-02, -6.793012124508224225e-02, 5.605372105727838769e-03, -8.956936576766615088e-02, -8.338723198971391692e-01, -6.058747469747972902e-02, 5.412609728542447929e-01, 7.204862694972203295e-03, -6.871513017695739505e-04, -6.248944405951625813e-03, -2.205708824103085487e-03, 2.071080509174266782e-02, 7.715080813261722403e-02, -3.710204127852728684e-02, 3.194454676483973743e-02, 1.776501296314918904e-02
1403638146795097088, -1.406352101287035999e-02, -6.799496853884708092e-02, 5.295543326631617365e-03, -8.957781808324259687e-02, -8.337791124073541393e-01, -6.054793629332924643e-02, 5.414075670243899685e-01, 8.573694255600936009e-03, -9.399188645740582694e-04, -2.775533265681542905e-03, -2.203689092454432560e-03, 2.071277073741128322e-02, 7.715283202063666357e-02, -3.709890353686819825e-02, 3.188983313497198435e-02, 1.782217202193901034e-02
1403638146845096960, -1.362169227922703681e-02, -6.808800307210809144e-02, 4.953830003369885313e-03, -8.948729689342227456e-02, -8.338729668484287094e-01, -6.064944147218925830e-02, 5.412666109259091085e-01, 1.654733512250648741e-02, -1.455965461620814310e-03, -8.791480714750821851e-03, -2.202163172261191459e-03, 2.071375408511228963e-02, 7.715210906522951273e-02, -3.713894461224919591e-02, 3.180405630538577638e-02, 1.788927680688767383e-02
1403638146895097088, -1.474947252153227008e-02, -6.815882092847912188e-02, 6.042098525323422002e-03, -8.936350741443938039e-02, -8.338931751969621553e-01, -6.078044539377826239e-02, 5.412412339800544148e-01, 9.567368213290142198e-03, -2.147914402965386219e-03, 7.310828286022763968e-04, -2.192057290335082658e-03, 2.072878586663636294e-02, 7.716979045753399880e-02, -3.762518489846950615e-02, 3.145951616012974267e-02, 1.806812335453531621e-02
1403638146945096960, -1.455767996132949910e-02, -6.817111590349023142e-02, 6.152211674560452946e-03, -8.938313224814993518e-02, -8.339781167212698687e-01, -6.073174947421945691e-02, 5.411125678686039553e-01, 4.436189785687764953e-03, 3.493103639341269169e-03, 4.596744723406375431e-03, -2.190164792870200137e-03, 2.073108497958544433e-02, 7.717008660558445643e-02, -3.754684342232252753e-02, 3.140833379956557703e-02, 1.815179921161931900e-02
1403638146995097088, -1.440717611572584975e-02, -6.808272644371099469e-02, 6.342449446859216300e-03, -8.943706020944412749e-02, -8.340462384309383914e-01, -6.078645530360381188e-02, 5.409925057446890451e-01, 7.151143629274488850e-03, 1.282698172471944580e-03, 3.991811898084575080e-03, -2.191255763321029674e-03, 2.073096049610700237e-02, 7.716986279139410876e-02, -3.752917224429692944e-02, 3.142422273816816020e-02, 1.809443528537883761e-02
1403638147045096960, -1.439218263814872299e-02, -6.808334323222428597e-02, 6.555035569698757641e-03, -8.934113765931404882e-02, -8.340744748784617579e-01, -6.078230807416974690e-02, 5.409652877062766096e-01, 4.229112364811599481e-03, 3.055844230147015212e-04, 2.905112990476497320e-03, -2.193551595788240972e-03, 2.073077539391588939e-02, 7.717062024825607769e-02, -3.744677036148782306e-02, 3.149983110463495245e-02, 1.796977030203282533e-02
1403638147095097088, -1.442061236776992841e-02, -6.807030501318585280e-02, 6.798709720202983191e-03, -8.932018921984691273e-02, -8.341511664977525609e-01, -6.058356475986598211e-02, 5.408727825553405477e-01, 9.905325844959023303e-04, 2.148991278699174576e-04, 8.272588530114021246e-03, -2.197009663131271884e-03, 2.072967635321556340e-02, 7.716992181371133686e-02, -3.739498250130291607e-02, 3.157926713252044021e-02, 1.782494139508934705e-02
1403638147145096960, -1.463515091835880348e-02, -6.791698766986642433e-02, 6.781297938757555564e-03, -8.929281963940952083e-02, -8.342464049119804326e-01, -6.039998703262640378e-02, 5.407509314081100360e-01, 3.888047992560621311e-04, 5.118662475810190245e-03, 1.181425423232216471e-03, -2.205587311385911152e-03, 2.072682641877730478e-02, 7.716969802897395703e-02, -3.732018278744743400e-02, 3.171028812690280391e-02, 1.763299555637062171e-02
1403638147195097088, -1.470364401850480542e-02, -6.767761592106726065e-02, 6.738612013529825424e-03, -8.915120641258897360e-02, -8.342491237867645237e-01, -6.048400971273242693e-02, 5.407607108742884527e-01, 6.661365476398730182e-03, 4.349862922119705592e-03, 3.213202193563881141e-03, -2.212346707631205386e-03, 2.072254695002277020e-02, 7.717030596054648417e-02, -3.728385216955696496e-02, 3.183956878390240691e-02, 1.742195847385073423e-02
1403638147245096960, -1.443415381626518904e-02, -6.762571971001764271e-02, 6.843562351333483222e-03, -8.923959317599992891e-02, -8.342031421680659031e-01, -6.026651517096444366e-02, 5.408413443477262383e-01, 9.574496576494425162e-03, -4.103903307869241710e-04, 6.469197481905016207e-03, -2.213863930652872417e-03, 2.072155896359315422e-02, 7.716909053093941318e-02, -3.728567447726470474e-02, 3.190492443647431620e-02, 1.729380248127353886e-02
1403638147295097088, -1.379747141782884830e-02, -6.757030524511811742e-02, 6.967438592672966537e-03, -8.925606135888049242e-02, -8.341714446545985817e-01, -6.029547546097776406e-02, 5.408842871377338435e-01, 1.681689893434872712e-02, 2.535885856920865739e-03, 2.304866298859432026e-03, -2.214319279515510747e-03, 2.072226283833230112e-02, 7.716887951018155944e-02, -3.728604415463120103e-02, 3.193182633678026683e-02, 1.724594422606197386e-02
1403638147345096960, -1.349453226710344358e-02, -6.751167021477354202e-02, 7.037110576637016848e-03, -8.917593235590350054e-02, -8.340646184849058731e-01, -6.040517378938813076e-02, 5.410499794469617596e-01, 1.369881540189336888e-02, 2.035996586880083579e-03, 8.009061541615325984e-05, -2.216325035108019249e-03, 2.072534079510825883e-02, 7.717046796921166185e-02, -3.724665305187260106e-02, 3.199828764356298094e-02, 1.716541150287233600e-02
1403638147395097088, -1.347547904256931640e-02, -6.759662321237397409e-02, 6.860446884903208947e-03, -8.912520116428744588e-02, -8.340287402058433885e-01, -6.030928516080476948e-02, 5.411243379773930107e-01, 1.340171547010746318e-02, 1.390227646303456889e-03, 3.191246676658429388e-03, -2.218268128235761655e-03, 2.072863521363406750e-02, 7.717378101748038899e-02, -3.716941956863306640e-02, 3.213559406767226706e-02, 1.715061311486031775e-02
1403638147445096960, -1.359311387469832287e-02, -6.771137081190503615e-02, 6.879614984144772662e-03, -8.912673589705938371e-02, -8.340173601927102220e-01, -6.034222694919858659e-02, 5.411379523673519598e-01, 8.466012377260101820e-03, -4.783441303523765405e-03, 7.610300222177734941e-03, -2.217840215141619366e-03, 2.073443257248257926e-02, 7.717606558427525520e-02, -3.709720279899023782e-02, 3.216315114688097360e-02, 1.728237717248636007e-02
1403638147495097088, -1.331241966492220132e-02, -6.794586931641316552e-02, 7.378217426615234741e-03, -8.885965119795419254e-02, -8.336122805384459378e-01, -6.028333468742770596e-02, 5.418121885703872653e-01, 1.249252106605619819e-02, -6.540306728698672438e-04, 1.144298540318474007e-02, -2.216745249207152310e-03, 2.073497996435692478e-02, 7.717628779127870542e-02, -3.707555899838236441e-02, 3.216161703512294967e-02, 1.730931400825736974e-02
1403638147545096960, -1.329182429561405129e-02, -6.815805836666970208e-02, 7.747765861825567715e-03, -8.916556827080238112e-02, -8.335494655844625234e-01, -6.022075295328743749e-02, 5.418655283117214116e-01, 2.177876987711886703e-03, -8.528625131958860253e-03, 9.699666145448771967e-03, -2.215651866157532755e-03, 2.073526362743551704e-02, 7.717710951790987539e-02, -3.704461758749670597e-02, 3.220184278972235831e-02, 1.732969386780377694e-02
1403638147595097088, -1.377900435904830072e-02, -6.831805729976347941e-02, 8.023399934015140039e-03, -8.897256815296529509e-02, -8.332364378423396944e-01, -5.984712726146438483e-02, 5.424198024838556842e-01, -8.209891095544315492e-04, -8.830300541434121190e-04, 9.145967273975144293e-03, -2.212534983523384204e-03, 2.073616669408221910e-02, 7.717826356663008702e-02, -3.690433243523062734e-02, 3.224784525535374924e-02, 1.737461923137595052e-02
1403638147645096960, -1.436237593057490373e-02, -6.828682881041957253e-02, 8.067265630054196862e-03, -8.839747542341266917e-02, -8.335620144190170056e-01, -6.001588059719017987e-02, 5.419947864441333474e-01, -6.940612485970830067e-03, -4.611479062840985813e-03, 3.104301560634175217e-03, -2.212691784814468758e-03, 2.073386736867606842e-02, 7.717893527655293739e-02, -3.683647031084895385e-02, 3.226454343716991108e-02, 1.738544998251621496e-02
1403638147695097088, -1.488260118760651243e-02, -6.845464577558789399e-02, 8.167996776849073201e-03, -8.814286815922216245e-02, -8.334578746868440691e-01, -5.945949632637925752e-02, 5.422576640415220917e-01, -1.025355904318335856e-02, -4.855214494109317755e-03, 1.091977639980795667e-02, -2.213175868567784053e-03, 2.072878789267917216e-02, 7.717753066049148902e-02, -3.673516339822156807e-02, 3.233372448462600024e-02, 1.737728421389478015e-02
1403638147745096960, -1.564613422958829533e-02, -6.833284416246122872e-02, 8.257804066801936044e-03, -8.804703189013848852e-02, -8.329669594136791533e-01, -5.928066884091102995e-02, 5.430465606209483598e-01, -1.137680847649118199e-02, -3.240899691337767625e-03, 4.416594750160237129e-03, -2.209989611249449371e-03, 2.072519139067920124e-02, 7.717467212525551401e-02, -3.665490827111056449e-02, 3.243496725009009651e-02, 1.732421783054986439e-02
1403638147795097088, -1.662425267606003690e-02, -6.822340716286280637e-02, 8.746166573001895594e-03, -8.858816083779619266e-02, -8.311715491151955293e-01, -6.018324243250539052e-02, 5.456042256353347275e-01, -2.957231688409629744e-02, 6.293745791809306385e-03, 1.736044455269401474e-02, -2.209271474284299833e-03, 2.072505354726585439e-02, 7.717427934659698563e-02, -3.666061898384413709e-02, 3.245779940711249895e-02, 1.728859282709007197e-02
1403638147845096960, -1.849890179018561995e-02, -6.758795397243270997e-02, 9.981512268310966871e-03, -9.021774344657777778e-02, -8.284230709621436262e-01, -6.169273618356749256e-02, 5.493359450893809948e-01, -4.660401625221503169e-02, 1.333381207064096227e-02, 3.418435030610411651e-02, -2.208379515092555746e-03, 2.072533861681741599e-02, 7.717397118452655469e-02, -3.667442167547005361e-02, 3.246807688729792807e-02, 1.729168681648396433e-02
1403638147895097088, -2.138364161827303531e-02, -6.668029778139523966e-02, 1.284420720456265312e-02, -9.127525287121361630e-02, -8.239908447085323440e-01, -6.319516389845850068e-02, 5.556206325449609684e-01, -6.298565067705644283e-02, 1.355806147933630128e-02, 7.811921652115735859e-02, -2.201951658753276923e-03, 2.073184011508328803e-02, 7.717619290641473950e-02, -3.667947841423030431e-02, 3.243604247748703429e-02, 1.744535562032462420e-02
1403638147945096960, -2.490515458387601577e-02, -6.581345973277323569e-02, 1.735329727478359188e-02, -9.214624207857810556e-02, -8.203087740075680756e-01, -6.445361992591557010e-02, 5.607569136760085504e-01, -8.051733026248016067e-02, 1.419670432573529907e-02, 1.137923467843489495e-01, -2.194417906073785167e-03, 2.074447855660773582e-02, 7.718171295838709145e-02, -3.655244764204045038e-02, 3.233262842943274845e-02, 1.757739195230709553e-02
1403638147995097088, -2.954448521909612546e-02, -6.455771097075493903e-02, 2.292418837351944266e-02, -9.298726336398142889e-02, -8.175495614712164905e-01, -6.432657511334029243e-02, 5.646487183413128053e-01, -7.978621115865383584e-02, 1.317435229028634733e-02, 1.352045117043712275e-01, -2.189179842212020041e-03, 2.078645050522406196e-02, 7.719773146420462473e-02, -3.612648222739886505e-02, 3.200910132210076087e-02, 1.786120243274243180e-02
1403638148045096960, -3.358998610924825851e-02, -6.336114905382778106e-02, 3.073096213838926935e-02, -9.240687164001633314e-02, -8.147140742096942168e-01, -6.542599409083127426e-02, 5.687014916945207776e-01, -8.709705849877848183e-02, 2.082188098763190082e-02, 1.730287024362096859e-01, -2.187233123759488133e-03, 2.077503259813770140e-02, 7.720317608351713601e-02, -3.654644492448552717e-02, 4.044024171441484850e-02, 1.620188553721418900e-02
1403638148095097088, -3.808462869130380818e-02, -6.235280633178171689e-02, 4.039506862222080191e-02, -9.242522233185050673e-02, -8.123923814020286294e-01, -6.489382852487222964e-02, 5.720707892702034947e-01, -9.140418352037622818e-02, 2.122951111130304616e-02, 2.158790715191260812e-01, -2.184505586861713953e-03, 2.077102009803792962e-02, 7.720244388573260785e-02, -3.656514515229847967e-02, 4.264400053263027457e-02, 1.601925136949400308e-02
1403638148145096960, -4.335688765702597203e-02, -6.121340952021709497e-02, 5.241130306148590601e-02, -9.060201998493035147e-02, -8.108793059582547480e-01, -6.590147219197281525e-02, 5.743892592190771307e-01, -9.501808140179297812e-02, 2.404949946265345570e-02, 2.616950878427067861e-01, -2.178555715034285675e-03, 2.077291703012905041e-02, 7.720319165607565648e-02, -3.662902437031826525e-02, 4.292969073706686539e-02, 1.592476361488886355e-02
1403638148195097088, -4.879341474819150204e-02, -6.005482297239484596e-02, 6.720067694990174145e-02, -8.921603312971883304e-02, -8.097170563189871606e-01, -6.558803717675813771e-02, 5.762785763135840345e-01, -8.669955739749017620e-02, 2.050737707998544559e-02, 3.278599334710306512e-01, -2.181618710149207420e-03, 2.077246555277602671e-02, 7.721400819425250361e-02, -3.683693278968677015e-02, 4.601275480248436661e-02, 1.518847862370257575e-02
1403638148245096960, -5.370600467191849470e-02, -5.882963880415731373e-02, 8.623158269380434837e-02, -8.841684426376822392e-02, -8.095301198029548617e-01, -6.401356105874922431e-02, 5.768411486560471868e-01, -8.601214848063261365e-02, 1.845653870437446997e-02, 4.349574210811527064e-01, -2.187822555497515465e-03, 2.078372807194952751e-02, 7.721389614981229166e-02, -3.630355999061139066e-02, 5.554876858247572574e-02, 1.587992993295630692e-02
1403638148295097088, -5.682237873528333399e-02, -5.823076255719714101e-02, 1.090878728240909229e-01, -8.672107097217184035e-02, -8.096601538216275928e-01, -6.358330088276109571e-02, 5.769636513783430454e-01, -7.388285470432572055e-02, 1.358259214037274912e-02, 4.895882753017535838e-01, -2.173268875132971199e-03, 2.078350163412963705e-02, 7.721866521231593450e-02, -3.630835717842465643e-02, 5.578662157233167662e-02, 1.587794120206267173e-02
1403638148345096960, -6.248561029112579407e-02, -5.701503143531776868e-02, 1.349983073386565868e-01, -8.535157860192038592e-02, -8.090845420335243121e-01, -6.259936270347696285e-02, 5.780818555029044736e-01, -6.989169789920092468e-02, 1.037587396610248520e-02, 5.099458005932758775e-01, -2.174481357763765037e-03, 2.079303048855920405e-02, 7.721413471870462730e-02, -3.639956661204864913e-02, 5.554334146555155172e-02, 1.572300621092844256e-02
1403638148395097088, -7.177578898087472181e-02, -5.473139904455759375e-02, 1.606525349744679088e-01, -8.396387572901134466e-02, -8.098524586134985270e-01, -6.172060118174961529e-02, 5.773037590731576740e-01, -7.636610207813138151e-02, 1.108510164937349246e-02, 4.619640129181185606e-01, -2.063056843617479003e-03, 2.084119088199077804e-02, 7.715337006025545230e-02, -3.615237997530207359e-02, 5.830144568205076344e-02, 1.647225891545712334e-02
1403638148445096960, -7.675261396766833166e-02, -5.355233565681142421e-02, 1.810302563792038633e-01, -8.265557258102775029e-02, -8.109038136144733899e-01, -6.115594135562024691e-02, 5.760755264925891961e-01, -7.006538891019213622e-02, 9.862218684801749014e-03, 3.449406535421937758e-01, -2.075795478290597303e-03, 2.084517911192806244e-02, 7.714942714557994352e-02, -3.499500147896594804e-02, 6.088569103944847100e-02, 1.913204042423302317e-02
1403638148495097088, -8.203288844127300250e-02, -5.207598223215201966e-02, 1.952676876529115535e-01, -8.112171856334757236e-02, -8.139619501137143054e-01, -6.116628043222196998e-02, 5.719649435782714342e-01, -7.532900963435266994e-02, 6.917701410745196594e-03, 2.166675326421519943e-01, -2.091820633335023192e-03, 2.085660576477147560e-02, 7.714426069318119916e-02, -3.566488081319386938e-02, 5.912378590002004969e-02, 1.768019245754369473e-02
1403638148545096960, -8.184565631510871964e-02, -5.245773054548173026e-02, 2.041679923887798342e-01, -7.971621952241089715e-02, -8.159044038747185201e-01, -6.157879644968464183e-02, 5.693446934069934517e-01, -6.805057182270980720e-02, 7.228223417170757774e-03, 9.300930966404623301e-02, -2.094381330720238282e-03, 2.083736260243874636e-02, 7.714705819852459012e-02, -3.464819876095003720e-02, 6.004116641402069965e-02, 2.037748918238974430e-02
1403638148595097088, -8.645679095643984957e-02, -5.182867249402888649e-02, 2.066607864350958057e-01, -7.883618983074210107e-02, -8.181257551371705627e-01, -6.088152378287274569e-02, 5.663466641696419668e-01, -7.238589749045955257e-02, -1.462700127962499475e-03, -1.994156922627893930e-02, -2.099232824617786736e-03, 2.084176352976180313e-02, 7.714454856370214775e-02, -3.444774069148974494e-02, 6.014159012483697581e-02, 2.111074127971023645e-02
1403638148645096960, -9.275999453171886178e-02, -5.148998993002092822e-02, 2.082028653584275801e-01, -7.759331677777339675e-02, -8.202207661949945106e-01, -6.064046211831942285e-02, 5.635067934355336705e-01, -8.949657837729768639e-02, -7.245581306330281144e-05, -8.087507510502504882e-02, -2.092134432509438688e-03, 2.084046943544653335e-02, 7.714522775663561205e-02, -3.519696237006774558e-02, 6.009213700893504401e-02, 2.047321690614582398e-02
1403638148695097088, -9.884925137943820217e-02, -5.128224472696824021e-02, 2.039907736060407595e-01, -7.686889003702503109e-02, -8.218781692868498689e-01, -5.991875674921970374e-02, 5.612639229309148714e-01, -1.099366185992602246e-01, -9.318621681175989768e-03, -1.047119173676587661e-01, -2.094686957760434447e-03, 2.084444233008377750e-02, 7.714272949636760690e-02, -3.547168925175607501e-02, 5.961934249996708735e-02, 1.998740296104234773e-02
1403638148745096960, -1.084916844206039316e-01, -4.922351194672707625e-02, 1.993354777751344120e-01, -7.632673519321757361e-02, -8.232510127210108664e-01, -5.854221943322798077e-02, 5.594683262637898391e-01, -1.227200918832569293e-01, -3.279160169969118788e-03, -9.071874920953647281e-02, -2.101724675613830199e-03, 2.085244609265015509e-02, 7.712597656858655171e-02, -3.647814820769523791e-02, 5.678427120361750208e-02, 1.775860168425728858e-02
1403638148795097088, -1.151450131539583921e-01, -5.011405643743174071e-02, 1.966247662734453006e-01, -7.581290665689015273e-02, -8.244155993911851388e-01, -5.779104478915578907e-02, 5.578992003999329041e-01, -1.364661105243530070e-01, -1.561907120048291325e-02, -3.340644870009749912e-02, -2.089700078575765143e-03, 2.085404336987547666e-02, 7.712964123695044416e-02, -3.654409939322470630e-02, 5.748617391030522855e-02, 1.766769215386423258e-02
1403638148845096960, -1.202342718025084661e-01, -5.162868860852771330e-02, 1.960442145142148318e-01, -7.518515379678475385e-02, -8.249150887963571099e-01, -5.656968281950557759e-02, 5.573707562389264014e-01, -1.532174303458274378e-01, -1.782668255671077812e-02, 9.297160181167933579e-03, -2.095015338416076397e-03, 2.084661298795548873e-02, 7.713435987013853024e-02, -3.614566512722186542e-02, 5.761996639477462434e-02, 1.866687299936777358e-02
1403638148895097088, -1.267939706890887086e-01, -5.293082997775872683e-02, 2.019949659890667160e-01, -7.433769411663906923e-02, -8.252421034256471888e-01, -5.627369349799192511e-02, 5.570302050940582062e-01, -1.643335922037543195e-01, -2.222997581109144652e-02, 6.264638973033181957e-02, -2.081557120177118629e-03, 2.084086138325770901e-02, 7.713344922838129281e-02, -3.596976117409687868e-02, 5.780091783122429105e-02, 1.995573574926729973e-02
1403638148945096960, -1.339074188384855868e-01, -5.268630478687901658e-02, 2.065940008410273310e-01, -7.384632426702411601e-02, -8.245144199219602843e-01, -5.550172242376581744e-02, 5.582492727635194329e-01, -1.723310584546578206e-01, -2.727106059775969565e-02, 1.200021945403215717e-01, -2.098130247578413633e-03, 2.083812251769691370e-02, 7.711953516275500686e-02, -3.577313008843156089e-02, 5.558782590204726370e-02, 2.060209732584511455e-02
1403638148995097088, -1.396832553050043890e-01, -5.307652757736644467e-02, 2.149267041429310243e-01, -7.288328316231605652e-02, -8.234810881636077662e-01, -5.489181491217728914e-02, 5.599587602029362232e-01, -1.830642475301684780e-01, -2.567063268690557981e-02, 2.013306049710439916e-01, -2.113509420947110463e-03, 2.082983933412230204e-02, 7.710885874759662584e-02, -3.523446569406119000e-02, 5.405077988579456288e-02, 2.213014620689337728e-02
1403638149045096960, -1.476229967485783168e-01, -5.487772224028587137e-02, 2.230077205769471216e-01, -7.199786030753768662e-02, -8.214878452113014706e-01, -5.463945875012299336e-02, 5.630173690293425182e-01, -1.789076039092754311e-01, -3.108593971464674796e-02, 2.544603434321998647e-01, -2.115218312992845490e-03, 2.082269450797290603e-02, 7.711319210182823736e-02, -3.498056033828841199e-02, 5.427747865818984691e-02, 2.214963285413430738e-02
1403638149095097088, -1.600980858049309563e-01, -5.750242958931383458e-02, 2.364562612384109308e-01, -7.109925799847553740e-02, -8.197727038000900412e-01, -5.487451618302296302e-02, 5.656026848327678769e-01, -2.134962453501116353e-01, -3.687598846731630908e-02, 3.136934134222981729e-01, -2.092587734960050638e-03, 2.081585400937963418e-02, 7.712303645184238887e-02, -3.524398433026059568e-02, 5.562802506965403709e-02, 2.127574921562452176e-02
1403638149145096960, -1.698542236448909448e-01, -5.916812805781063167e-02, 2.534084857083886977e-01, -7.055098583705655957e-02, -8.183200291918026892e-01, -5.485169790385659161e-02, 5.677729999374847569e-01, -2.204388604669100249e-01, -3.698050110640425936e-02, 3.144972917048317052e-01, -2.074585397454612509e-03, 2.080826829355302346e-02, 7.710964862291258548e-02, -3.522534221427786605e-02, 5.518835084199275737e-02, 2.148066989059972676e-02
1403638149195097088, -1.793755723302850047e-01, -6.191350337017994393e-02, 2.689190577232375978e-01, -7.053238287079387214e-02, -8.174624902967038143e-01, -5.473750386760559139e-02, 5.690202681757682290e-01, -2.295707623036392087e-01, -4.770976199353674230e-02, 3.135532304742674192e-01, -2.054197713943720777e-03, 2.080117455321063916e-02, 7.710491228459206980e-02, -3.492307202242656006e-02, 5.539527992588048899e-02, 2.216794966613534756e-02
1403638149245096960, -1.894966198550253333e-01, -6.427741382744550647e-02, 2.844743032791506310e-01, -7.060313404819211491e-02, -8.166294448151821816e-01, -5.407871415649000146e-02, 5.702692697301874336e-01, -2.255442709900313258e-01, -5.102475720722302738e-02, 2.919302872191933962e-01, -2.057168625678468948e-03, 2.079677224454027848e-02, 7.710315882245669106e-02, -3.483337122701875982e-02, 5.519011962416759537e-02, 2.249441561010423127e-02
1403638149295097088, -1.973888752232166033e-01, -6.865695858344114666e-02, 2.986405493166097158e-01, -7.173341359018009511e-02, -8.161801755103735845e-01, -5.274214354251990228e-02, 5.708962294262386328e-01, -2.184584525476489514e-01, -5.630436714323275305e-02, 2.755734343945583364e-01, -2.047338142222204609e-03, 2.079194555411468734e-02, 7.710371069063580440e-02, -3.442798646479530711e-02, 5.579058085643000958e-02, 2.348337459841644617e-02
1403638149345096960, -2.108351948198603776e-01, -6.841682443101676503e-02, 3.125277592981711705e-01, -7.208300493606879800e-02, -8.155162865374995240e-01, -5.166529026630774929e-02, 5.718985264652918232e-01, -2.199661294915442600e-01, -5.987243883409835293e-02, 2.546918476628415862e-01, -2.067858262565019749e-03, 2.080004106902940894e-02, 7.709119604947618776e-02, -3.397878454910185919e-02, 5.488558827344700020e-02, 2.472545068596360834e-02
1403638149395097088, -2.193845860652867963e-01, -7.007487319061431186e-02, 3.255681068406733880e-01, -7.164649352300392349e-02, -8.149497109016057284e-01, -5.175303702015179169e-02, 5.727524524840014175e-01, -2.142948723071820272e-01, -5.729501558782788828e-02, 2.285093132097933133e-01, -2.093790244637776504e-03, 2.079659243178728911e-02, 7.709376958726996132e-02, -3.377754597654069463e-02, 5.380141291153057309e-02, 2.541271758894477623e-02
1403638149445096960, -2.300778094846619437e-01, -7.226402443714334545e-02, 3.362448147084846628e-01, -7.166703006933193565e-02, -8.146251321001826140e-01, -5.151647294023753432e-02, 5.732327485128525524e-01, -2.096776625114563641e-01, -5.772624542191800989e-02, 1.987953711021630265e-01, -2.098247261570869698e-03, 2.079951991851361134e-02, 7.709365689350262951e-02, -3.368109753077145468e-02, 5.333391964662095863e-02, 2.568011163836405458e-02
1403638149495097088, -2.383075949843966868e-01, -7.656695276804943717e-02, 3.465167876805577141e-01, -7.104685285034673115e-02, -8.141895088527313362e-01, -5.233114333288600012e-02, 5.738547201266905873e-01, -2.054250073153072731e-01, -6.198651426485025928e-02, 1.726289708268867185e-01, -2.083060915200292580e-03, 2.078737534861054351e-02, 7.709403908340067835e-02, -3.327277572295835734e-02, 5.379021926043386220e-02, 2.677974989889934238e-02
1403638149545096960, -2.475104331867836183e-01, -7.740692620603771557e-02, 3.574000317762165424e-01, -7.063249447817682158e-02, -8.141028553435966097e-01, -5.265834236420655762e-02, 5.739988594280022172e-01, -1.969997365982754933e-01, -5.912757014460448546e-02, 1.438861373454297377e-01, -2.088993642117514468e-03, 2.079133539988138601e-02, 7.707405344303275285e-02, -3.328816566659714704e-02, 5.256399954976331834e-02, 2.723938728545408083e-02
1403638149595097088, -2.636321847645066718e-01, -7.917826287422922993e-02, 3.629727378604959420e-01, -6.959391283801708017e-02, -8.141997039768924527e-01, -5.300261953589540526e-02, 5.739566635750198431e-01, -2.041616089770281472e-01, -6.679690347681503659e-02, 9.993385442611886493e-02, -2.076504061940059702e-03, 2.081151813248485055e-02, 7.707393666827125345e-02, -3.407899397816983866e-02, 5.235135590742909240e-02, 2.523661785879624531e-02
1403638149645096960, -2.770748638055537394e-01, -8.206528337883399471e-02, 3.699410771898954398e-01, -6.758280010037429064e-02, -8.145755102022462779e-01, -5.217653639650727398e-02, 5.737394115441323272e-01, -2.060164970939555862e-01, -7.352276004083597993e-02, 7.623847451648838036e-02, -2.080440962661944757e-03, 2.082211003726254853e-02, 7.708155996930421416e-02, -3.452197539795483217e-02, 5.211712908856604154e-02, 2.450621888888131553e-02
1403638149695097088, -2.897533984166528742e-01, -8.469007506976035382e-02, 3.721418819837334357e-01, -6.480213491774289292e-02, -8.146335753653457523e-01, -5.022353419720844425e-02, 5.741519117884378298e-01, -2.076798342980621104e-01, -7.860791470522696112e-02, 5.075780184821275520e-02, -2.081310271092030612e-03, 2.082105747168748466e-02, 7.708003610772334868e-02, -3.461045431755790935e-02, 5.196391339460694481e-02, 2.419928370232026296e-02
1403638149745096960, -3.039230044189514257e-01, -8.836314482736365439e-02, 3.800244593753834832e-01, -6.171005045575733705e-02, -8.147556306602448117e-01, -4.898810990025638523e-02, 5.744260588348818475e-01, -2.084897805868713705e-01, -7.813234231944761465e-02, 2.436313128740529715e-02, -2.076534867974595515e-03, 2.081813135526961941e-02, 7.707959356419785690e-02, -3.502724080569816906e-02, 5.214444957871243458e-02, 2.387544107007457880e-02
1403638149795097088, -3.151306880402471311e-01, -9.126271354758432042e-02, 3.837052113313462742e-01, -5.944888716063480988e-02, -8.150728415198220667e-01, -4.687210545467295625e-02, 5.743910676206683830e-01, -2.100962094580733353e-01, -8.523319445625222868e-02, 2.320854664240434590e-03, -2.089991152351066035e-03, 2.081486078514766316e-02, 7.707437288647871199e-02, -3.530857946384558660e-02, 5.183007028212305994e-02, 2.355657401899769604e-02
1403638149845096960, -3.235059739544079438e-01, -9.571564483648441202e-02, 3.888750397117758939e-01, -5.709955445398492285e-02, -8.154594128073500148e-01, -4.537677834945689354e-02, 5.742007792851492320e-01, -2.024654553668047696e-01, -8.360956056802198999e-02, -9.970600441929697300e-03, -2.082694063065723168e-03, 2.079976742613042287e-02, 7.706634556378379186e-02, -3.512222606452936741e-02, 5.205458652799353075e-02, 2.462548718187884331e-02
1403638149895097088, -3.287034113659877410e-01, -1.001865961442351405e-01, 3.880089238396451368e-01, -5.561973276008516653e-02, -8.151678747799072644e-01, -4.380203025993248400e-02, 5.748818690823480626e-01, -1.941848953378519371e-01, -8.497916594226735676e-02, -3.665771538781841671e-02, -2.087668241635232212e-03, 2.079024222656882318e-02, 7.705747862098939749e-02, -3.492651816784794749e-02, 5.197009616214378486e-02, 2.516279340465147132e-02
1403638149945096960, -3.426578374464693821e-01, -1.027023674234669448e-01, 3.923913663101010196e-01, -5.374207919001473821e-02, -8.155413324270908149e-01, -4.306463691783635195e-02, 5.745864261140481988e-01, -1.943466392505452667e-01, -9.379999501658041472e-02, -5.482926813736884591e-02, -2.093383674553621603e-03, 2.078338862970544043e-02, 7.705793709888661414e-02, -3.534169143765204107e-02, 5.183064757696923680e-02, 2.484096150655904986e-02
1403638149995097088, -3.548964171998624240e-01, -1.050382220034076497e-01, 3.954631085951055280e-01, -5.164531287482394817e-02, -8.157832418736916669e-01, -4.314853015479101078e-02, 5.744289932459822889e-01, -1.913412948817167503e-01, -8.884912142044568140e-02, -7.778058748928669275e-02, -2.085200993421697496e-03, 2.078680461186744807e-02, 7.704780136978373051e-02, -3.576462007716668667e-02, 5.137113907948522018e-02, 2.445999522614399763e-02
1403638150045096960, -3.693441202924808708e-01, -1.110196994557135775e-01, 3.970555081582131662e-01, -4.825026357499333229e-02, -8.157958545695120911e-01, -4.601885954712483379e-02, 5.744835074204699410e-01, -1.932440430319513902e-01, -9.740676546544424497e-02, -1.057426031857050808e-01, -2.090617795417459672e-03, 2.078738892135374716e-02, 7.706809789563562330e-02, -3.623307837445811919e-02, 5.193129839139092041e-02, 2.385840931646596511e-02
1403638150095097088, -3.811105118056052898e-01, -1.169749216981007117e-01, 3.950125138779287393e-01, -4.479014533714466284e-02, -8.161254144245148057e-01, -4.910591956800898494e-02, 5.740398587854955714e-01, -1.959923962555918386e-01, -1.179854583667037798e-01, -1.336246853803379764e-01, -2.083838146014197444e-03, 2.078433126182561638e-02, 7.707780277586505358e-02, -3.622924759885336882e-02, 5.201060844201183669e-02, 2.425852264278586037e-02
1403638150145096960, -3.884709588381322631e-01, -1.230836546304609341e-01, 3.861602089421058981e-01, -4.117640488376331231e-02, -8.163719375346992768e-01, -5.280816159582556873e-02, 5.736311195843186717e-01, -1.983286366351987851e-01, -1.329722711685049075e-01, -1.740402075382814218e-01, -2.074039713009983698e-03, 2.078010828039275268e-02, 7.707556812937498003e-02, -3.612544554509244943e-02, 5.175571651915070182e-02, 2.442621299960876652e-02
1403638150195097088, -4.051358866843565720e-01, -1.293551212775807258e-01, 3.872581355931564717e-01, -3.826804865061988331e-02, -8.164940534508162706e-01, -5.581675302040767922e-02, 5.733737936234862831e-01, -1.993873066470333300e-01, -1.509189432904929629e-01, -1.842995463495689934e-01, -2.091505818793473141e-03, 2.077925022943720099e-02, 7.707848730751845623e-02, -3.673523061392194172e-02, 5.178935247862991725e-02, 2.376235956417606376e-02
1403638150245096960, -4.255316573126894930e-01, -1.377266143667046083e-01, 3.873236322153090772e-01, -3.560581729272114387e-02, -8.164148092930451073e-01, -5.895585926806787974e-02, 5.733439557542069354e-01, -2.151468085662258944e-01, -1.808068935442436742e-01, -1.968658132718519582e-01, -2.106222924354441122e-03, 2.080017328004099900e-02, 7.708100370422665826e-02, -3.765394577259774389e-02, 5.219567022823438929e-02, 2.228486477633860249e-02
1403638150295097088, -4.468434047129565267e-01, -1.453236373215390231e-01, 3.839386329155947131e-01, -3.552046472787696862e-02, -8.176294822924127237e-01, -5.848788466459796387e-02, 5.716637942175607501e-01, -2.191974655747259138e-01, -2.062751770504006044e-01, -2.369777140066668397e-01, -2.120149019824639752e-03, 2.078742297718327511e-02, 7.707715793425547190e-02, -3.836307105019132191e-02, 5.267356873657382671e-02, 2.113581246558497717e-02
1403638150345096960, -4.596447904323872624e-01, -1.570466388361397014e-01, 3.771711677646005789e-01, -3.561547482287612254e-02, -8.192684491273460878e-01, -5.819738929901210195e-02, 5.693362891089883693e-01, -2.186019706456582556e-01, -2.434427746129887993e-01, -2.515667354876069406e-01, -2.118885352791884287e-03, 2.077490393562533497e-02, 7.707192370365573142e-02, -3.845882190661983890e-02, 5.312909241345967898e-02, 2.130577936694481520e-02
1403638150395097088, -4.789533316942216623e-01, -1.688598427609934172e-01, 3.716946576088012155e-01, -3.618978322032120193e-02, -8.217511190592908799e-01, -5.481943147657371285e-02, 5.660479024321658503e-01, -2.281403995339534030e-01, -2.745301051000052506e-01, -2.412970403211209536e-01, -2.130722763782149764e-03, 2.077627196270008525e-02, 7.708124500037046023e-02, -3.902709792277199441e-02, 5.305568361301309793e-02, 2.042695382636060611e-02
1403638150445096960, -4.929322876144369703e-01, -1.841936134076005704e-01, 3.628464135732287210e-01, -3.689670361149045841e-02, -8.253042613216591272e-01, -4.898505987448547455e-02, 5.613483530001754929e-01, -2.509009240579638811e-01, -3.075853410985410763e-01, -1.944228620857638978e-01, -2.130018109788423160e-03, 2.077899791497326426e-02, 7.708867097003381519e-02, -3.910719173623793121e-02, 5.288782150044175207e-02, 2.043723917818741215e-02
1403638150495097088, -5.125807918136854324e-01, -2.019994781305724796e-01, 3.596180309960292920e-01, -3.624905687035249319e-02, -8.275138191599739068e-01, -4.296839769352164828e-02, 5.586238464073437493e-01, -2.597294048118717891e-01, -3.338445458461500315e-01, -1.572724597515565148e-01, -2.128978161172316065e-03, 2.078728072885261541e-02, 7.709358968302260084e-02, -3.972350262862017062e-02, 5.339457142361275083e-02, 1.925885652961876332e-02
1403638150545096960, -5.294609728166557172e-01, -2.159093252896646664e-01, 3.561006115705191988e-01, -3.380458806907134933e-02, -8.299562247026663897e-01, -3.849708648402161426e-02, 5.554708716350654774e-01, -2.893429153298931467e-01, -3.460041060431128801e-01, -1.049838767619050844e-01, -2.150898283580401395e-03, 2.079865618198325355e-02, 7.711129936969715604e-02, -4.013256430748204234e-02, 5.270524593938266666e-02, 1.855311072074825388e-02
1403638150595097088, -5.502554666676451323e-01, -2.344630441248981290e-01, 3.571290172617705982e-01, -3.158972297944806495e-02, -8.314230427708605431e-01, -3.437463879371934622e-02, 5.536751733277616161e-01, -3.141364435600449423e-01, -3.619473172138303330e-01, -4.434296258136543462e-02, -2.164912856147513300e-03, 2.080123991882934856e-02, 7.712175348464700431e-02, -4.049925654129322289e-02, 5.295402643659138237e-02, 1.802986773706059462e-02
1403638150645096960, -5.618987365423561142e-01, -2.509293854572440252e-01, 3.572885649992906809e-01, -2.952732654127385864e-02, -8.320627539854739130e-01, -3.066852456863088106e-02, 5.530453435462748812e-01, -3.240183928654869483e-01, -3.659682777796950948e-01, 4.006102210255500502e-04, -2.148422567565196756e-03, 2.079564024562950697e-02, 7.710914633284288167e-02, -4.053206970608433379e-02, 5.269083018869368668e-02, 1.809395462711791899e-02
1403638150695097088, -5.776676682346653102e-01, -2.647858849795871050e-01, 3.612536441858945624e-01, -2.735610251553263414e-02, -8.317328449241702115e-01, -2.789140391871894678e-02, 5.537997724060104154e-01, -3.431150137130594691e-01, -3.637055542764982552e-01, 3.647655885718326108e-02, -2.175594780041198613e-03, 2.079356951404073492e-02, 7.710406948274690919e-02, -4.048985640195910951e-02, 5.188249409570716564e-02, 1.838676302421757974e-02
1403638150745096960, -5.918896137371004729e-01, -2.825034390590976940e-01, 3.660492021234355020e-01, -2.426724781197838604e-02, -8.313886771677431176e-01, -2.577588643585936382e-02, 5.545625048985443062e-01, -3.785992311873461191e-01, -3.696859982342505235e-01, 7.192154052264544684e-02, -2.182685961058907550e-03, 2.078067621078553626e-02, 7.710578303468709760e-02, -4.035072120707003385e-02, 5.178909819576966306e-02, 1.896226607756422086e-02
1403638150795097088, -6.117462961494790630e-01, -2.997413409730770306e-01, 3.723146219999967643e-01, -2.045446716631128120e-02, -8.306767939862915728e-01, -2.418794576672436344e-02, 5.558530579075593447e-01, -3.969840546712712914e-01, -3.790484014123283174e-01, 1.170159020243048825e-01, -2.166046999983020464e-03, 2.077352482351663143e-02, 7.710087242624914794e-02, -4.048219083868370011e-02, 5.158650356561394340e-02, 1.876642838542605385e-02
1403638150845096960, -6.363169441775969881e-01, -3.187883188130595791e-01, 3.826159435567445533e-01, -1.538568059952922368e-02, -8.297457487711864532e-01, -2.188549332185235272e-02, 5.575000434176587971e-01, -4.169864739048128599e-01, -3.884478515277096089e-01, 1.221406129749192382e-01, -2.192336574444514116e-03, 2.078450152537646492e-02, 7.711895704765420190e-02, -4.071459714101467037e-02, 5.109232302110574414e-02, 1.850498247749185823e-02
1403638150895097088, -6.576650678370127290e-01, -3.358367887399824059e-01, 3.891667282406313655e-01, -1.058278028011846138e-02, -8.284794263092191136e-01, -1.991426609839318240e-02, 5.595652481611526063e-01, -4.331210005964227783e-01, -3.887989424830424201e-01, 1.053818747314597543e-01, -2.196945951672261456e-03, 2.079710511505993356e-02, 7.711764762953690622e-02, -4.067859020805896647e-02, 5.037429672724138413e-02, 1.864367815950047219e-02
1403638150945096960, -6.787489120074192694e-01, -3.531882855561745416e-01, 3.894738566374250643e-01, -6.481500334759273535e-03, -8.268989565213811233e-01, -1.851852812734782264e-02, 5.620081582799827391e-01, -4.420871009984876365e-01, -3.982398640831650849e-01, 8.124444423482024558e-02, -2.180183851637822797e-03, 2.080261258822792628e-02, 7.711923784911926816e-02, -4.059604696299668608e-02, 4.964943552599714732e-02, 1.873885764547185764e-02
1403638150995097088, -7.037937109458277662e-01, -3.729619278196484311e-01, 3.963910758568061632e-01, -2.070051367998111420e-03, -8.244598804603985309e-01, -1.603693628240780364e-02, 5.656893467913579610e-01, -4.524936887208888536e-01, -4.109547451391785677e-01, 5.290297101123955098e-02, -2.189869582387371939e-03, 2.080935632361438289e-02, 7.712221785016593056e-02, -4.064986565514787376e-02, 4.945276726431743763e-02, 1.891736017419985011e-02
1403638151045096960, -7.289594659332392368e-01, -3.887259515178826397e-01, 3.947402091234213928e-01, 3.444772720144819236e-03, -8.239621311599575337e-01, -1.333023651170560549e-02, 5.664775765639710192e-01, -4.538310064850708536e-01, -4.155689259787058165e-01, 1.418560153832235105e-02, -2.197672162822413011e-03, 2.080707083224117918e-02, 7.712169761050693961e-02, -4.072375571327848526e-02, 4.895716192109525466e-02, 1.856769803861216608e-02
1403638151095097088, -7.500135285754155889e-01, -4.096712582046271311e-01, 3.932332011847717856e-01, 1.044540786361796911e-02, -8.224519566787537039e-01, -1.027220325868145184e-02, 5.686458953074967626e-01, -4.513078643097674369e-01, -4.361540192417786010e-01, -5.341990897604030619e-03, -2.190721271405053020e-03, 2.079765095349178639e-02, 7.712428179668166794e-02, -4.073247436820726097e-02, 4.893989372750844752e-02, 1.846282457060653692e-02
1403638151145096960, -7.753583649217785645e-01, -4.216071303229388945e-01, 3.896950179439219175e-01, 1.918237919255309787e-02, -8.210345833220367151e-01, -6.358659319984568369e-03, 5.705206541128683417e-01, -4.630190321670851761e-01, -4.494035329128746037e-01, -3.218744889040161400e-02, -2.226372659709829633e-03, 2.080448107760350662e-02, 7.712540119037622488e-02, -4.102988348562498083e-02, 4.755767189603617856e-02, 1.769965980190949667e-02
1403638151195097088, -8.002842279594374331e-01, -4.475882401307605396e-01, 3.890864055512496256e-01, 2.798222226156640152e-02, -8.204552624123512272e-01, -7.485964470601672331e-04, 5.710250407999144517e-01, -4.540457160533647452e-01, -4.675722161869395044e-01, -8.144431538290751449e-02, -2.203156790955990759e-03, 2.079161017859578256e-02, 7.711187594117999144e-02, -4.120421328331319577e-02, 4.859099825271625400e-02, 1.745279701505874498e-02
1403638151245096960, -8.331076938843499091e-01, -4.750369841591331466e-01, 3.898879122436940681e-01, 3.737754436678316500e-02, -8.206623608432301875e-01, 6.479123204840821215e-03, 5.701528125290813431e-01, -4.650110016346145070e-01, -4.819533665703890080e-01, -9.587354298808700714e-02, -2.198501578511940450e-03, 2.079293463843171624e-02, 7.711724418210529064e-02, -4.156596583600324912e-02, 4.934812828596778223e-02, 1.686993820151354989e-02
1403638151295097088, -8.528437362103454822e-01, -4.985579780338187383e-01, 3.859236172000063414e-01, 4.675027359071973199e-02, -8.205845426312972091e-01, 1.358406859752294034e-02, 5.694478847042242498e-01, -4.588062940387651611e-01, -4.906842676815835191e-01, -1.165242039684691727e-01, -2.174617733634082953e-03, 2.078786066637604291e-02, 7.709288377235357093e-02, -4.157033466357286378e-02, 4.976244514728344476e-02, 1.690568130261672214e-02
1403638151345096960, -8.732638359931004235e-01, -5.231080525273266169e-01, 3.821842886182851839e-01, 5.708841056190026853e-02, -8.205401115655557298e-01, 2.070584010169145700e-02, 5.683538570971296000e-01, -4.526952486638322615e-01, -5.136824148703847959e-01, -1.042333421037317520e-01, -2.163619424343229698e-03, 2.079061228917846935e-02, 7.709640287214512833e-02, -4.141234455401376913e-02, 4.987435362422727725e-02, 1.742965764651165789e-02
1403638151395097088, -8.865691700494571226e-01, -5.426651513790272663e-01, 3.765012917466181719e-01, 6.785141385755408261e-02, -8.200102503590861458e-01, 2.838830316272013266e-02, 5.676032762300632362e-01, -4.490881740486833418e-01, -5.244050661858813411e-01, -8.442443563375266746e-02, -2.191368493741205001e-03, 2.081785501939380570e-02, 7.710473910256604446e-02, -4.147161528189813318e-02, 3.008636837308852063e-02, 1.820423486813675315e-02
1403638151445096960, -9.165953472531715995e-01, -5.732657268531788919e-01, 3.771762308814006759e-01, 7.708873229682410011e-02, -8.193252605266846400e-01, 3.724037727479342919e-02, 5.669008723896797886e-01, -4.596116677669787598e-01, -5.399673608093116250e-01, -3.816568030611203893e-02, -2.182256318645604733e-03, 2.082781951572021395e-02, 7.710057622202846905e-02, -4.173224735276857139e-02, 3.054435034676685617e-02, 1.778798608862974459e-02
1403638151495097088, -9.452629526113619507e-01, -6.037372730027336099e-01, 3.796146521801295193e-01, 8.732699371947053035e-02, -8.183030423407461340e-01, 4.465766683657446112e-02, 5.663566189747517576e-01, -4.490279106795514452e-01, -5.453909768780370593e-01, -2.161149856047125256e-02, -2.195406357572158521e-03, 2.083793476108833018e-02, 7.709937834945569668e-02, -4.196047411396985199e-02, 3.116150215198907128e-02, 1.743089678221740324e-02
1403638151545096960, -9.703904837697356900e-01, -6.340956296818452964e-01, 3.806875229835128271e-01, 9.597586193532238463e-02, -8.172099997926928205e-01, 5.181459790171611540e-02, 5.659255230230232359e-01, -4.466667684432817920e-01, -5.519193737667973387e-01, 1.266419512506595894e-02, -2.187612475874272516e-03, 2.083867378411118770e-02, 7.709876246317169668e-02, -4.205445516310221676e-02, 3.153701179976826918e-02, 1.729101107400549814e-02
1403638151595097088, -1.002933506246367124e+00, -6.653671185611657046e-01, 3.842081379752387282e-01, 1.040513780400927762e-01, -8.165741554558164639e-01, 5.736330907725671613e-02, 5.648799962304250633e-01, -4.594351416659706033e-01, -5.556503900323876977e-01, 5.436558224369558018e-02, -2.179892627337538802e-03, 2.084789783159903334e-02, 7.710838500480769742e-02, -4.231322879893111705e-02, 3.176654688761031131e-02, 1.674394123784560262e-02
1403638151645096960, -1.025511520588226366e+00, -6.956923948057690543e-01, 3.910224061700424136e-01, 1.107071027460526380e-01, -8.153080421654673726e-01, 6.261052116849771809e-02, 5.648864101931437842e-01, -4.613560096244974096e-01, -5.720388428461847807e-01, 6.608531257416315474e-02, -2.180499907756336484e-03, 2.084328520809612673e-02, 7.710509413398844436e-02, -4.235115354150306016e-02, 3.206897628234681163e-02, 1.693178244916011474e-02
1403638151695097088, -1.051175116058151504e+00, -7.238797018907688896e-01, 4.013461636843271840e-01, 1.166179881462317269e-01, -8.144706644004522378e-01, 6.650464829248112220e-02, 5.644598421741841010e-01, -4.654958371573076903e-01, -5.702365165686152926e-01, 1.246359973101121288e-01, -2.176605948302789886e-03, 2.085464599608384192e-02, 7.710871672606635363e-02, -4.253706444599642672e-02, 3.181880271680349870e-02, 1.684798023793518049e-02
1403638151745096960, -1.067682735338246314e+00, -7.527232754564110451e-01, 4.085171573885485463e-01, 1.214098408302689835e-01, -8.138781009333424521e-01, 6.932318141273985379e-02, 5.639648782411199601e-01, -4.572381192325575272e-01, -5.784985998067535551e-01, 1.708853950946253586e-01, -2.161737212173365195e-03, 2.083516842973150152e-02, 7.711167012081621142e-02, -4.238285333378267322e-02, 3.183004202691513962e-02, 1.737707444152164840e-02
1403638151795097088, -1.089187585728656149e+00, -7.806453893685409984e-01, 4.190040904718271841e-01, 1.253139307664055124e-01, -8.138692434151124644e-01, 7.169292115008721322e-02, 5.628262595470758800e-01, -4.490658893959461051e-01, -5.862534278789056641e-01, 2.032682807567094407e-01, -2.158061890971741878e-03, 2.083898338366993452e-02, 7.710338733282175172e-02, -4.232827974267175386e-02, 3.164550186222293143e-02, 1.763724117909961156e-02
1403638151845096960, -1.116456951139147780e+00, -8.143451780511561378e-01, 4.307668071015772204e-01, 1.282694181127380650e-01, -8.135696954454223473e-01, 7.385969599700177579e-02, 5.623131265914862453e-01, -4.522521221890437038e-01, -5.920400690211536920e-01, 2.471589585945813128e-01, -2.160275472537903033e-03, 2.082960226242805413e-02, 7.710883471863129446e-02, -4.246128125830569283e-02, 3.205271138623971144e-02, 1.733128599853109297e-02
1403638151895097088, -1.139740844949614473e+00, -8.449522795770516570e-01, 4.441638159744593639e-01, 1.303906569427711604e-01, -8.134975398612729336e-01, 7.508262104029701789e-02, 5.617674156084603299e-01, -4.585726791297874971e-01, -5.993136164857666426e-01, 2.706738378835788494e-01, -2.162490156612001998e-03, 2.083424044057083022e-02, 7.711217890513850926e-02, -4.255738812543470584e-02, 3.200234903550150389e-02, 1.709409614723777018e-02
1403638151945096960, -1.166789389407678179e+00, -8.820803910850382179e-01, 4.602306505028992967e-01, 1.327857920512965362e-01, -8.135660083322387992e-01, 7.480900351985547703e-02, 5.611433831990035870e-01, -4.697129627449759814e-01, -6.215230019953729146e-01, 2.836646628193944530e-01, -2.162445583686254964e-03, 2.083676297462529192e-02, 7.711060131676616969e-02, -4.254701280820728793e-02, 3.273778143535320539e-02, 1.712926129956044222e-02
1403638151995097088, -1.174427522283719938e+00, -9.004699795048582978e-01, 4.719608130927321343e-01, 1.341657570078851336e-01, -8.136693248798790856e-01, 7.520715670071703718e-02, 5.606118648200525412e-01, -4.748632723726786686e-01, -6.207789333160446121e-01, 2.667296207964394150e-01, -2.177380148084089289e-03, 2.084130984626626770e-02, 7.710171433031381971e-02, -4.217343981573779682e-02, 3.170370282323486943e-02, 1.809570316179476626e-02
1403638152045096960, -1.194254421484767015e+00, -9.227670209080746089e-01, 4.787728104990704447e-01, 1.345383020882312541e-01, -8.139352647341592251e-01, 7.572043981225339004e-02, 5.600671790847854270e-01, -4.712998706302139462e-01, -6.239003113392107558e-01, 2.432384934834986023e-01, -2.185004889378550346e-03, 2.084689223540374739e-02, 7.710187106409091551e-02, -4.206431950696724875e-02, 3.078775374456284991e-02, 1.813637183232509956e-02
1403638152095097088, -1.212013473011588127e+00, -9.514647804152168709e-01, 4.850832205452167423e-01, 1.350857856553198677e-01, -8.140738368804313341e-01, 7.525225349711608946e-02, 5.597970319359185654e-01, -4.637567416121667896e-01, -6.354207675087399920e-01, 2.130106209238652182e-01, -2.173978183415149409e-03, 2.084118031367846943e-02, 7.710304970304862615e-02, -4.182318553929081917e-02, 3.018196606502038248e-02, 1.862451778452162837e-02
1403638152145096960, -1.232094561027576418e+00, -9.806379998109037155e-01, 4.956884142071452115e-01, 1.358424787228704189e-01, -8.138374914420307693e-01, 7.462563085116699635e-02, 5.600414035746236197e-01, -4.680763891275349642e-01, -6.437636011082026322e-01, 1.865511847941810908e-01, -2.180494220664034623e-03, 2.084019332756227930e-02, 7.711258481795219000e-02, -4.180846786776023366e-02, 2.985772880307279234e-02, 1.877618433584991170e-02
1403638152195097088, -1.263330772578973971e+00, -1.021247273584066972e+00, 5.021707113475611939e-01, 1.360964573449870152e-01, -8.140903618792461049e-01, 7.384755696262951252e-02, 5.597152627221394505e-01, -4.760915673606604392e-01, -6.592045474371134306e-01, 1.515098668420451766e-01, -2.176189820686616570e-03, 2.084472875494900249e-02, 7.711371920822199244e-02, -4.265443949758541270e-02, 1.199793810262624744e-02, 1.741777930431444299e-02
1403638152245096960, -1.279764825718054722e+00, -1.050486399761898060e+00, 5.087623834142916968e-01, 1.367904430866929422e-01, -8.137800524016075565e-01, 7.249230300509089397e-02, 5.601743184031209299e-01, -4.732348824826536071e-01, -6.689559856726676745e-01, 1.140775536731811340e-01, -2.175878009650146147e-03, 2.083493907177600898e-02, 7.710475360557778046e-02, -4.246492122545660747e-02, 1.142893599684280739e-02, 1.798621750290925470e-02
1403638152295097088, -1.304868581798223071e+00, -1.084251899868062141e+00, 5.147089672043421160e-01, 1.373262253857309989e-01, -8.136554624370814226e-01, 7.121277915742246778e-02, 5.603882906987642798e-01, -4.761380579880481467e-01, -6.752343346062107399e-01, 8.247977175722795429e-02, -2.189143403297462431e-03, 2.083058869629251728e-02, 7.710517364405472529e-02, -4.246181003933315046e-02, 1.180824170624351563e-02, 1.802075331429512511e-02
1403638152345096960, -1.321422890360741897e+00, -1.117148623184917922e+00, 5.190465477180513654e-01, 1.377646958553774004e-01, -8.132067862419088966e-01, 6.924367086915071690e-02, 5.611781583691103359e-01, -4.737154664663261738e-01, -6.932614061870006061e-01, 4.918098284506140783e-02, -2.194796715909136820e-03, 2.081250474801379230e-02, 7.710042322117752200e-02, -4.232843909982093172e-02, 1.190126093507864330e-02, 1.857617064613078378e-02
1403638152395097088, -1.338787513331490597e+00, -1.148348607955765655e+00, 5.210771433997850588e-01, 1.382243918644992242e-01, -8.134667702789782906e-01, 6.741219479583678009e-02, 5.609112471134676259e-01, -4.649935002906788739e-01, -7.073903914112813496e-01, 4.268808844974368057e-03, -2.194582756185268525e-03, 2.080940247006872815e-02, 7.709738996991197246e-02, -4.218610258499393140e-02, 1.166751478346916317e-02, 1.903477109987961394e-02
1403638152445096960, -1.362722012148434469e+00, -1.183677340822208324e+00, 5.199707579265308022e-01, 1.381714704088201351e-01, -8.136028880665221452e-01, 6.581050409175200067e-02, 5.609170730563193263e-01, -4.680841038647778896e-01, -7.253027361550417051e-01, -3.855029222357976570e-02, -2.189991598387520163e-03, 2.080098784869944400e-02, 7.709238495668226110e-02, -4.223636675172109251e-02, 1.173550545005559199e-02, 1.890748700607472119e-02
1403638152495097088, -1.371038034765214686e+00, -1.212308378083936544e+00, 5.131898963038625805e-01, 1.385316174254060118e-01, -8.139068388726142800e-01, 6.358370843668806338e-02, 5.606440587675282083e-01, -4.628833234363893268e-01, -7.470530009451020748e-01, -5.828893606496799579e-02, -2.180015972219495873e-03, 2.078891089690067598e-02, 7.707595285407284336e-02, -4.195863699026970012e-02, 1.135263286510798317e-02, 1.938841690782033833e-02
1403638152545096960, -1.386156351610742243e+00, -1.246417522404159817e+00, 5.074016174614496277e-01, 1.385018090612290254e-01, -8.135443678096420106e-01, 6.327638657117300169e-02, 5.612120004013390062e-01, -4.547164354222019145e-01, -7.606613458637889735e-01, -7.030470802336048763e-02, -2.188813560158477285e-03, 2.077856817887732688e-02, 7.708063573685382253e-02, -4.183100713121159359e-02, 1.130000017430810369e-02, 1.957160493360949119e-02
1403638152595097088, -1.403406236461120393e+00, -1.281878541376152425e+00, 4.994445798652903390e-01, 1.377516278386884951e-01, -8.138602699187701406e-01, 6.330062445515359515e-02, 5.609358082874776885e-01, -4.456971727948061401e-01, -7.845736812258036208e-01, -8.547284182004470654e-02, -2.192532058509595681e-03, 2.076556988282830460e-02, 7.708200725354194538e-02, -4.177677749626774323e-02, 1.138031224794232472e-02, 1.958536937344228582e-02
1403638152645096960, -1.441727703981041220e+00, -1.338610740884160544e+00, 5.003814221919546945e-01, 1.364207805439255350e-01, -8.149736143393669918e-01, 6.530211986397910229e-02, 5.594130957599093845e-01, -4.503261425957331143e-01, -8.147081759938447076e-01, -1.035141423748224127e-01, -2.190630149369718685e-03, 2.076518566424659373e-02, 7.709815728362433285e-02, -4.215276382019531726e-02, 1.241658082515729317e-02, 1.886910871205750573e-02
1403638152695097088, -1.474137623104492700e+00, -1.389967233135069424e+00, 5.003364635983571507e-01, 1.359293381268933676e-01, -8.155480209057676122e-01, 6.845382368718430643e-02, 5.583177542006650951e-01, -4.561158014426681673e-01, -8.420999739094909842e-01, -6.335488696177311863e-02, -2.195161381801621729e-03, 2.075696483964724337e-02, 7.710748080247044334e-02, -4.243074933392512738e-02, 1.293505475761769913e-02, 1.835112180791384148e-02
1403638152745096960, -1.498500097810790077e+00, -1.431787778322145988e+00, 4.974954749383245223e-01, 1.374869749057157642e-01, -8.152674821071980160e-01, 7.113184447706828728e-02, 5.580112230512529470e-01, -4.726164716274209865e-01, -8.654496873490693520e-01, -2.211859587537954100e-02, -2.196226090570698418e-03, 2.075975587599878866e-02, 7.709372369510282541e-02, -4.240595477517659223e-02, 1.296504305739191835e-02, 1.837583695723465568e-02
1403638152795097088, -1.515284959375312379e+00, -1.467650641667352263e+00, 4.970393448023724958e-01, 1.389347918540117521e-01, -8.141656453869516863e-01, 7.605984172131595444e-02, 5.586110685991274583e-01, -4.887092965851956294e-01, -8.829907119071634947e-01, 2.800121335169471204e-02, -2.199991001789375605e-03, 2.076092160521553903e-02, 7.708788952263519179e-02, -4.211930757589310570e-02, 1.270399971892397124e-02, 1.899710567408649173e-02
1403638152845096960, -1.546559457378715807e+00, -1.517714552288859098e+00, 5.007431769972896518e-01, 1.416584974783708095e-01, -8.129546878943367805e-01, 8.087837871549929947e-02, 5.590136253966841995e-01, -4.957528099830258994e-01, -9.000384062704909205e-01, 6.882100178579476923e-02, -2.191827102142733866e-03, 2.076147170958163660e-02, 7.709876746601163067e-02, -4.213623203642331144e-02, 1.291036560921616887e-02, 1.900831156261922547e-02
1403638152895097088, -1.590664486730026361e+00, -1.579094871975428749e+00, 5.132080663650191443e-01, 1.449179488764572588e-01, -8.105736197724400238e-01, 8.671957848860950557e-02, 5.607574428656318943e-01, -5.157035489808662332e-01, -9.154272629211502865e-01, 1.144132181090071337e-01, -2.190989999240333663e-03, 2.078592926055516585e-02, 7.710306181505784118e-02, -4.224059716566595790e-02, 1.328687893816708765e-02, 1.912231040133953106e-02
1403638152945096960, -1.622342110472397403e+00, -1.630638887872118525e+00, 5.248189786228222298e-01, 1.500864461194079957e-01, -8.080847127549618536e-01, 9.186218645672272753e-02, 5.621694534589790626e-01, -5.058656638475312883e-01, -9.125576308612337595e-01, 1.311866498563615813e-01, -2.192042375196724766e-03, 2.078489703402359307e-02, 7.710882898170537403e-02, -4.233945946854758557e-02, 1.368685130285315389e-02, 1.914146179599929970e-02
1403638152995097088, -1.642662134106189997e+00, -1.677021768348562425e+00, 5.318470073142111954e-01, 1.560947538932010159e-01, -8.069063352368082143e-01, 9.685791458578621449e-02, 5.613867992247566496e-01, -5.096158367545495782e-01, -9.208306200166762601e-01, 1.603396258091413784e-01, -2.192456481122138402e-03, 2.077751897810637891e-02, 7.711590316274714862e-02, -4.240971125462717622e-02, 1.384278673063440816e-02, 1.894674798439057589e-02
1403638153045096960, -1.660087738169246929e+00, -1.714992428818101766e+00, 5.387613947774383405e-01, 1.622925667878057920e-01, -8.070317766486834188e-01, 1.013073274896070519e-01, 5.586570143134416133e-01, -5.096810920737085970e-01, -9.212298592696347432e-01, 1.958474473411261352e-01, -2.192456779322736297e-03, 2.078497281431121446e-02, 7.711057174046001550e-02, -4.228176162474823335e-02, 1.327713828282743938e-02, 1.932960576768218489e-02
1403638153095097088, -1.662770841036341540e+00, -1.742555214678675801e+00, 5.467584310667441549e-01, 1.678930245381450859e-01, -8.076205107986674792e-01, 1.052622148221552117e-01, 5.554105769423804961e-01, -5.013606587453897090e-01, -9.061126866395541324e-01, 1.938190427296203333e-01, -2.207393995332768664e-03, 2.076373786467808694e-02, 7.710463597625207000e-02, -4.216886454073658780e-02, 1.283268823195646974e-02, 1.970990156747736560e-02
1403638153145096960, -1.666662648811426894e+00, -1.775301721327658511e+00, 5.548594306008219901e-01, 1.731139269846387885e-01, -8.081927022828252483e-01, 1.082357246556403668e-01, 5.523958292465741549e-01, -4.955784028577132627e-01, -9.053328318915683237e-01, 1.946294004292429547e-01, -2.220887261874263975e-03, 2.074160619545201145e-02, 7.710934251644153969e-02, -4.194451502769359907e-02, 1.236667776502976129e-02, 2.036696500407307597e-02
1403638153195097088, -1.676350702956072247e+00, -1.805488366688544843e+00, 5.662227792459800790e-01, 1.774446837406226107e-01, -8.082802615248728673e-01, 1.104626157943875697e-01, 5.504492833616326797e-01, -5.043506799344682490e-01, -8.953873416331774582e-01, 1.709478345331127414e-01, -2.226984411190219022e-03, 2.073379970012570114e-02, 7.710576663968023159e-02, -4.291586796618272748e-02, 1.307165587335455854e-02, 1.811772296634400065e-02
1403638153245096960, -1.697062011753989630e+00, -1.847004817666072052e+00, 5.751151263391404145e-01, 1.811013361957845291e-01, -8.083205655707403903e-01, 1.122646191533669541e-01, 5.488322371999017069e-01, -5.154838208999897864e-01, -8.949852117271548391e-01, 1.460719668880877120e-01, -2.227748145910406902e-03, 2.073392506692253376e-02, 7.709862968840301700e-02, -4.281452748319490575e-02, 1.305635659140821220e-02, 1.843893503206315079e-02
1403638153295097088, -1.708890917400831100e+00, -1.872937240474485066e+00, 5.844036204494449382e-01, 1.858225506702083640e-01, -8.078659551676625750e-01, 1.138603305984897535e-01, 5.475932827011859017e-01, -5.214293816610362509e-01, -8.943184835009170275e-01, 1.220529003987364941e-01, -2.253133689804100604e-03, 2.074534434611325154e-02, 7.708909108303209357e-02, -4.236787034968481080e-02, 1.217120607614903711e-02, 1.991064280824139318e-02
1403638153345096960, -1.731265364253053995e+00, -1.913482815888630784e+00, 5.908616220832015875e-01, 1.903587035772783265e-01, -8.074717408078838643e-01, 1.169322036521455305e-01, 5.459668593588047347e-01, -5.272833089670049267e-01, -8.963252933850252013e-01, 9.511364568316835189e-02, -2.255574772067558097e-03, 2.074382231786707845e-02, 7.708504737081720015e-02, -4.233182490113544805e-02, 1.204409615978309020e-02, 2.019363209436761397e-02
1403638153395097088, -1.749677793696776673e+00, -1.949971750598787690e+00, 5.953857149525288994e-01, 1.961674867697886793e-01, -8.064397933192214429e-01, 1.201511632024444415e-01, 5.447356008806252259e-01, -5.325661812590526401e-01, -9.021271408477622433e-01, 7.657374629879805383e-02, -2.280936348036903018e-03, 2.074703015814147525e-02, 7.708172154422027189e-02, -4.214772873624234723e-02, 1.172884998041975359e-02, 2.068159836660216772e-02
1403638153445096960, -1.768872980234127423e+00, -1.991390937723528376e+00, 5.985587086239075871e-01, 2.035600941356728866e-01, -8.050386711053045818e-01, 1.221340988130502903e-01, 5.436536471022754835e-01, -5.336101899901523060e-01, -9.008502494946293293e-01, 7.997075911391246517e-02, -2.287216020907366018e-03, 2.073477766473690032e-02, 7.708540469756068603e-02, -4.205528219460682310e-02, 1.166432170178276564e-02, 2.098016801077088461e-02
1403638153495097088, -1.797365602824547715e+00, -2.038434047100283308e+00, 6.041793751384896272e-01, 2.127100557966083438e-01, -8.033119672038828707e-01, 1.222578318068355263e-01, 5.426760894602996599e-01, -5.391526120901353192e-01, -9.201878369113308809e-01, 1.022421208454525887e-01, -2.288180970132585278e-03, 2.073306058134187502e-02, 7.708823473581186136e-02, -4.219495025885899864e-02, 1.170296476139980751e-02, 2.076830855617947322e-02
1403638153545096960, -1.829840197984277772e+00, -2.093259386462210880e+00, 6.129389296261703590e-01, 2.224449910180866796e-01, -8.015346211780753904e-01, 1.224417631085317898e-01, 5.413580069332649680e-01, -5.522880877576769043e-01, -9.491932011355206367e-01, 1.493149112224511632e-01, -2.280125467501797724e-03, 2.073482681738866851e-02, 7.709450871942985506e-02, -4.236493826687938447e-02, 1.211411003872007140e-02, 2.050092182041479347e-02
1403638153595097088, -1.854935378677194491e+00, -2.138267192547984585e+00, 6.224665412654870611e-01, 2.314159595411394155e-01, -7.996545296384770518e-01, 1.249555490087582571e-01, 5.398012575663746482e-01, -5.542276548701584593e-01, -9.718445663100389043e-01, 1.736165507433343469e-01, -2.287043028488328772e-03, 2.073330060145807396e-02, 7.709592676669778377e-02, -4.245246477336608176e-02, 1.194556416121063218e-02, 2.044199291367125929e-02
1403638153645096960, -1.869401608448976404e+00, -2.170239477588012722e+00, 6.283969457681850557e-01, 2.405866001897090101e-01, -7.969380098254447153e-01, 1.279070960593515216e-01, 5.391174928364692587e-01, -5.474645798748384307e-01, -9.949024081934532138e-01, 1.968597380153212784e-01, -2.293158158466391486e-03, 2.070992113438491211e-02, 7.709232956294835570e-02, -4.243921823221773887e-02, 1.153671877343158923e-02, 2.043168165105507805e-02
1403638153695097088, -1.890082197860820878e+00, -2.213286038618082596e+00, 6.382674468124386324e-01, 2.483818084470064691e-01, -7.943813441009612841e-01, 1.337289096386501952e-01, 5.379417590258286364e-01, -5.489971481525218744e-01, -1.020752229979675407e+00, 1.843509324527467519e-01, -2.292319616852654153e-03, 2.070897963992745019e-02, 7.708301064979597439e-02, -4.234916471579546621e-02, 1.129826321618691322e-02, 2.075092925918612177e-02
1403638153745096960, -1.904949484933206039e+00, -2.251787692264577423e+00, 6.474284928454410171e-01, 2.547738243949950743e-01, -7.911668977718128160e-01, 1.415050919968980914e-01, 5.377002391781351420e-01, -5.563582116837785252e-01, -1.032529564260981969e+00, 1.678185050503132880e-01, -2.300346193798912670e-03, 2.070386043674445412e-02, 7.708126565342286740e-02, -4.219645324525993918e-02, 1.087780785728569878e-02, 2.128618191984566269e-02
1403638153795097088, -1.917067214035490519e+00, -2.289559389030240144e+00, 6.533749772772811104e-01, 2.615401415369541516e-01, -7.882552548089200029e-01, 1.466619801727437888e-01, 5.373459511364759855e-01, -5.482516487459000443e-01, -1.050574989858512609e+00, 1.425084318505772940e-01, -2.300171148588771221e-03, 2.068597483587259617e-02, 7.708899618248943320e-02, -4.205049993756402454e-02, 1.027702638706465277e-02, 2.176959959016650653e-02
1403638153845096960, -1.928314154919772205e+00, -2.330913095526582435e+00, 6.595327234969576846e-01, 2.669383469738330628e-01, -7.854296793467375748e-01, 1.523038375452478721e-01, 5.372594147943332565e-01, -5.387045043243074982e-01, -1.061518166877992941e+00, 1.080526663663629594e-01, -2.300913465645510348e-03, 2.067185557983803462e-02, 7.708591168970091445e-02, -4.194727856314888620e-02, 9.922179642640844774e-03, 2.229117516150732128e-02
1403638153895097088, -1.934130634790628855e+00, -2.354010064408091907e+00, 6.642557346745987523e-01, 2.708065638637405792e-01, -7.825391430048896924e-01, 1.574945229707562788e-01, 5.380443939562057354e-01, -5.303251635472155945e-01, -1.057112562451839155e+00, 8.488319100975812159e-02, -2.306954848112639962e-03, 2.068027129896549479e-02, 7.707452913933961203e-02, -4.224604280828974517e-02, 1.552262018979088005e-02, 2.150205554170711575e-02
1403638153945096960, -1.957618420254736202e+00, -2.405144631392957866e+00, 6.682725628117947014e-01, 2.733133502471075671e-01, -7.794035908847954941e-01, 1.628026125482963660e-01, 5.397454626396016586e-01, -5.303683499364553189e-01, -1.076944231956240561e+00, 4.291723913766370968e-02, -2.307972975593805109e-03, 2.068254798878443532e-02, 7.707959520461185599e-02, -4.223886313873029263e-02, 1.530014695283497123e-02, 2.162597055490225045e-02
1403638153995097088, -1.985428731883866149e+00, -2.461138973907761596e+00, 6.703591713223530091e-01, 2.752081561384230324e-01, -7.776535463077386412e-01, 1.670112278963311325e-01, 5.400210018753408558e-01, -5.215134069345698231e-01, -1.077414421852472826e+00, 9.534161304958705188e-03, -2.312594405778235513e-03, 2.068086433816042694e-02, 7.707670743520987633e-02, -4.224945656839584202e-02, 1.545060712099448168e-02, 2.164686412717288858e-02
1403638154045096960, -2.020235497774516276e+00, -2.529081616673405364e+00, 6.739302622056043690e-01, 2.763531632899421386e-01, -7.760579176797958167e-01, 1.706584299755200262e-01, 5.405911003932940551e-01, -5.216888111612888457e-01, -1.084777358323816943e+00, -2.372065312150110905e-02, -2.312241689006326421e-03, 2.068495796636185199e-02, 7.708130800651957770e-02, -4.241083676006477537e-02, 1.603737976711368599e-02, 2.146001690453244390e-02
1403638154095097088, -2.060582470567921654e+00, -2.612758829124809168e+00, 6.782890397317917763e-01, 2.778614657964703638e-01, -7.739494487063897088e-01, 1.724915805689061221e-01, 5.422563151364426792e-01, -5.149403952307879395e-01, -1.105246719563972357e+00, -4.253696919742662452e-02, -2.293515037569721950e-03, 2.066845724075200633e-02, 7.708208895399719374e-02, -4.263101541076991935e-02, 1.749361443963253285e-02, 2.115429311693589609e-02
1403638154145096960, -2.091123073640527519e+00, -2.678431023872390959e+00, 6.804445890362680327e-01, 2.789326028441860283e-01, -7.714181178970779262e-01, 1.739918229637899549e-01, 5.448279875267375560e-01, -5.098075735695387634e-01, -1.112185128081178531e+00, -5.262573170073606837e-02, -2.293049789467101630e-03, 2.066531338920560637e-02, 7.708221591576472354e-02, -4.272003131112874635e-02, 1.804698105794181467e-02, 2.124267441101871171e-02
1403638154195097088, -2.125653118217010196e+00, -2.752790264500974970e+00, 6.829951695980707171e-01, 2.796190944706054005e-01, -7.689550915250397134e-01, 1.746502149366753742e-01, 5.477394742464064548e-01, -4.959731026503521045e-01, -1.120999781822460184e+00, -8.316714058794476283e-02, -2.282380196733388347e-03, 2.066264254021231081e-02, 7.708372195219725942e-02, -4.290321921080204881e-02, 1.880117766083832034e-02, 2.108984499779516936e-02
1403638154245096960, -2.171100553754529372e+00, -2.843584702191307656e+00, 6.848258326939667961e-01, 2.804615418694622608e-01, -7.665642323106991451e-01, 1.745662700002917345e-01, 5.506788707153177365e-01, -4.921364575770440508e-01, -1.143577850732616197e+00, -9.375163376263519199e-02, -2.256643136025417943e-03, 2.065628427132233658e-02, 7.708475453541990818e-02, -4.322824949150602669e-02, 2.039672413809932860e-02, 2.049754841226972268e-02
1403638154295097088, -2.223419150924929699e+00, -2.943425566565942564e+00, 6.904069374283773319e-01, 2.805800090266034608e-01, -7.649815713666946460e-01, 1.748010567223560185e-01, 5.527410284868689017e-01, -4.839057678740790180e-01, -1.154607578043557181e+00, -1.073961646561987088e-01, -2.257706085387559819e-03, 2.066131321830168288e-02, 7.708427030747225239e-02, -4.350549506737132199e-02, 2.219754087296416795e-02, 2.021701477607783237e-02
1403638154345096960, -2.247733706135727871e+00, -3.002680315710398062e+00, 6.855861773821599892e-01, 2.793114368141297321e-01, -7.628382578172064887e-01, 1.763425036339074659e-01, 5.558473127463702257e-01, -4.657026911858156426e-01, -1.156862539659204492e+00, -1.163869549315244695e-01, -2.249244063556584544e-03, 2.065833069415271700e-02, 7.708055131823583761e-02, -4.349771449504583748e-02, 2.234624970313765085e-02, 2.022480070984785175e-02
1403638154395097088, -2.271572863476309490e+00, -3.061205637874166996e+00, 6.826601017173589137e-01, 2.784452724349660846e-01, -7.595884129572485488e-01, 1.775192195040113385e-01, 5.603397182659755060e-01, -4.514370806758241650e-01, -1.153981306666451712e+00, -1.288067905807891156e-01, -2.277943143366100397e-03, 2.066036825068275073e-02, 7.708907564967037995e-02, -4.354878402364607826e-02, 2.237843517602412444e-02, 2.029076584256251856e-02
1403638154445096960, -2.284618554932662526e+00, -3.105262721069131260e+00, 6.698264806690704676e-01, 2.769290623054476153e-01, -7.574682337225622231e-01, 1.790015759660809613e-01, 5.634807939526482734e-01, -4.150422684608873758e-01, -1.143077535065031292e+00, -1.705130180418017172e-01, -2.273602769301333575e-03, 2.065131092512019137e-02, 7.709350558201813475e-02, -4.347082128262471507e-02, 2.186267803688465156e-02, 2.028756484770474766e-02
1403638154495097088, -2.318705076828016409e+00, -3.184142056638893603e+00, 6.645873478787555078e-01, 2.758755722366201257e-01, -7.560234792836709738e-01, 1.795619091710360105e-01, 5.657549718648374748e-01, -3.940239768103585560e-01, -1.150329751929741740e+00, -1.637686718946510800e-01, -2.272006664461643285e-03, 2.065148044050642978e-02, 7.710911708828115108e-02, -4.370488710931370868e-02, 2.255804841953166009e-02, 1.984230121171047523e-02
1403638154545096960, -2.373513226396874565e+00, -3.295849130969501051e+00, 6.668899576298162879e-01, 2.751927627802280285e-01, -7.564692469334383107e-01, 1.802113746207491540e-01, 5.652849566498669986e-01, -3.708702375423754138e-01, -1.168924528502202964e+00, -1.268730480251787640e-01, -2.270418067600883834e-03, 2.065368689770904001e-02, 7.711999382317974439e-02, -4.410502055538093047e-02, 2.446536875732315680e-02, 1.909158960371738767e-02
1403638154595097088, -2.376302288520668160e+00, -3.344948853953602530e+00, 6.613061552686470002e-01, 2.755951175583516433e-01, -7.570623570007809500e-01, 1.814444723152577599e-01, 5.638987695115659227e-01, -3.142330482459972374e-01, -1.148969094999775287e+00, -1.007349065315352732e-01, -2.251868875951702851e-03, 2.064670092361176393e-02, 7.710295505335530708e-02, -4.609228472215055883e-02, 2.028297645151396628e-02, 1.435885861307857961e-02
1403638154645096960, -2.371851016694259240e+00, -3.372279399671766598e+00, 6.554079390660685345e-01, 2.771357289156906045e-01, -7.581277857214779869e-01, 1.829993029528272086e-01, 5.612034420726558226e-01, -2.836413677585801763e-01, -1.141673028611521978e+00, -5.854033653167933088e-02, -2.264328583691432341e-03, 2.062554370539895071e-02, 7.708862869418382779e-02, -4.550927086953066719e-02, 1.869469400042812757e-02, 1.590029108591632656e-02
1403638154695097088, -2.385987014505552839e+00, -3.430943202924416902e+00, 6.537324585156374379e-01, 2.797670549844198939e-01, -7.597515772826179958e-01, 1.848015798157423006e-01, 5.570963218865518929e-01, -2.555013078966871243e-01, -1.130237128676931491e+00, -2.478778306553133456e-02, -2.261046740558657862e-03, 2.062319076217811534e-02, 7.707321069513624334e-02, -4.546450134480371080e-02, 1.892377184240479418e-02, 1.605494957950258372e-02
1403638154745096960, -2.389488786556416056e+00, -3.480917654936571015e+00, 6.539305829370165579e-01, 2.845815706643320397e-01, -7.606362673096374039e-01, 1.849527952671190523e-01, 5.533879850650561538e-01, -2.292639070128066614e-01, -1.121952489489701055e+00, 5.120074637766703664e-03, -2.260070736042476408e-03, 2.060881169384267547e-02, 7.707137638258830525e-02, -4.522470708972996939e-02, 1.873380138225821945e-02, 1.680148368519472635e-02
1403638154795097088, -2.395508561746761078e+00, -3.533897839703155963e+00, 6.556736495252853958e-01, 2.895420312779653504e-01, -7.610362523845242144e-01, 1.844353188256165621e-01, 5.504296938298675057e-01, -2.040222686725221835e-01, -1.112938653732979066e+00, 4.071343225684034839e-02, -2.257563037245719287e-03, 2.060475835946301570e-02, 7.707795516466546537e-02, -4.505270647270464418e-02, 1.861802368998783166e-02, 1.729328459290105716e-02
1403638154845096960, -2.404928792247702951e+00, -3.587511670863600788e+00, 6.611853950096003851e-01, 2.943969527264464481e-01, -7.607111068787074659e-01, 1.838028609076093056e-01, 5.485121278685937130e-01, -1.931892012397693759e-01, -1.119173703263396602e+00, 6.416915061767623774e-02, -2.258308807834598798e-03, 2.060189458277968122e-02, 7.706902450305788688e-02, -4.504187970717435374e-02, 1.841241578471416313e-02, 1.757885706552538355e-02
1403638154895097088, -2.396028303975080487e+00, -3.619478560063370765e+00, 6.630281541626811270e-01, 2.987339789011688729e-01, -7.598009314687669269e-01, 1.837434352538752369e-01, 5.474476270751157392e-01, -1.685834592596890669e-01, -1.120859505351642360e+00, 1.241375206161914602e-01, -2.259149864405005266e-03, 2.057479405441541009e-02, 7.707381559918478897e-02, -4.457958246334271790e-02, 1.728251128766232145e-02, 1.878722128286066176e-02
1403638154945096960, -2.388471301743251285e+00, -3.649349393366071226e+00, 6.686406431065211597e-01, 3.038208966080593321e-01, -7.584272706502185324e-01, 1.836115832481774734e-01, 5.465964914042465983e-01, -1.307484409936775505e-01, -1.112812933380618929e+00, 1.629177743417497271e-01, -2.269059895427087865e-03, 2.055941555846786672e-02, 7.706531826028646670e-02, -4.418864254911494815e-02, 1.602948569015538033e-02, 1.989158816691802972e-02
1403638154995097088, -2.390298024052507131e+00, -3.690548238461818009e+00, 6.803905784954715763e-01, 3.081353475482350168e-01, -7.565671835756798691e-01, 1.856290205442149288e-01, 5.460774405333801429e-01, -1.029075638514620750e-01, -1.112576499195671920e+00, 1.932795173908802566e-01, -2.283796285841662235e-03, 2.056361209134486417e-02, 7.704701106048222892e-02, -4.409649296973367633e-02, 1.520749774853333985e-02, 2.032370681657992215e-02
1403638155045096960, -2.385991476099976971e+00, -3.734930152168128181e+00, 6.918320774417704433e-01, 3.129468318393713866e-01, -7.539609615277798049e-01, 1.886160711219633801e-01, 5.459222716177829504e-01, -7.205772564402201930e-02, -1.117763429260578922e+00, 2.350299980822033730e-01, -2.277206913736074152e-03, 2.055768825735605765e-02, 7.703496945692474285e-02, -4.389139441706550737e-02, 1.472138546838829519e-02, 2.089490831879133731e-02
1403638155095097088, -2.375560978348850050e+00, -3.764459338042351000e+00, 7.035543151338375933e-01, 3.182274689056284189e-01, -7.515396510542682318e-01, 1.918703970740617826e-01, 5.450735561864913370e-01, -4.161969266662707279e-02, -1.112343448406453383e+00, 2.329543249018559969e-01, -2.288802789221579086e-03, 2.055221036470017762e-02, 7.703256100310135190e-02, -4.364319257904757804e-02, 1.326894054982108613e-02, 2.166769390749569840e-02
1403638155145096960, -2.380998626510330674e+00, -3.819264475744029497e+00, 7.160189515257251447e-01, 3.225420619556902402e-01, -7.486574951856039828e-01, 1.959145393777656785e-01, 5.450651946622413480e-01, -3.339165591424536617e-02, -1.122861877808625675e+00, 2.310456973982241424e-01, -2.288834056773703801e-03, 2.056683928631488148e-02, 7.703335313970831322e-02, -4.380378562673799964e-02, 1.295637773761238072e-02, 2.131728053784739604e-02
1403638155195097088, -2.366688677779633654e+00, -3.841126432445251204e+00, 7.226190205499670727e-01, 3.257021109880637311e-01, -7.465836768684459557e-01, 2.001792149355693384e-01, 5.444806977655773927e-01, -1.586180743314946628e-02, -1.113299652983618548e+00, 2.068325742765645125e-01, -2.294317863760333802e-03, 2.055831886312850521e-02, 7.702277096596149564e-02, -4.346287242424430597e-02, 1.126905360099386515e-02, 2.213763336699596518e-02
1403638155245096960, -2.360796319066007065e+00, -3.877613393185817880e+00, 7.279535237844730888e-01, 3.282667126258039247e-01, -7.434087291264888098e-01, 2.043920134775151776e-01, 5.457181797109145194e-01, 1.123989775724027612e-02, -1.102778621838066409e+00, 1.618733151016317762e-01, -2.297677420081057752e-03, 2.055062408672179639e-02, 7.701344961225578545e-02, -4.323928539408646715e-02, 1.038161178094258383e-02, 2.254972477186093296e-02
1403638155295097088, -2.363809723487047876e+00, -3.921067475060364238e+00, 7.288105710435115459e-01, 3.307367455028568659e-01, -7.405120796426262197e-01, 2.072694282389322407e-01, 5.470781015495295163e-01, 2.972185963551093532e-02, -1.098160417274387735e+00, 1.297672907780838270e-01, -2.289779278330284201e-03, 2.055204588260026513e-02, 7.700684897659797190e-02, -4.321932283256398749e-02, 9.723436131073029398e-03, 2.226745605377181136e-02
1403638155345096960, -2.348398068978621467e+00, -3.942095727974066044e+00, 7.303469500388291014e-01, 3.339002133755769597e-01, -7.372646493281059810e-01, 2.095527628585938107e-01, 5.486703235433635362e-01, 5.858896454192248637e-02, -1.087815201131054899e+00, 9.613121575575375721e-02, -2.287737425050331060e-03, 2.054906808049988126e-02, 7.698585960798635941e-02, -4.289293192232435104e-02, 8.059647377752146916e-03, 2.305431110067247824e-02
1403638155395097088, -2.331625369915218293e+00, -3.967317638081566677e+00, 7.379042409673496339e-01, 3.373698693539708415e-01, -7.340481104703016069e-01, 2.131782153270203040e-01, 5.494633666378961889e-01, 8.552014174146099768e-02, -1.068148323394713994e+00, 6.398407188130775247e-02, -2.273209418999006925e-03, 2.058947419798036124e-02, 7.699194752012972209e-02, -3.961079677091287193e-02, 2.209575113406308036e-02, 3.074554974295129819e-02
1403638155445096960, -2.325435932941676498e+00, -4.017420703861293241e+00, 7.380094707026820799e-01, 3.421925116841931236e-01, -7.304657993808630900e-01, 2.150254914953696195e-01, 5.505343212637290318e-01, 1.171257131766289955e-01, -1.070841238003253038e+00, 2.801596869749990726e-02, -2.265771195999269523e-03, 2.058832582319903778e-02, 7.699232885621253020e-02, -3.953997400713893384e-02, 2.194937877013461436e-02, 3.077551023105588174e-02
1403638155495097088, -2.312129884455353501e+00, -4.056453274964900935e+00, 7.376586989234550362e-01, 3.472558356945168456e-01, -7.277297404558061844e-01, 2.178875333987277119e-01, 5.498616482549461004e-01, 1.541377014985846061e-01, -1.061530769731907187e+00, -1.278463725882682169e-03, -2.274641218663898609e-03, 2.058279274864608169e-02, 7.699082249661869104e-02, -3.928881769767404025e-02, 2.118199877087495811e-02, 3.143473197922336954e-02
1403638155545096960, -2.301677381720355520e+00, -4.106197786298707797e+00, 7.363534681624773759e-01, 3.505834314238754357e-01, -7.252006004114524007e-01, 2.249758705247735247e-01, 5.482346253708810790e-01, 1.912756230771713861e-01, -1.055947972393552980e+00, -3.456031234943845315e-02, -2.272466085285455243e-03, 2.057776540659176506e-02, 7.698348920705712362e-02, -3.921727581136856544e-02, 2.113058512527361474e-02, 3.162776683569620134e-02
1403638155595097088, -2.282947160323471447e+00, -4.140834905132285471e+00, 7.320935255198192104e-01, 3.542434082818800567e-01, -7.226202947502149421e-01, 2.321547928896704194e-01, 5.462926591510305352e-01, 2.276647625435734013e-01, -1.040050628793216525e+00, -5.553144813922120115e-02, -2.267365177969560015e-03, 2.056534516763793008e-02, 7.697397943935631315e-02, -3.892201782480791961e-02, 2.026099250074656771e-02, 3.235977918652623020e-02
1403638155645096960, -2.268022561238633106e+00, -4.188247474686066951e+00, 7.299406472306475546e-01, 3.577181399862562339e-01, -7.189961541156510982e-01, 2.416188970620465892e-01, 5.447041135095240794e-01, 2.647240781739776394e-01, -1.028911060857294224e+00, -6.848777558194456272e-02, -2.262284225464617285e-03, 2.056551300942467686e-02, 7.697236573385593528e-02, -3.883967801686315918e-02, 1.999085596011720631e-02, 3.270737914635938465e-02
1403638155695097088, -2.254140575566441207e+00, -4.240846739334089399e+00, 7.280204973100357080e-01, 3.625129140159873420e-01, -7.145017583450954390e-01, 2.505693877434586048e-01, 5.434028031021488347e-01, 2.885037845817359226e-01, -1.010862217794378237e+00, -9.377199278230265167e-02, -2.245642937402903948e-03, 2.056303228775651151e-02, 7.696431143537210695e-02, -3.889661426296513180e-02, 2.009546482317259991e-02, 3.273897727279451164e-02
1403638155745096960, -2.246824094157231499e+00, -4.313419568151424244e+00, 7.267291081866932290e-01, 3.683395002933751994e-01, -7.107200597130572950e-01, 2.588031471735489641e-01, 5.405774137514083311e-01, 3.125995735977097900e-01, -1.001405423914611736e+00, -1.138953446733823871e-01, -2.252323352724128203e-03, 2.056855990315794788e-02, 7.697227515149543398e-02, -3.911595576074913122e-02, 2.117877848560716439e-02, 3.229933792537174886e-02
1403638155795097088, -2.227792615435753909e+00, -4.352377263859763090e+00, 7.197654196138704163e-01, 3.757222410297557658e-01, -7.069972991980372212e-01, 2.658399250138644976e-01, 5.369513486256293211e-01, 3.367773677234700003e-01, -9.755453065260375478e-01, -1.450830951510813926e-01, -2.271673746645459530e-03, 2.057101598034945938e-02, 7.697207147224931212e-02, -3.900899799328335499e-02, 2.066074767903134518e-02, 3.251991281138966183e-02
1403638155845096960, -2.205883113658003936e+00, -4.380369234157515557e+00, 7.108199295659611838e-01, 3.829308256407780164e-01, -7.037796629121737535e-01, 2.735311412635473838e-01, 5.322019199555376723e-01, 3.612792080866179534e-01, -9.450977071137931507e-01, -1.561059687252842054e-01, -2.279170213386931890e-03, 2.057400113438102168e-02, 7.696342196251985956e-02, -3.883551554187700955e-02, 1.962876171942778275e-02, 3.285779630303110876e-02
1403638155895097088, -2.177587151516628072e+00, -4.395398016853887313e+00, 7.011012289690713439e-01, 3.920462780570948547e-01, -7.014341982032821221e-01, 2.796017796435950609e-01, 5.254642007526607594e-01, 3.841611439105269143e-01, -9.075059774898618370e-01, -1.543020536785072727e-01, -2.289370969097026358e-03, 2.057837082807864593e-02, 7.695114409485720453e-02, -3.858269817858001050e-02, 1.800220403530521443e-02, 3.346374133486099134e-02
1403638155945096960, -2.166587518992412864e+00, -4.456715154960488867e+00, 6.941107322195747553e-01, 4.020623676061811369e-01, -6.998174624311073178e-01, 2.853018315465749022e-01, 5.169180174336813760e-01, 4.051471801478020995e-01, -8.841331064631209324e-01, -1.420308141033594651e-01, -2.290027491871775549e-03, 2.058277452763402834e-02, 7.694598690091099258e-02, -3.876020615666947444e-02, 1.881544873730879239e-02, 3.294016847456182617e-02
1403638155995097088, -2.140345037820380547e+00, -4.480031072285768801e+00, 6.869533439029711364e-01, 4.128318265066661663e-01, -6.982629885997440056e-01, 2.907465856899540402e-01, 5.074101937136835661e-01, 4.184702006378298589e-01, -8.509973517688391720e-01, -1.169378666989343146e-01, -2.270449610138423630e-03, 2.060761727492066084e-02, 7.693438405544195113e-02, -3.663449358560934288e-02, 2.739347230208705533e-02, 3.800916071159717025e-02
1403638156045096960, -2.115605367081720090e+00, -4.510431648815311334e+00, 6.861682257339376534e-01, 4.243405465634865203e-01, -6.962050311486447374e-01, 2.953576198616294501e-01, 4.979935055150714884e-01, 4.190778367184155861e-01, -8.363043034960109257e-01, -5.393342529079547115e-02, -2.286131191454215169e-03, 2.061102541933433618e-02, 7.693526533598467332e-02, -3.644259235334530028e-02, 2.661619433329582077e-02, 3.874080739981593940e-02
1403638156095097088, -2.093703351610976870e+00, -4.543110597958093244e+00, 6.838491869207464768e-01, 4.354617764913653599e-01, -6.937586087438383231e-01, 3.003800922587903655e-01, 4.887165171992845503e-01, 4.255608517422718728e-01, -8.163494314898098736e-01, -5.440190347532420506e-03, -2.294027230981655809e-03, 2.061123674048435939e-02, 7.694036517592819924e-02, -3.633659984925004943e-02, 2.596376005057865477e-02, 3.897701376649444216e-02
1403638156145096960, -2.073812866919248599e+00, -4.581544237864326519e+00, 6.847118542196031221e-01, 4.445028904177248941e-01, -6.902279908460735580e-01, 3.062017781697888852e-01, 4.819159388405204747e-01, 4.188801448268674732e-01, -8.152231215638719997e-01, 3.994611498171161956e-02, -2.298237328113520578e-03, 2.062200933549811904e-02, 7.693768644226410547e-02, -3.631183052795966537e-02, 2.579397704799309479e-02, 3.903009911031008611e-02
1403638156195097088, -2.058490225353717840e+00, -4.631416238730537316e+00, 6.867809852313677688e-01, 4.516805305748564647e-01, -6.869848572216941118e-01, 3.127871875416901593e-01, 4.756055924371203614e-01, 4.006139342525941727e-01, -8.206904751858243863e-01, 7.705366212062021714e-02, -2.287277417597943525e-03, 2.062394776795218460e-02, 7.692779282249526118e-02, -3.648044456530105673e-02, 2.615181492882564726e-02, 3.850157897164289966e-02
1403638156245096960, -2.039475336892311308e+00, -4.664345674890950200e+00, 6.888858008507736663e-01, 4.598780100130163140e-01, -6.832228402433743186e-01, 3.175198530350937798e-01, 4.699999036221359505e-01, 3.915504962002078204e-01, -8.172033456143560359e-01, 1.015746785169195227e-01, -2.285690326534559318e-03, 2.061886043260704321e-02, 7.691976040524176050e-02, -3.637620255189613627e-02, 2.561318647938191570e-02, 3.863398827213836845e-02
1403638156295097088, -2.023179345534283691e+00, -4.713746709249500455e+00, 6.944376304336651318e-01, 4.679327468932756307e-01, -6.806973070236754797e-01, 3.212927576012558073e-01, 4.630994326368910730e-01, 3.736159266160654635e-01, -8.262553471510549752e-01, 1.184124795400088165e-01, -2.286174999972059342e-03, 2.062084961988545559e-02, 7.691784456495634470e-02, -3.648142252347354175e-02, 2.612229245513535483e-02, 3.834052647616114501e-02
1403638156345096960, -2.004362466483735172e+00, -4.750037324675028039e+00, 6.984109180854243260e-01, 4.748102931143260985e-01, -6.782715776891795612e-01, 3.244929888122165540e-01, 4.573916840776992565e-01, 3.586576027954451740e-01, -8.189611660338991239e-01, 8.395202041085274292e-02, -2.286000926698031083e-03, 2.061913200759549203e-02, 7.690907468715607598e-02, -3.645177949120177729e-02, 2.577824343286119757e-02, 3.836471634529960845e-02
1403638156395097088, -1.981490145394880553e+00, -4.799096676570837161e+00, 7.015835018540628187e-01, 4.798107556351791092e-01, -6.763020962637639188e-01, 3.279162785273833092e-01, 4.526234943557270740e-01, 3.465543658186576170e-01, -8.169194347177815008e-01, 6.337337592920033735e-02, -2.287958357598672554e-03, 2.060885639997446159e-02, 7.692279628493406407e-02, -3.630442528275517472e-02, 2.672111761827044435e-02, 3.865753229875978914e-02
1403638156445096960, -1.960346126913409481e+00, -4.885009651843855494e+00, 7.024032298799877116e-01, 4.845496362839060711e-01, -6.747377835413209679e-01, 3.297775468627692774e-01, 4.485391209516223499e-01, 3.402764600015237284e-01, -8.455249445418917542e-01, 2.084768078249277234e-02, -2.280193137614567548e-03, 2.060455814935029106e-02, 7.695961645968422971e-02, -3.664573654868310409e-02, 2.947819644483950716e-02, 3.771074516397965315e-02
1403638156495097088, -1.935752315629964970e+00, -4.899771829576418547e+00, 7.034682352456477217e-01, 4.877262898907942512e-01, -6.736499594063340979e-01, 3.317956530156805917e-01, 4.452307749708049878e-01, 3.155534260450553741e-01, -8.481461357136645951e-01, -4.576886410905217466e-03, -2.288790035269741736e-03, 2.059771992774644955e-02, 7.695251191518659439e-02, -3.630336279152872325e-02, 2.828934764392604037e-02, 3.870513056031652660e-02
1403638156545096960, -1.916670585677437533e+00, -4.923809475066360797e+00, 7.026397445183315549e-01, 4.902104169830885372e-01, -6.721464373638043055e-01, 3.334430648954065934e-01, 4.435410198544997851e-01, 2.993943532514179995e-01, -8.519388179021850638e-01, -3.290844496054008000e-02, -2.290346429883986009e-03, 2.060191696550349796e-02, 7.694994399766549864e-02, -3.622093661203157344e-02, 2.731945884632715205e-02, 3.898828446777393569e-02
1403638156595097088, -1.904495123243584054e+00, -4.975666879804848897e+00, 6.946467877019280035e-01, 4.917998952008878488e-01, -6.708740857344894781e-01, 3.349991143478209810e-01, 4.425340863215898035e-01, 2.762215588613975981e-01, -8.789593460440021655e-01, -6.160200802634564071e-02, -2.272493572773504403e-03, 2.060548140153449156e-02, 7.695667442840845029e-02, -3.717691634428076791e-02, 3.274861845803191812e-02, 3.630846980764970700e-02
1403638156645096960, -1.886252969687693959e+00, -5.025981730359167621e+00, 6.910194609208080152e-01, 4.930238386484906976e-01, -6.702053112879438057e-01, 3.353593964370840674e-01, 4.419122203188006193e-01, 2.649310400067818039e-01, -8.856246038764261641e-01, -9.681605368730748784e-02, -2.261093274918731487e-03, 2.059756600667955045e-02, 7.696208937691181862e-02, -3.708084979543252446e-02, 3.348972857807587522e-02, 3.659711275116449281e-02
1403638156695097088, -1.870410482410842290e+00, -5.081797782320715662e+00, 6.866431420495031634e-01, 4.937249466015136701e-01, -6.702026334969880539e-01, 3.356509573430847548e-01, 4.409110363686818412e-01, 2.535277450607765770e-01, -9.189221297273005851e-01, -1.205346195702926282e-01, -2.254135917177168841e-03, 2.059793632363480717e-02, 7.696552243994629616e-02, -3.706345448352810212e-02, 3.438838792822406648e-02, 3.673438373429594589e-02
1403638156745096960, -1.855112661484930925e+00, -5.137230341526353605e+00, 6.795103504280173290e-01, 4.943157882823647209e-01, -6.694308461581057745e-01, 3.357609622562807705e-01, 4.413375351038742456e-01, 2.366039291936678779e-01, -9.382422318084957524e-01, -1.438237278115098439e-01, -2.247734109259753085e-03, 2.058695103168193402e-02, 7.696784201697277894e-02, -3.685839457425103133e-02, 3.525655785641956114e-02, 3.720422462355440357e-02
1403638156795097088, -1.844267007495312027e+00, -5.184102720778295925e+00, 6.709312716163708945e-01, 4.943843092938194350e-01, -6.696338327151706293e-01, 3.355399617603355145e-01, 4.411208665084170866e-01, 2.067602923329127929e-01, -9.518610902334320167e-01, -1.568740239096292066e-01, -2.250139011889241286e-03, 2.058296579287425057e-02, 7.696144787500827644e-02, -3.682433571351734214e-02, 3.532657822701473771e-02, 3.722587255326956224e-02
1403638156845096960, -1.825813967441139107e+00, -5.243817027798531427e+00, 6.636951397986284862e-01, 4.942401854860646870e-01, -6.699377831738223543e-01, 3.349545574611912935e-01, 4.412657364478038691e-01, 2.071030363785132666e-01, -9.779703766930381015e-01, -1.735418352335491021e-01, -2.250818215034337474e-03, 2.056331092458837592e-02, 7.696392308670021998e-02, -3.653271880595535676e-02, 3.669426442285209089e-02, 3.800326035696948573e-02
1403638156895097088, -1.810194294395249592e+00, -5.303259039550418663e+00, 6.545799465669221995e-01, 4.940045059790720838e-01, -6.700660323154730147e-01, 3.343525651203579918e-01, 4.417911527031854191e-01, 1.954794015306153543e-01, -9.700904019688288971e-01, -1.729151198635793807e-01, -2.243248314591294625e-03, 2.054719486943114987e-02, 7.697528594749240838e-02, -3.640594834427974408e-02, 3.776006962615646029e-02, 3.827881732602534531e-02
1403638156945096960, -1.797114687013176892e+00, -5.364820726205986823e+00, 6.457901135106954849e-01, 4.936533018927950489e-01, -6.708068336684663846e-01, 3.330398777169761293e-01, 4.420509577913944166e-01, 1.804203582142922813e-01, -9.812516854044829318e-01, -1.583437387205852698e-01, -2.232514885866309241e-03, 2.053686646837378851e-02, 7.698417227578618904e-02, -3.621192154833563492e-02, 3.890091087709927897e-02, 3.869279544254686926e-02
1403638156995097088, -1.781623415739418403e+00, -5.435532872065185650e+00, 6.416083331538062762e-01, 4.928062149537642544e-01, -6.714682187605387487e-01, 3.322212276319426172e-01, 4.426076384431458788e-01, 1.751363520294242637e-01, -1.026439645242324117e+00, -1.064497722953736958e-01, -2.227554705821071374e-03, 2.053735373023210173e-02, 7.700425227341943513e-02, -3.643440948400390733e-02, 4.044086706238877310e-02, 3.819678745390836516e-02
1403638157045096960, -1.766886030243984163e+00, -5.503822337393764030e+00, 6.383942835405247429e-01, 4.922634432701745166e-01, -6.729998405460346778e-01, 3.309104234420637281e-01, 4.418667318346085060e-01, 1.514318329470977220e-01, -1.062786776388357612e+00, -7.246099614697378011e-02, -2.226147165667395102e-03, 2.053458562453915059e-02, 7.701661813927582201e-02, -3.630526858805184498e-02, 4.162961261816953279e-02, 3.862082904855459325e-02
1403638157095097088, -1.756905750636216679e+00, -5.553376244371835746e+00, 6.356611725356807741e-01, 4.919208582144848352e-01, -6.744002110925820803e-01, 3.297150409484267408e-01, 4.410059141374215175e-01, 1.324754051139489242e-01, -1.083164102810191487e+00, -4.236298857496029885e-02, -2.238588467484516065e-03, 2.053502486424504947e-02, 7.702233770409616653e-02, -3.620516983886370999e-02, 4.155945054938123967e-02, 3.885794664862007863e-02
1403638157145096960, -1.744974426639377851e+00, -5.603353195903056694e+00, 6.369408091230266411e-01, 4.916945280133091511e-01, -6.762119322146112887e-01, 3.278632242257781826e-01, 4.398631833338956798e-01, 1.200470870364739179e-01, -1.094132496746857086e+00, -1.162105184338703585e-02, -2.244960553923228738e-03, 2.052772712682779041e-02, 7.702588360386822264e-02, -3.602783741780798271e-02, 4.160475290471928739e-02, 3.950308492447403286e-02
1403638157195097088, -1.733479077609373586e+00, -5.658244682475873866e+00, 6.372521240002929632e-01, 4.917402559203165602e-01, -6.778134712193052414e-01, 3.254565115781865026e-01, 4.391337814520941962e-01, 1.085961146523347631e-01, -1.117144115644878033e+00, 2.258200989269997308e-02, -2.237958883564180115e-03, 2.051865851481337460e-02, 7.702502352964235577e-02, -3.577198566938824542e-02, 4.184652173230713618e-02, 4.016859460638615847e-02
1403638157245096960, -1.726747968951622969e+00, -5.720986273638154707e+00, 6.391761559250069835e-01, 4.905801037134304710e-01, -6.788216242566247338e-01, 3.257325302024373093e-01, 4.386692182613636803e-01, 1.067094229653723914e-01, -1.138507227144091694e+00, 4.660987127768344979e-02, -2.237449412702063791e-03, 2.052129682767954780e-02, 7.703479648166471072e-02, -3.587171395785070105e-02, 4.223305895755160438e-02, 3.992558701941858329e-02
1403638157295097088, -1.729500939019611438e+00, -5.752583430628090078e+00, 6.436233399896479357e-01, 4.907801911648596582e-01, -6.779308146870093310e-01, 3.263585923416902346e-01, 4.393571254261643966e-01, 8.065321242410959657e-02, -1.148600765427220560e+00, 9.690295355793192289e-02, -2.247926371017108446e-03, 2.053219519180031136e-02, 7.702588735682926180e-02, -3.608790681404174666e-02, 4.059994818220016843e-02, 3.944951762996095485e-02
1403638157345096960, -1.720281120400150243e+00, -5.810405798445723136e+00, 6.515624738751619738e-01, 4.921611237401005146e-01, -6.761388478017891224e-01, 3.260553980139807018e-01, 4.407965111001845848e-01, 7.337795690729757847e-02, -1.187966952160482093e+00, 1.151863909913081185e-01, -2.239910903551422389e-03, 2.053363820255910480e-02, 7.702431027111833473e-02, -3.594568156927541169e-02, 4.068964508234968608e-02, 3.996295595668662715e-02
1403638157395097088, -1.716627913799580352e+00, -5.867564315899837624e+00, 6.559896862865891576e-01, 4.938503709656433260e-01, -6.740297540410533639e-01, 3.253050562385547129e-01, 4.426876123747810476e-01, 5.680409994410200170e-02, -1.199670526443568308e+00, 9.637152945229247869e-02, -2.234981500956623440e-03, 2.052787828653124952e-02, 7.702550933012726475e-02, -3.581302861418094591e-02, 4.058579961435253292e-02, 4.025499566898067122e-02
1403638157445096960, -1.714325366265167849e+00, -5.913808433166812151e+00, 6.597266689604625034e-01, 4.950892118026602451e-01, -6.710990243128079902e-01, 3.254601134695736531e-01, 4.456326810988958109e-01, 6.139968180906579809e-02, -1.216189816843808780e+00, 7.328701529181561036e-02, -2.233166974281295802e-03, 2.054793567387934450e-02, 7.700345487719449655e-02, -3.818612018824942694e-02, 4.958414567451396165e-02, 3.403565489395270899e-02
1403638157495097088, -1.713037222514430580e+00, -5.953084229789367576e+00, 6.627837026883439675e-01, 4.963970784982666418e-01, -6.681695258165354367e-01, 3.272568801177638820e-01, 4.472609525143900200e-01, 5.765596434642451112e-02, -1.225550631884541275e+00, 4.856019844860065549e-02, -2.235796854298405852e-03, 2.053800641013844505e-02, 7.698986652633754701e-02, -3.798213329976278529e-02, 4.819286489422883873e-02, 3.456037889573581462e-02
1403638157545096960, -1.705746220553974624e+00, -6.008929482409006262e+00, 6.649843976640678056e-01, 4.984838226203021083e-01, -6.643933200193024025e-01, 3.299403880164488712e-01, 4.485919473810641156e-01, 6.198693086747119468e-02, -1.236481399943651915e+00, 2.416555493173714111e-02, -2.248884920759356386e-03, 2.053058472144547383e-02, 7.698900910116202034e-02, -3.766477089406068679e-02, 4.831519936177763180e-02, 3.535149542475007206e-02
1403638157595097088, -1.706165674864722037e+00, -6.050992925007167678e+00, 6.665876161805064370e-01, 5.014657582992051443e-01, -6.596478833430754474e-01, 3.333631909723009934e-01, 4.497396426369025813e-01, 5.331923051798583696e-02, -1.247819322384121854e+00, 2.490251707767113763e-03, -2.256450445792204922e-03, 2.053538053020719303e-02, 7.697572259034013431e-02, -3.776567564463563509e-02, 4.707642289406753500e-02, 3.518368233380229221e-02
1403638157645096960, -1.694606919956071600e+00, -6.140973270231434356e+00, 6.681256223229288249e-01, 5.054254986921932202e-01, -6.535564506608029234e-01, 3.369839471492650507e-01, 4.514984500915842913e-01, 6.653401376191285521e-02, -1.261209513955574568e+00, -1.560646209918512863e-02, -2.247733992066296756e-03, 2.053109804272332944e-02, 7.698045722751656328e-02, -3.739179865891646692e-02, 4.913152825443038718e-02, 3.620289166454483676e-02
1403638157695097088, -1.691475946507214223e+00, -6.195072427462410047e+00, 6.688161834589833044e-01, 5.108436856000403425e-01, -6.464841232375335700e-01, 3.406861907862591132e-01, 4.528023042034056145e-01, 7.803414559093932445e-02, -1.259130188113359416e+00, 2.655163976991360090e-03, -2.247602432168134632e-03, 2.052587319620181872e-02, 7.697559725326423574e-02, -3.708316193912969405e-02, 4.861365148740300068e-02, 3.710120933498531337e-02
1403638157745096960, -1.691050711486853375e+00, -6.249529495587911043e+00, 6.667639332485714165e-01, 5.173831100294729035e-01, -6.393310202352743277e-01, 3.442192379013885306e-01, 4.528616568884376026e-01, 7.871616674568812644e-02, -1.262397197606314858e+00, 2.950813642224426117e-02, -2.246639922805056689e-03, 2.051904874133565412e-02, 7.696508055534327652e-02, -3.687784026519694974e-02, 4.791068736539132872e-02, 3.744490131642178726e-02
1403638157795097088, -1.684403369144841678e+00, -6.331099937755787721e+00, 6.666396590922462062e-01, 5.241454506523591794e-01, -6.328246233613200600e-01, 3.486752938316664552e-01, 4.508104724819954612e-01, 1.065748671125051755e-01, -1.270347675617377270e+00, 6.548785589877050006e-02, -2.241072008983862902e-03, 2.051889164081160954e-02, 7.696876601464727741e-02, -3.689793436732836940e-02, 4.899918120217990058e-02, 3.728683513902776581e-02
1403638157845096960, -1.687322797206076253e+00, -6.379541243600034939e+00, 6.672013458489521875e-01, 5.307085962343190966e-01, -6.264249805683463901e-01, 3.549204326680150956e-01, 4.471818601840804042e-01, 1.078698501610556859e-01, -1.270333850944314946e+00, 1.127043756334706048e-01, -2.247705217806578344e-03, 2.050942963580716649e-02, 7.695396356008066263e-02, -3.695186451905421721e-02, 4.785716265373352041e-02, 3.698216515471693805e-02
1403638157895097088, -1.678470367276691633e+00, -6.448370102004034266e+00, 6.729574556861263046e-01, 5.368298120305465826e-01, -6.202115854239255155e-01, 3.615594063122764545e-01, 4.431998848468971519e-01, 1.370240807245037828e-01, -1.268694389843168624e+00, 1.523245288263574693e-01, -2.238565894421597636e-03, 2.049470818279652828e-02, 7.696237370614818218e-02, -3.682571243963060625e-02, 4.831615192807908049e-02, 3.730691038945251059e-02
1403638157945096960, -1.674617477634934515e+00, -6.513039991465651823e+00, 6.829689645791801045e-01, 5.431945661048328544e-01, -6.146002086617051718e-01, 3.674480290884955536e-01, 4.383927380627454240e-01, 1.424070631743181714e-01, -1.266300860253838589e+00, 1.846045259823893558e-01, -2.237841057350412576e-03, 2.049706438569375358e-02, 7.696463577717188587e-02, -3.708728766557260748e-02, 4.794054831784939907e-02, 3.673599821119437336e-02
1403638157995097088, -1.666952186897547650e+00, -6.564164134142533413e+00, 6.956894173789017755e-01, 5.489557260765063340e-01, -6.091591075647393438e-01, 3.719054287168255257e-01, 4.350392448615416630e-01, 1.436517077177581758e-01, -1.252190282973947300e+00, 1.774239451413507362e-01, -2.233866708123431136e-03, 2.049178161271795681e-02, 7.696443503047911694e-02, -3.699275478044473930e-02, 4.731568973187614408e-02, 3.722597756928127527e-02
1403638158045096960, -1.665282558300253068e+00, -6.629130555756038490e+00, 7.069181007717872944e-01, 5.540469681942907787e-01, -6.067340051527372324e-01, 3.764608011251645570e-01, 4.279989126647777420e-01, 1.492433684078004474e-01, -1.243446517686470187e+00, 1.551842190342580252e-01, -2.244582147899987570e-03, 2.049277836329020663e-02, 7.696550502260900151e-02, -3.700216691427095361e-02, 4.718000591268851213e-02, 3.744178949762695663e-02
1403638158095097088, -1.659136183941674059e+00, -6.692714704626755662e+00, 7.160474314185222289e-01, 5.572964312116185370e-01, -6.044353740059328350e-01, 3.818305084630431723e-01, 4.222369349262992677e-01, 1.407327668023511114e-01, -1.242703167220294613e+00, 1.309816064241162148e-01, -2.244390811890493390e-03, 2.049727964371194158e-02, 7.696091311355070241e-02, -3.697007214255262214e-02, 4.743926794949727271e-02, 3.759464133988880963e-02
1403638158145096960, -1.651222717030341514e+00, -6.759330631936476763e+00, 7.247654986976599378e-01, 5.597493223026357434e-01, -6.024562100160287814e-01, 3.864601819215093270e-01, 4.175832120476787868e-01, 1.322945580283402811e-01, -1.242411737653171810e+00, 1.059879859040833289e-01, -2.243039855417073604e-03, 2.050377295848965220e-02, 7.695290705439006285e-02, -3.695233876672926465e-02, 4.783324059693225272e-02, 3.778716543629608016e-02
1403638158195097088, -1.650653062641900259e+00, -6.822387096225277503e+00, 7.281100945901910482e-01, 5.613331452891465734e-01, -6.013096953238770137e-01, 3.910592673203133751e-01, 4.128006779938713788e-01, 1.152130927206721361e-01, -1.239290034117216832e+00, 6.708398659700139099e-02, -2.253383740467886521e-03, 2.051349612755894516e-02, 7.694650711744512039e-02, -3.727121561409961481e-02, 4.768819389431776246e-02, 3.686001105080347062e-02
1403638158245096960, -1.652868273739662941e+00, -6.852197397489402597e+00, 7.302000637694939789e-01, 5.630403241848189744e-01, -5.992580722653678693e-01, 3.938494108828590745e-01, 4.108016525208658121e-01, 1.035829980194874073e-01, -1.214458992193229614e+00, 4.333855740967562653e-02, -2.233247323660947272e-03, 2.053035820977967482e-02, 7.694202584343624862e-02, -3.615150282408557264e-02, 5.755452284635029919e-02, 3.939286650989626271e-02
1403638158295097088, -1.644424541563408226e+00, -6.914388958882678793e+00, 7.317329954854261409e-01, 5.650058375597785121e-01, -5.969328045754679346e-01, 3.951375889209728931e-01, 4.102510404213008943e-01, 9.876752572504689243e-02, -1.212380740052417805e+00, 2.165637413059983210e-02, -2.225181852108108586e-03, 2.052975871624644275e-02, 7.694334965976309948e-02, -3.609233243598539143e-02, 5.794877888967261970e-02, 3.953424614873538023e-02
1403638158345096960, -1.641964726968265120e+00, -6.967767405822085536e+00, 7.331789481420368793e-01, 5.679404978099094059e-01, -5.948836075876956508e-01, 3.940572583767560366e-01, 4.102145310584153215e-01, 8.822837055164144127e-02, -1.200086513888842354e+00, 4.018221852482471539e-03, -2.231563545105601926e-03, 2.052744818367412474e-02, 7.694815969556161039e-02, -3.616209837242335967e-02, 5.734736584918202068e-02, 3.945089029466688352e-02
1403638158395097088, -1.635881405643969888e+00, -7.033721612861439709e+00, 7.323331195059430421e-01, 5.692877586430002967e-01, -5.934143115908027122e-01, 3.940221469368638818e-01, 4.105087701641795261e-01, 8.627328593783563371e-02, -1.201672976901328571e+00, -1.286453959503533646e-02, -2.226761410949283562e-03, 2.052181320012762961e-02, 7.695436204309355488e-02, -3.615298344497474420e-02, 5.763588168979624782e-02, 3.948195885273211164e-02
1403638158445096960, -1.632544976987250873e+00, -7.090514979844317445e+00, 7.318259491851193399e-01, 5.713770729238281110e-01, -5.908752015085653175e-01, 3.924749824959822275e-01, 4.127446243065913123e-01, 8.375438947092558872e-02, -1.182949809082439518e+00, -3.640624736466648720e-02, -2.227267314577673161e-03, 2.051835847244010830e-02, 7.695706652334734221e-02, -3.609066218453111513e-02, 5.740328047435905301e-02, 3.970369344600003375e-02
1403638158495097088, -1.628112910922782319e+00, -7.142274966506648504e+00, 7.287571694586717497e-01, 5.726019159244243317e-01, -5.889558222309049240e-01, 3.915742009651058120e-01, 4.146416892674159027e-01, 8.164431682517232780e-02, -1.171895984366402743e+00, -6.395413142748658519e-02, -2.226176630616685456e-03, 2.051530550865734645e-02, 7.695175501850246014e-02, -3.610670812146250103e-02, 5.717984305438521958e-02, 3.954504680019991364e-02
1403638158545096960, -1.617785884637094496e+00, -7.214743087710234981e+00, 7.298695232047209824e-01, 5.734591847053003288e-01, -5.872593803281686009e-01, 3.905246956541359449e-01, 4.168470292300910374e-01, 9.109269126725053067e-02, -1.179469045129837745e+00, -6.895437930282913297e-02, -2.213689116246207126e-03, 2.053152878542852111e-02, 7.694591412616352821e-02, -3.628837305257472112e-02, 5.809124111515058531e-02, 3.931522056563089423e-02
1403638158595097088, -1.607682669282891164e+00, -7.276392060263259687e+00, 7.294949133090655735e-01, 5.739812876707174327e-01, -5.864557329432056321e-01, 3.894644391002590744e-01, 4.182494535301070626e-01, 1.021952720246358248e-01, -1.178270899146009576e+00, -7.750625899124141682e-02, -2.214270459625273125e-03, 2.052815644076135676e-02, 7.695259973886935112e-02, -3.604736843031793730e-02, 5.854121409960156425e-02, 4.016551441342475909e-02
1403638158645096960, -1.596107173390049594e+00, -7.342607493043261435e+00, 7.249659649659029315e-01, 5.735155656715211769e-01, -5.858294782286149749e-01, 3.894138097412178090e-01, 4.198101989634058784e-01, 1.232915125109326077e-01, -1.172636228762452770e+00, -8.299409045246029792e-02, -2.195499405865830155e-03, 2.052262186092122451e-02, 7.695937753810648541e-02, -3.592876627306149095e-02, 5.918679242704321525e-02, 4.049093943338905738e-02
1403638158695097088, -1.592117293619609741e+00, -7.390584712041525783e+00, 7.196522613389554346e-01, 5.721865242815473707e-01, -5.867069065310194231e-01, 3.904855187916994597e-01, 4.194027263542539075e-01, 1.393691001691967357e-01, -1.163156729487029084e+00, -8.103644082341489308e-02, -2.194080905300111080e-03, 2.051156632590491954e-02, 7.695681630465033007e-02, -3.574691019378211515e-02, 5.858403574538445513e-02, 4.088709909673845372e-02
1403638158745096960, -1.584154514120762247e+00, -7.443336221435323807e+00, 7.159084011123358904e-01, 5.709215098593599658e-01, -5.883158897094706852e-01, 3.915035789616270745e-01, 4.179210345932589665e-01, 1.485718104549907936e-01, -1.150982755501750887e+00, -7.424005773381057993e-02, -2.191274772570541828e-03, 2.051241779822154943e-02, 7.695015521004418269e-02, -3.556787252418042861e-02, 5.840843867648795595e-02, 4.135224836287534900e-02
1403638158795097088, -1.579728372478288456e+00, -7.507046469065530303e+00, 7.112748171758361826e-01, 5.701087761667277265e-01, -5.912487969016424483e-01, 3.919036147886935106e-01, 4.145025937380751313e-01, 1.519865067299955574e-01, -1.152017642079295134e+00, -6.370311458311368746e-02, -2.206232696758254636e-03, 2.051902438509148677e-02, 7.694304210313160364e-02, -3.576271668778231022e-02, 5.865839008509655256e-02, 4.080223706885382357e-02
1403638158845096960, -1.577191982233816070e+00, -7.556904666703540663e+00, 7.063513215738161932e-01, 5.690630736955358815e-01, -5.944570539111894147e-01, 3.920113547822994260e-01, 4.112360963402465486e-01, 1.444882728907697644e-01, -1.139237541515864871e+00, -2.455157199634023721e-02, -2.214787722688400188e-03, 2.051886828635534135e-02, 7.694231875118277830e-02, -3.576363602955474896e-02, 5.829222764474106117e-02, 4.067158140331795374e-02
1403638158895097088, -1.569799456217190636e+00, -7.612278760150129386e+00, 7.057992532851562473e-01, 5.686129210747963292e-01, -5.974949782604177528e-01, 3.913136729641966127e-01, 4.081086942122654215e-01, 1.525758126718254337e-01, -1.150069508463092971e+00, 1.261350856162157634e-02, -2.210524630033034593e-03, 2.050541895718046084e-02, 7.693054626996534417e-02, -3.539250572383815380e-02, 5.833189834184285272e-02, 4.165428676962889404e-02
1403638158945096960, -1.565338510976895137e+00, -7.673327420327154869e+00, 7.078005851519812985e-01, 5.678465970935305807e-01, -5.998644159788988350e-01, 3.916367475216662175e-01, 4.053807871646646355e-01, 1.360888793442304456e-01, -1.149167980288642088e+00, 5.243893164118473144e-02, -2.231274342345647161e-03, 2.051394650473277459e-02, 7.693855102083790864e-02, -3.553972075749875503e-02, 5.826465668754750998e-02, 4.124509002092294901e-02
1403638158995097088, -1.556383734716717315e+00, -7.735568283483916119e+00, 7.119204344401390827e-01, 5.683686765935977991e-01, -6.024414282550998312e-01, 3.894272314706748173e-01, 4.029488855652578194e-01, 1.398655695913711972e-01, -1.144939887704662596e+00, 9.552394834123548173e-02, -2.219931868154587790e-03, 2.051770402524362089e-02, 7.693680368309216422e-02, -3.564550821359252497e-02, 5.840635222056944631e-02, 4.099578512607081338e-02
1403638159045096960, -1.554047463941014451e+00, -7.786356098049861174e+00, 7.167233535392149024e-01, 5.694841275634739963e-01, -6.055342652680903992e-01, 3.869798816321309287e-01, 3.990772522350591323e-01, 1.275989990214937142e-01, -1.146998967052942575e+00, 1.308893833551701968e-01, -2.232327629428546706e-03, 2.050399264117633638e-02, 7.693253430360239009e-02, -3.546334183444906085e-02, 5.819030291881895772e-02, 4.139828367543176013e-02
1403638159095097088, -1.550473205618940531e+00, -7.836366906824251188e+00, 7.233269755875444407e-01, 5.713371557077610019e-01, -6.085872046151363790e-01, 3.831156922233543982e-01, 3.954969472179522549e-01, 1.162604244874842346e-01, -1.164369307148324761e+00, 1.498227045915670186e-01, -2.243215069536361704e-03, 2.050321270950013208e-02, 7.693215623250895807e-02, -3.545151198590389824e-02, 5.781761620323475070e-02, 4.142470997227804680e-02
1403638159145096960, -1.544131469285351388e+00, -7.894877728573883147e+00, 7.328113070024435682e-01, 5.730629435141154637e-01, -6.129468919784788472e-01, 3.791258376172602640e-01, 3.900750820494328641e-01, 1.114643125856005224e-01, -1.176434464185577955e+00, 1.332786565699151660e-01, -2.232925853859752622e-03, 2.049902669952266901e-02, 7.691954263838161887e-02, -3.534407312896131748e-02, 5.803633571573343225e-02, 4.177810480712947777e-02
1403638159195097088, -1.540396073413238254e+00, -7.949568901756352446e+00, 7.394989092913042406e-01, 5.758213504658891146e-01, -6.160154960897553655e-01, 3.740221755964491246e-01, 3.860856033149017152e-01, 1.015267219669481330e-01, -1.207554822728331256e+00, 1.111212462558664876e-01, -2.244519320928976044e-03, 2.050302914591499090e-02, 7.692862780833853442e-02, -3.550687703817743263e-02, 5.766838869818318586e-02, 4.139413562673110308e-02
1403638159245096960, -1.536958440779561119e+00, -8.006284627334016690e+00, 7.455956249318754780e-01, 5.764153493445441923e-01, -6.173169853012957509e-01, 3.719288138149209888e-01, 3.851415871504308419e-01, 8.437277356485703428e-02, -1.253761532357913211e+00, 1.141483732278465307e-01, -2.232243971138238043e-03, 2.049944194042141801e-02, 7.691652575309679274e-02, -3.545698556900789972e-02, 5.732144738692532271e-02, 4.161078250517900173e-02
1403638159295097088, -1.533871640923542001e+00, -8.064179688709392835e+00, 7.533398738354946111e-01, 5.739278828259478660e-01, -6.161644621170153657e-01, 3.747644396282355794e-01, 3.879429799972011206e-01, 7.121625340515448654e-02, -1.284881921885567380e+00, 9.797363686360002766e-02, -2.238605056521629673e-03, 2.050318605495800306e-02, 7.692098230351092358e-02, -3.555371766779195919e-02, 5.708191063964635631e-02, 4.147953783606785766e-02
1403638159345096960, -1.534175531428181971e+00, -8.121934903328469346e+00, 7.572855261547438710e-01, 5.692194509788581769e-01, -6.134631128416919710e-01, 3.813281165753185098e-01, 3.927353986070382663e-01, 5.688632991653203019e-02, -1.309019289803153629e+00, 8.234871924188412462e-02, -2.253567430593286011e-03, 2.049827464667743765e-02, 7.692154659713140719e-02, -3.542527950943492876e-02, 5.681536933197263439e-02, 4.182058903558402707e-02
1403638159395097088, -1.531520957689124884e+00, -8.187524789672485426e+00, 7.601542795947917597e-01, 5.641238418427626522e-01, -6.093521789652915910e-01, 3.885232530959377151e-01, 3.993793871227743764e-01, 4.115763761857395286e-02, -1.324706247089056932e+00, 6.104930015711308028e-02, -2.262683788494045372e-03, 2.049659052395683481e-02, 7.692031753045464049e-02, -3.539911029571944645e-02, 5.680971793408041981e-02, 4.182510750643942538e-02
1403638159445096960, -1.532269816025281894e+00, -8.251764633677678873e+00, 7.593190946747482295e-01, 5.579120741473667655e-01, -6.045143030323210098e-01, 3.970213734052014942e-01, 4.070265396867601693e-01, 2.151824656525317542e-02, -1.324196057499144707e+00, 8.266933787957622681e-02, -2.266498407078068773e-03, 2.048807029620281633e-02, 7.692693835020422699e-02, -3.527782279574943197e-02, 5.686451488955349826e-02, 4.200379742139543487e-02
1403638159495097088, -1.532057834213922165e+00, -8.315954861395658426e+00, 7.675361608358065579e-01, 5.510988190702347245e-01, -6.006264060745029054e-01, 4.064272740450990407e-01, 4.127406968760036765e-01, 1.239291913450235594e-02, -1.319246745930322762e+00, 1.063007991560076942e-01, -2.259499646292273487e-03, 2.051623424375486823e-02, 7.692107945698993532e-02, -3.551182256336924553e-02, 6.116650856391468022e-02, 4.144408400713909396e-02
1403638159545096960, -1.526863073055406250e+00, -8.383167513635090273e+00, 7.737102425608644030e-01, 5.437125474926590707e-01, -5.978283118228339132e-01, 4.165582411535100338e-01, 4.164819407959937103e-01, -1.334492753042967233e-03, -1.285946050961459530e+00, 1.428908059507823791e-01, -2.244575247114985114e-03, 2.050811193216836234e-02, 7.692721874149351102e-02, -3.542263904563013738e-02, 6.137889886319110311e-02, 4.166878869940105617e-02
1403638159595097088, -1.528572042889828619e+00, -8.439159119900082828e+00, 7.828588694778170209e-01, 5.365702466233910339e-01, -5.971850453146049231e-01, 4.263896961984407485e-01, 4.167183930028861005e-01, -2.456835961389088746e-02, -1.251745893454172975e+00, 1.756322488991548525e-01, -2.242928743931639751e-03, 2.050362623930163108e-02, 7.692749658773487265e-02, -3.538184989722674423e-02, 6.100368298266645867e-02, 4.184409022545971385e-02
1403638159645096960, -1.530073174952914616e+00, -8.488260738678711448e+00, 7.937012118551795004e-01, 5.308974401185188041e-01, -5.968158526885088966e-01, 4.341813836128539106e-01, 4.164676124013964587e-01, -5.902776052306640819e-02, -1.202413860372568699e+00, 2.133894595139535222e-01, -2.232926754242964187e-03, 2.049401580634693798e-02, 7.692480311195108722e-02, -3.499098040839190155e-02, 6.076051724067291909e-02, 4.294464194366361121e-02
1403638159695097088, -1.539851553143458673e+00, -8.526201949362583576e+00, 8.053407681747885016e-01, 5.263641596168660008e-01, -5.965477379474207753e-01, 4.405227534537358158e-01, 4.159462363216969161e-01, -1.071988511479133738e-01, -1.168523853083506703e+00, 2.547745613668789266e-01, -2.249229960616874833e-03, 2.048792904940994683e-02, 7.692477924345594853e-02, -3.479502501447279128e-02, 5.997449628908799873e-02, 4.341261486261609182e-02
1403638159745096960, -1.546005126535321184e+00, -8.583222234938698847e+00, 8.184336249559225340e-01, 5.242006585455911694e-01, -5.974287324247863351e-01, 4.438173333157729994e-01, 4.139066970974952797e-01, -1.509134947880338418e-01, -1.124904585508727184e+00, 2.912648715572940250e-01, -2.243325066882131784e-03, 2.048356712779535876e-02, 7.692700067108951267e-02, -3.465024242651280895e-02, 6.006715236476346115e-02, 4.375137034131756225e-02
1403638159795097088, -1.558132867621853546e+00, -8.618150088887857052e+00, 8.347715636922136140e-01, 5.244763820892137662e-01, -5.951563497883731735e-01, 4.435708769001660556e-01, 4.170831105465749311e-01, -2.020737131909929318e-01, -1.047132672430607592e+00, 3.367423211480111700e-01, -2.237665352269135096e-03, 2.047709932121965365e-02, 7.692168747111631510e-02, -3.434060826979907360e-02, 5.951745852669768078e-02, 4.463503159413199917e-02
1403638159845096960, -1.569979063053360324e+00, -8.645319715017864226e+00, 8.513980645231442601e-01, 5.260100187955951689e-01, -5.927877485194962270e-01, 4.416817597718653565e-01, 4.205155983036449330e-01, -2.366819628290879884e-01, -1.006655921170782397e+00, 3.900096447616879791e-01, -2.232589940016969313e-03, 2.047645398592070481e-02, 7.692420490629760244e-02, -3.429382793150118069e-02, 5.869906097449889559e-02, 4.468758679777913578e-02
1403638159895097088, -1.594204823890373435e+00, -8.613634493334359377e+00, 8.718967588535616597e-01, 5.304073080261100248e-01, -5.895622815419947482e-01, 4.360395956119358374e-01, 4.253867356113405496e-01, -2.816673975016698028e-01, -9.214806507202036867e-01, 4.342070536058786345e-01, -2.212509084360085414e-03, 2.049176128905930150e-02, 7.691572999973313174e-02, -3.344385883421751443e-02, 6.126242568496636370e-02, 4.662670086022906168e-02
1403638159945096960, -1.605098622720146029e+00, -8.683278788781107593e+00, 8.954987336148699795e-01, 5.348866254968892564e-01, -5.866650532410253582e-01, 4.299159041570804196e-01, 4.299915447111203881e-01, -2.974685116298664278e-01, -8.678747960571577824e-01, 4.618621675923423320e-01, -2.217728859495615278e-03, 2.049469714225884628e-02, 7.691923332938371827e-02, -3.374614469705712605e-02, 6.187103653479925774e-02, 4.587722637861259972e-02
1403638159995097088, -1.621985384652149254e+00, -8.697300944615816931e+00, 9.174918173574978519e-01, 5.384358115327911865e-01, -5.842717584706803580e-01, 4.258222133457094105e-01, 4.328843168029592459e-01, -3.042718685005626478e-01, -7.878279456897918642e-01, 5.256748710086376342e-01, -2.218828045532471403e-03, 2.047820717024055950e-02, 7.691811916341438626e-02, -3.316773219375557247e-02, 6.134215263856448996e-02, 4.721489987440541380e-02
1403638160045096960, -1.634551491950645419e+00, -8.757894392702439745e+00, 9.434243861902713579e-01, 5.415982990452001822e-01, -5.826496630559299117e-01, 4.221780149441938801e-01, 4.346911274801193992e-01, -3.153668352787135087e-01, -7.421150764430430868e-01, 5.408814365423640913e-01, -2.229020982582747765e-03, 2.047065872088012911e-02, 7.692166354635225634e-02, -3.327082989977336175e-02, 6.189918647131067292e-02, 4.686155707627143868e-02
1403638160095097088, -1.650602413932567902e+00, -8.769938593687106376e+00, 9.685793951289088932e-01, 5.444557817617270423e-01, -5.829926371486885417e-01, 4.189382093442695632e-01, 4.337951861052187219e-01, -3.145393042883747325e-01, -6.859837920758486973e-01, 5.728767344234997339e-01, -2.231962097830524159e-03, 2.046209458469538597e-02, 7.692662955878268316e-02, -3.280376126256150798e-02, 6.145315387539265067e-02, 4.792127058814019819e-02
1403638160145096960, -1.665501900736586993e+00, -8.817336146627170024e+00, 1.001748646663708220e+00, 5.479716883474501365e-01, -5.840578267001336199e-01, 4.148978362415531862e-01, 4.318139290505101369e-01, -3.229641329226247137e-01, -6.786961879239086226e-01, 6.225669836432188298e-01, -2.235264323303870048e-03, 2.047176895992417964e-02, 7.692452996518832353e-02, -3.310092139263135641e-02, 6.160847377998749513e-02, 4.724033453344828742e-02
1403638160195097088, -1.681776247625272891e+00, -8.834394790516199691e+00, 1.030353131993368754e+00, 5.526858678768563626e-01, -5.874017545447564048e-01, 4.091948193640654319e-01, 4.266815088711459203e-01, -3.186677120058731827e-01, -6.567855390824667294e-01, 6.790973830985477244e-01, -2.227522992088599215e-03, 2.046241090904027046e-02, 7.692550962482083698e-02, -3.273170795171198577e-02, 6.136143809057836851e-02, 4.803800063894548417e-02
1403638160245096960, -1.694812595895433427e+00, -8.903176695102967386e+00, 1.065377035785263216e+00, 5.576932331897543893e-01, -5.911147347595245849e-01, 4.029572218966431252e-01, 4.209359872069320940e-01, -3.223188038985764226e-01, -6.415807332492937665e-01, 7.167718764593374869e-01, -2.231406878247007685e-03, 2.046070426231150208e-02, 7.692586250737903919e-02, -3.300735457588128974e-02, 6.206595791602536466e-02, 4.728397994775543345e-02
1403638160295097088, -1.708293286067458894e+00, -8.937368790143132458e+00, 1.099850565893810916e+00, 5.614227550849144599e-01, -5.945831375368867411e-01, 3.984395836386815937e-01, 4.153568114519006760e-01, -3.255696231817201691e-01, -6.232406485572249411e-01, 7.450254082818956736e-01, -2.235086046490540428e-03, 2.044288977828203485e-02, 7.691778335786236820e-02, -3.257236022384919077e-02, 6.270224909732241558e-02, 4.824116351693337468e-02
1403638160345096960, -1.730187314657320119e+00, -8.968634238468780495e+00, 1.134944196454467980e+00, 5.651051470525001452e-01, -5.969033336403138934e-01, 3.937133505127308752e-01, 4.115244594090272101e-01, -3.276245100003923882e-01, -6.233621682530883223e-01, 7.865251033457474339e-01, -2.240695777783466552e-03, 2.043583428696530563e-02, 7.690809135153488241e-02, -3.243004077141721508e-02, 6.249930285302849470e-02, 4.847053172805339954e-02
1403638160395097088, -1.749694331686230564e+00, -9.020264162134411734e+00, 1.174551214362430596e+00, 5.677057430058953802e-01, -5.986767058516658802e-01, 3.903825421829432707e-01, 4.085313476191330118e-01, -3.363852842827164680e-01, -6.235730294286919717e-01, 7.815252474134187777e-01, -2.251830399991453825e-03, 2.043787102468068786e-02, 7.690052095781770014e-02, -3.263378787833611655e-02, 6.282786357783287645e-02, 4.790735075558107819e-02
1403638160445096960, -1.770875386591232115e+00, -9.066567407512115651e+00, 1.214469068668513341e+00, 5.685923061869989636e-01, -5.999085108853663417e-01, 3.893623139831654534e-01, 4.064597844337460297e-01, -3.456992946336417960e-01, -6.373893365002873956e-01, 7.628873379961063073e-01, -2.265929178651098115e-03, 2.044127857515417451e-02, 7.689080552238518329e-02, -3.276077521732247838e-02, 6.286878830621249470e-02, 4.759113778754047591e-02
1403638160495097088, -1.785173712228149023e+00, -9.101551087204093449e+00, 1.250662472460046359e+00, 5.691498245977740789e-01, -6.006802517213438719e-01, 3.882969123523821731e-01, 4.055579122763019462e-01, -3.407225295929420250e-01, -6.534828632300161422e-01, 7.405173575182558698e-01, -2.251567329413227490e-03, 2.044000749468751973e-02, 7.689449572597280291e-02, -3.282275835880267556e-02, 6.317964463538547348e-02, 4.737634309063937232e-02
1403638160545096960, -1.804687283683663601e+00, -9.137738111435208310e+00, 1.286005137381436736e+00, 5.696550091684158268e-01, -6.012797055788935419e-01, 3.873875899188043426e-01, 4.048292743431379792e-01, -3.389292635951852151e-01, -6.705441250638392026e-01, 7.187976176453276800e-01, -2.254810038176752011e-03, 2.044092448537239079e-02, 7.688857575213016438e-02, -3.292994585604416130e-02, 6.326418778584333436e-02, 4.703722619732899485e-02
1403638160595097088, -1.823406393988923568e+00, -9.171845522783479865e+00, 1.317918643356370545e+00, 5.698331216087910711e-01, -6.013723863718378748e-01, 3.873228935989497801e-01, 4.045027101530451197e-01, -3.361253963696883007e-01, -6.823378755842980370e-01, 6.857136788344195821e-01, -2.270994020971304258e-03, 2.043301385497704389e-02, 7.689862130349099656e-02, -3.277869980266606698e-02, 6.351506246097303465e-02, 4.729240463547496748e-02
1403638160645096960, -1.839485353196611550e+00, -9.209300079160922081e+00, 1.350929786823572565e+00, 5.697124984105934598e-01, -6.024463636332345606e-01, 3.871254880035602808e-01, 4.032615833895631940e-01, -3.359016582218459224e-01, -7.010771460422808854e-01, 6.696753733116601603e-01, -2.269159635593209767e-03, 2.043122358404350636e-02, 7.689895576154666401e-02, -3.274279734327623093e-02, 6.372820617351911132e-02, 4.733851236831442683e-02
1403638160695097088, -1.856049332970496124e+00, -9.241857465995616749e+00, 1.383542168399072292e+00, 5.693374782915040511e-01, -6.016805507128747399e-01, 3.874536400253330570e-01, 4.046171369796915940e-01, -3.276701226775245446e-01, -7.109353768923645234e-01, 6.535869501202345999e-01, -2.264958764209266690e-03, 2.043218837427114576e-02, 7.689864862625664377e-02, -3.272976709531906503e-02, 6.364705389864759588e-02, 4.737650927203222034e-02
1403638160745096960, -1.873891269350236977e+00, -9.277055659119623598e+00, 1.413941046354507458e+00, 5.668547190388574242e-01, -6.014868150863692531e-01, 3.911224806089790840e-01, 4.048611415570934624e-01, -3.319098952949274817e-01, -7.198773396049604756e-01, 6.335551277716418017e-01, -2.261981368750654291e-03, 2.042823611567689060e-02, 7.689338526104617932e-02, -3.273048084345399344e-02, 6.351562362912646642e-02, 4.729749871819267232e-02
1403638160795097088, -1.894043602174988905e+00, -9.300251940076881496e+00, 1.446054394466530946e+00, 5.624654966647216758e-01, -6.015773813710668660e-01, 3.960321623565651317e-01, 4.060735717374638898e-01, -3.580511483562908714e-01, -7.204275405929319032e-01, 6.194842674114097170e-01, -2.273431404883196217e-03, 2.042895853396863026e-02, 7.688687469898589089e-02, -3.259763004194696223e-02, 6.339886112109245631e-02, 4.766238946583796487e-02
1403638160845096960, -1.911485056937030302e+00, -9.343531768929080883e+00, 1.477205263212662434e+00, 5.560140369530275350e-01, -6.014195542410232243e-01, 4.015860515170478484e-01, 4.097213122534305030e-01, -3.722018433742022570e-01, -7.241626542709910241e-01, 6.152485959234567092e-01, -2.272427173982190674e-03, 2.043369639323926873e-02, 7.689029248074551182e-02, -3.258866680578310915e-02, 6.328174387954681179e-02, 4.759816190545095721e-02
1403638160895097088, -1.933712589917080837e+00, -9.402102936572076075e+00, 1.508383629333678977e+00, 5.481562855447588145e-01, -6.023366876870935860e-01, 4.067031912495123747e-01, 4.138933624877018658e-01, -3.903199264792265866e-01, -7.195606888494140430e-01, 5.894498966954986319e-01, -2.286489681109664385e-03, 2.044127470007496908e-02, 7.689370250326905964e-02, -3.277141508353367122e-02, 6.316943926761023342e-02, 4.714289634816879598e-02
1403638160945096960, -1.953381793948671286e+00, -9.446483016555687229e+00, 1.534487327227242126e+00, 5.401615708646920755e-01, -6.035301773617078869e-01, 4.094366617756788340e-01, 4.199266868975133349e-01, -4.169657802888129816e-01, -6.856857125372159967e-01, 5.630766076542569332e-01, -2.280506905770803266e-03, 2.043777075233262075e-02, 7.689178122717987840e-02, -3.277023113171534385e-02, 6.340103848130194952e-02, 4.700890812801719609e-02
1403638160995097088, -1.976928353026209839e+00, -9.500484824657780436e+00, 1.559157321777556726e+00, 5.332303151028738863e-01, -6.058033538025003883e-01, 4.093113562689860707e-01, 4.255959835409348635e-01, -4.422319945187152546e-01, -6.729554219200521992e-01, 5.357484970024316562e-01, -2.284990890231328956e-03, 2.043609111304846640e-02, 7.689489942236601983e-02, -3.293442242812632398e-02, 6.360083125263993331e-02, 4.653589725435741675e-02
1403638161045096960, -2.009835888524378333e+00, -9.540220583180893499e+00, 1.581879097293261038e+00, 5.263122522101217893e-01, -6.094677158859931332e-01, 4.076674756447756787e-01, 4.305249653244694330e-01, -4.710391115623837610e-01, -6.429307037050057128e-01, 5.342593728806308562e-01, -2.282569701195710354e-03, 2.045043758116215152e-02, 7.691685194802883041e-02, -3.034055080051034983e-02, 6.604804250837366386e-02, 5.293415337631195150e-02
1403638161095097088, -2.036397995175174280e+00, -9.570661008603789099e+00, 1.606046301481544258e+00, 5.195962805217967384e-01, -6.141442258412281863e-01, 4.046390825673031877e-01, 4.348721513190791366e-01, -4.847546845255344405e-01, -6.001891119009410414e-01, 5.053952628778646261e-01, -2.290623883684905944e-03, 2.044699188649379967e-02, 7.691511718243512763e-02, -3.025915267032269415e-02, 6.588347136863609288e-02, 5.308014515439343772e-02
1403638161145096960, -2.062513610619331583e+00, -9.596062449937198480e+00, 1.629971737856766412e+00, 5.140325717785584336e-01, -6.192102217467893022e-01, 3.986444667848997869e-01, 4.398088283979714741e-01, -5.034854663092145355e-01, -5.502447959749571238e-01, 4.805260269965937470e-01, -2.292205741310861938e-03, 2.044283221140910309e-02, 7.691520645969565639e-02, -3.020990505010527280e-02, 6.582629750275435787e-02, 5.314300959268105501e-02
1403638161195097088, -2.089257840492859231e+00, -9.632711494887935544e+00, 1.655280267680004247e+00, 5.078304709483787427e-01, -6.258497485597754872e-01, 3.914663052482544314e-01, 4.440432826417873846e-01, -5.221248517557816049e-01, -5.381700560968917246e-01, 4.605444561584957630e-01, -2.292353966331172211e-03, 2.044699050261203008e-02, 7.690816572263003970e-02, -3.054080563564694553e-02, 6.592211804894555771e-02, 5.236223707466455823e-02
1403638161245096960, -2.119281960793921726e+00, -9.666195095337171139e+00, 1.681267094002435236e+00, 5.012816077159193418e-01, -6.334006543925849719e-01, 3.832503954804640234e-01, 4.479280021888075725e-01, -5.420258619758777652e-01, -5.291824040342058000e-01, 4.494930293265316790e-01, -2.293630710206687358e-03, 2.044938987590127003e-02, 7.689930427285562864e-02, -3.074487534694091140e-02, 6.587721452935402233e-02, 5.192756844804159722e-02
1403638161295097088, -2.143683490385745571e+00, -9.686099679066494161e+00, 1.701888599964812343e+00, 4.934353014914404367e-01, -6.409545047600072598e-01, 3.756498145816562495e-01, 4.523119972703274483e-01, -5.523097632907397747e-01, -5.178680299205481452e-01, 4.561000865384932657e-01, -2.293769233118617048e-03, 2.044664423376077456e-02, 7.690567319283107828e-02, -3.059103393162449988e-02, 6.608178079173984698e-02, 5.226847583341776710e-02
1403638161345096960, -2.167597776760012973e+00, -9.708983445821344205e+00, 1.719953889729506136e+00, 4.861020997567464530e-01, -6.487922135389232459e-01, 3.672265732783936976e-01, 4.559803242921288136e-01, -5.435226860132260640e-01, -4.700454532821588538e-01, 4.478012952254421530e-01, -2.288820244320061582e-03, 2.043854780218922265e-02, 7.691209569745510732e-02, -3.046215588925497639e-02, 6.607067287644573239e-02, 5.241472539965425642e-02
1403638161395097088, -2.194664829545607265e+00, -9.720252990124770065e+00, 1.738798808405616958e+00, 4.805011011182830916e-01, -6.567054547418533783e-01, 3.590148797952778525e-01, 4.571268463151066941e-01, -5.498213003151815048e-01, -4.465866182231210679e-01, 4.215480721024849053e-01, -2.299008201373938746e-03, 2.042932108689403739e-02, 7.691300045343985037e-02, -3.024797416117062238e-02, 6.601254245551961553e-02, 5.286812236331852460e-02
1403638161445096960, -2.221551553113184863e+00, -9.742530048059874659e+00, 1.756156449443276424e+00, 4.761735911830763945e-01, -6.641345615186290408e-01, 3.505504142552655078e-01, 4.574914232220454458e-01, -5.504752111862942776e-01, -4.393713983690260561e-01, 4.104925753888531981e-01, -2.295556031788836566e-03, 2.042898228294098145e-02, 7.692405128257261138e-02, -2.977266582209413953e-02, 6.645217046285467610e-02, 5.396046343190943895e-02
1403638161495097088, -2.249718784718655495e+00, -9.762602950758061837e+00, 1.774459272477010741e+00, 4.732367662301705802e-01, -6.703248122996336988e-01, 3.426389359667268431e-01, 4.575042826718250244e-01, -5.545777046687062617e-01, -4.331071742689461823e-01, 3.924571368553721462e-01, -2.293182284897256774e-03, 2.042914957489515987e-02, 7.692600887530637310e-02, -2.967524164855094015e-02, 6.634946788262863215e-02, 5.413119208210847438e-02
1403638161545096960, -2.276155809090018245e+00, -9.775938679542170107e+00, 1.791006701135315238e+00, 4.700763169125139473e-01, -6.753113510144077569e-01, 3.368800702226434352e-01, 4.577058594292279237e-01, -5.609951748471933008e-01, -4.283478783841280779e-01, 3.662415593087872123e-01, -2.290419978383942574e-03, 2.042024736210890784e-02, 7.692975659763948149e-02, -2.935559638143219602e-02, 6.632489253862301759e-02, 5.490674009027140395e-02
1403638161595097088, -2.302325056303186290e+00, -9.797305318608279023e+00, 1.810469597845102419e+00, 4.665059287728629545e-01, -6.795129737916596468e-01, 3.327643874456745476e-01, 4.581508477744952734e-01, -5.655908729488086095e-01, -4.279948502524753007e-01, 3.346680635342588750e-01, -2.282296907019981756e-03, 2.042241675955917130e-02, 7.693306939911857822e-02, -2.931232777866180431e-02, 6.642250741982971829e-02, 5.516732864349402354e-02
1403638161645096960, -2.338675862970526431e+00, -9.828807553531392571e+00, 1.828413864574882863e+00, 4.632331284848869024e-01, -6.832794590284901881e-01, 3.300755429976987565e-01, 4.578147938398371419e-01, -5.792872961194506232e-01, -4.379331063458499207e-01, 3.100554607064988644e-01, -2.303671457828619391e-03, 2.043177680694542239e-02, 7.692952047319234765e-02, -2.966049430852575261e-02, 6.607901171449294397e-02, 5.433335753289780107e-02
1403638161695097088, -2.367837508552998571e+00, -9.855539891942697750e+00, 1.844310934284887793e+00, 4.594658176600969202e-01, -6.864185879506076171e-01, 3.294501715025364708e-01, 4.573655748028941370e-01, -5.856383831910869642e-01, -4.410280041292344855e-01, 2.834346787966167680e-01, -2.311617651411706012e-03, 2.043767151613965286e-02, 7.693483188479399715e-02, -2.981714123509637132e-02, 6.614069745697497005e-02, 5.393873601893325181e-02
1403638161745096960, -2.400525894763378076e+00, -9.885053686507850657e+00, 1.857702527354570199e+00, 4.557517451525321395e-01, -6.881945036961625295e-01, 3.300078858588437747e-01, 4.580103351932031108e-01, -6.023878993861024878e-01, -4.422960815861847195e-01, 2.554202402748002032e-01, -2.313906870707854030e-03, 2.044496095394172236e-02, 7.693345347999763773e-02, -3.006818643651545248e-02, 6.598778304447440457e-02, 5.317322933746205377e-02
1403638161795097088, -2.430884616518029340e+00, -9.908091805986526168e+00, 1.868091586514037949e+00, 4.519126130797249674e-01, -6.893636075292713938e-01, 3.303646163715046602e-01, 4.597956361291307137e-01, -6.194404144265803769e-01, -4.415403927465950118e-01, 2.407436518753324206e-01, -2.329138408538340005e-03, 2.043367570202846845e-02, 7.693975322777416026e-02, -3.002728336473133378e-02, 6.587298310070727192e-02, 5.321638750868327300e-02
1403638161845096960, -2.461358115930238455e+00, -9.927053027067877622e+00, 1.878249545500769058e+00, 4.481864460205718381e-01, -6.894977145409790786e-01, 3.298800644329734633e-01, 4.635741087851142916e-01, -6.360402234685822442e-01, -4.347273240612819500e-01, 2.245290474059648267e-01, -2.338434306593654890e-03, 2.042182364942616082e-02, 7.694215527105308094e-02, -2.992058262902841034e-02, 6.582314222720013486e-02, 5.345611593120609684e-02
1403638161895097088, -2.490250585609812273e+00, -9.948132774658182242e+00, 1.888236129827602028e+00, 4.435418692463676815e-01, -6.900315440774885678e-01, 3.294232755156812908e-01, 4.675546855203084329e-01, -6.488999000277975160e-01, -4.251338280775611156e-01, 1.951890707503506905e-01, -2.338857318184427332e-03, 2.042497062278345737e-02, 7.695349910518045622e-02, -2.982798009672530531e-02, 6.580625218162519663e-02, 5.367041041748787239e-02
1403638161945096960, -2.524384975429653899e+00, -9.972209791280102209e+00, 1.898355687351833909e+00, 4.394232036427812016e-01, -6.914404452724483008e-01, 3.273532775291198571e-01, 4.708048326352402002e-01, -6.623708331504651881e-01, -4.183585391067699555e-01, 1.802987654307699195e-01, -2.345736941816160392e-03, 2.043263903644755922e-02, 7.694794431512688715e-02, -3.000577407401512978e-02, 6.588569211807991655e-02, 5.319128647193844400e-02
1403638161995097088, -2.555681925270594679e+00, -9.994208625813062241e+00, 1.905607196742243881e+00, 4.359306088104350496e-01, -6.931772869858835451e-01, 3.252275561620228683e-01, 4.729659499603874884e-01, -6.662300259622161436e-01, -4.081051889654934151e-01, 1.880724590784895178e-01, -2.349699269044281443e-03, 2.043701223652959198e-02, 7.695894675642828142e-02, -3.001783028251222424e-02, 6.590292367112321470e-02, 5.304823169237653929e-02
1403638162045096960, -2.586218324109389233e+00, -1.001684050706426987e+01, 1.914629392653536044e+00, 4.328499696791762719e-01, -6.947031809921195844e-01, 3.236151771452464576e-01, 4.746594686608679448e-01, -6.737443205259020518e-01, -4.090744616671789791e-01, 2.059927521041697018e-01, -2.344569304156072630e-03, 2.044133445779813471e-02, 7.696688451577561596e-02, -3.008683027082502751e-02, 6.593332970715301555e-02, 5.276485691366329667e-02
1403638162095097088, -2.622758295771403514e+00, -1.003883264247008889e+01, 1.925536288624692727e+00, 4.305144440867693101e-01, -6.962358607253499310e-01, 3.221913097478042443e-01, 4.755057303499986010e-01, -6.976362462447834867e-01, -4.093129305848737798e-01, 2.577429896315883151e-01, -2.356628296235021690e-03, 2.043378166298861348e-02, 7.696387618309835643e-02, -3.016994933948203075e-02, 6.588274355993928300e-02, 5.251083141498380513e-02
1403638162145096960, -2.652876711156313405e+00, -1.006279402197397665e+01, 1.942002398599890212e+00, 4.285516233472524972e-01, -6.987396875573710364e-01, 3.208639366001464488e-01, 4.745025704336274242e-01, -6.956114845576714112e-01, -3.943881073995073039e-01, 2.848475475142922542e-01, -2.345528145388449046e-03, 2.044346538892738430e-02, 7.696579703087441660e-02, -3.023615523029482208e-02, 6.607843453932199518e-02, 5.242826300597057398e-02
1403638162195097088, -2.703290202732488989e+00, -1.009781478083137074e+01, 1.966351372513921891e+00, 4.266375404025934404e-01, -7.015368141352403830e-01, 3.204286125097445259e-01, 4.723896821664108070e-01, -7.151493582402607130e-01, -3.898190974716359003e-01, 3.208935496234414653e-01, -2.344050131055069007e-03, 2.044637198009347651e-02, 7.696290488006540809e-02, -2.980839271007711816e-02, 6.353759503303695044e-02, 5.380148615342641993e-02
1403638162245096960, -2.739934289831464920e+00, -1.011786933954653556e+01, 1.982760294046757021e+00, 4.252432096880755519e-01, -7.037764659263485711e-01, 3.195373828752159362e-01, 4.709169348915583919e-01, -7.317755223862170144e-01, -3.887125596391802773e-01, 3.239703187758262160e-01, -2.344609387858598206e-03, 2.044743315962421759e-02, 7.696380788313264554e-02, -2.985269827972498319e-02, 6.354652352236693502e-02, 5.367334774804416453e-02
1403638162295097088, -2.774060178451748904e+00, -1.013534767286799365e+01, 1.996105957824688915e+00, 4.238192237536921314e-01, -7.056858413063294977e-01, 3.191708537416126368e-01, 4.695899541924273835e-01, -7.538781469152421311e-01, -3.814430489824531256e-01, 2.998979880961631928e-01, -2.343627829976489482e-03, 2.044287491705580606e-02, 7.696597618220983594e-02, -2.967086919593280372e-02, 6.360242776626777450e-02, 5.402268781530399772e-02
1403638162345096960, -2.818619343896114682e+00, -1.015886202010024775e+01, 2.008818499415284009e+00, 4.217191350573402109e-01, -7.073362401027754043e-01, 3.205032348774930484e-01, 4.680876958400213006e-01, -7.906997999096234686e-01, -3.841246702572270189e-01, 2.753999170368732208e-01, -2.347182549584262822e-03, 2.045035273591282524e-02, 7.694797716893399253e-02, -3.006801221515690778e-02, 6.330596996173129543e-02, 5.290474942216565751e-02
1403638162395097088, -2.857964824628715483e+00, -1.018023795672783116e+01, 2.018987543158187847e+00, 4.198327734828385394e-01, -7.077490859659584244e-01, 3.219966156540335911e-01, 4.681344391640146485e-01, -8.132945031168047345e-01, -3.833929991689662975e-01, 2.595723758153774541e-01, -2.348968052963976844e-03, 2.045887767457920878e-02, 7.694957501999788452e-02, -3.020921398632818097e-02, 6.341704051188716551e-02, 5.232086594934293178e-02
1403638162445096960, -2.899696766358906608e+00, -1.019972677137041295e+01, 2.030632672159077501e+00, 4.184959842858035906e-01, -7.073438980155692946e-01, 3.230862610967487614e-01, 4.691918466547773114e-01, -8.367347056643229530e-01, -3.661861429140708113e-01, 2.339567232284911757e-01, -2.345290788970641298e-03, 2.045755247526830425e-02, 7.695108723040162968e-02, -3.016242366594667698e-02, 6.329073239860043276e-02, 5.242822333891871550e-02
1403638162495097088, -2.938218746665480996e+00, -1.021497010474831058e+01, 2.037541591170173749e+00, 4.182287382610939130e-01, -7.064620082342544238e-01, 3.227763204762738036e-01, 4.709687891505716095e-01, -8.517451015280544935e-01, -3.508167674127206648e-01, 2.208442313223402120e-01, -2.337197320122757788e-03, 2.045938222481878330e-02, 7.695787543916352003e-02, -2.999060120042658720e-02, 6.347552066740774768e-02, 5.259687449804743842e-02
1403638162545096960, -2.978907495774909542e+00, -1.022744579618241190e+01, 2.045767972947185154e+00, 4.192074530290235135e-01, -7.053632633766875326e-01, 3.217079866790310549e-01, 4.724740726330210472e-01, -8.740318408596038369e-01, -3.355646773899016444e-01, 2.355458216834856455e-01, -2.351944303749944377e-03, 2.045903197475695129e-02, 7.696926263144526770e-02, -2.991841847597374524e-02, 6.371374215772387939e-02, 5.261344063188638093e-02
1403638162595097088, -3.022356670841062076e+00, -1.024092940824258591e+01, 2.057103692450807042e+00, 4.212424302532628007e-01, -7.045488244843608472e-01, 3.193416692137589497e-01, 4.734835447782748674e-01, -8.955700781464251969e-01, -3.304765400769903994e-01, 2.680903418663141968e-01, -2.364528650224425807e-03, 2.045455994843110165e-02, 7.697564211448942872e-02, -2.980937974427431969e-02, 6.373608959308126043e-02, 5.286377776987451899e-02
1403638162645096960, -3.067342939610613328e+00, -1.025817180970404685e+01, 2.066198644439292575e+00, 4.230579041699998877e-01, -7.032728251387243557e-01, 3.175189104169959253e-01, 4.749853520565535669e-01, -9.030870626174852811e-01, -3.102767630371635610e-01, 2.847360446673890544e-01, -2.372748683549985756e-03, 2.046401496338580081e-02, 7.697470642462196644e-02, -2.998374893097954796e-02, 6.405423850179953194e-02, 5.209171762467834643e-02
1403638162695097088, -3.113372153513649376e+00, -1.027585245710013950e+01, 2.082839835286026897e+00, 4.254679535705419569e-01, -7.025068320642592345e-01, 3.150285777700361778e-01, 4.756239760311945508e-01, -9.165196662826899932e-01, -3.025815993390170155e-01, 3.304836098612209949e-01, -2.370657865137808587e-03, 2.046694019281839610e-02, 7.697118415276790748e-02, -3.006628658197445236e-02, 6.406422969780829757e-02, 5.192318503622266740e-02
1403638162745096960, -3.158591648270551389e+00, -1.029456974206888376e+01, 2.102102146007504668e+00, 4.275202936800889253e-01, -7.022271165106007684e-01, 3.129251586447973077e-01, 4.755852399055571222e-01, -9.252611059262372262e-01, -2.987552183163026398e-01, 3.648115995203905504e-01, -2.366351905939353961e-03, 2.047534019176684011e-02, 7.697373365923212973e-02, -3.015471897519782229e-02, 6.415233164490362350e-02, 5.175147300851704046e-02
1403638162795097088, -3.206046814898924069e+00, -1.031134015233470791e+01, 2.120950678454752047e+00, 4.263699964568613554e-01, -7.040154065893610147e-01, 3.132417819166730122e-01, 4.737620916323510012e-01, -9.348953134480477711e-01, -2.833573735577439856e-01, 3.893201331627571538e-01, -2.360903860151221650e-03, 2.048119248185150884e-02, 7.696928116005971598e-02, -3.028316572598421796e-02, 6.425904696936003690e-02, 5.137385372163050246e-02
1403638162845096960, -3.251863661584438958e+00, -1.032650596767822648e+01, 2.144149208886703128e+00, 4.245181126742124667e-01, -7.057464361147555154e-01, 3.125218247098321966e-01, 4.733248873690067415e-01, -9.505941636499116720e-01, -2.747785360814012368e-01, 4.363213561760981296e-01, -2.349119558545749789e-03, 2.048410182340686808e-02, 7.696933923019236290e-02, -3.024027895589269724e-02, 6.425415902616171682e-02, 5.152476576666527308e-02
1403638162895097088, -3.295097721525110490e+00, -1.033728727065010311e+01, 2.166942590401029545e+00, 4.201762110691151797e-01, -7.071696865172570901e-01, 3.142279519162717860e-01, 4.739449127875431933e-01, -9.668401754275665061e-01, -2.726006274876174307e-01, 4.776005911304649354e-01, -2.336493379534176473e-03, 2.049277209240938855e-02, 7.697138338597010743e-02, -3.010274500514725088e-02, 6.472330707522884474e-02, 5.187298615776757965e-02
1403638162945096960, -3.339050285625555059e+00, -1.034964127610269990e+01, 2.184593661524192765e+00, 4.151814719589115854e-01, -7.079432005917462023e-01, 3.173429735517657169e-01, 4.751149410566559150e-01, -9.758595514891643674e-01, -2.543780631048822016e-01, 4.932286342535552315e-01, -2.331932712270602844e-03, 2.049793241682518544e-02, 7.696955103770997120e-02, -3.014948350423138704e-02, 6.505842790899718509e-02, 5.141918210976594017e-02
1403638162995097088, -3.388506277231056796e+00, -1.036354133040962822e+01, 2.209837095653973460e+00, 4.109902545193864776e-01, -7.061959943011448804e-01, 3.192570171470449081e-01, 4.800512319799614680e-01, -1.003689932922405159e+00, -2.536504827232469172e-01, 5.060335572422085537e-01, -2.337537107599066584e-03, 2.050047737048031268e-02, 7.697855211165779976e-02, -3.010624286199836686e-02, 6.508208117367111911e-02, 5.153919058401116443e-02
1403638163045096960, -3.440360127526086220e+00, -1.037924645337547602e+01, 2.231452887760299042e+00, 4.065996023063761511e-01, -7.045648314689113567e-01, 3.214671987431245714e-01, 4.846895932385282824e-01, -1.019868531168521830e+00, -2.369592188650392894e-01, 4.389799469127430021e-01, -2.343117529796507042e-03, 2.050027146558787428e-02, 7.697994078405125118e-02, -3.030917662993553793e-02, 6.496749103027635308e-02, 5.087564876811857123e-02
1403638163095097088, -3.493262557504369870e+00, -1.039508681506871213e+01, 2.251431372705613221e+00, 4.017227213717556866e-01, -7.041232192524732314e-01, 3.229535630221659903e-01, 4.883956832062422704e-01, -1.034079084064817522e+00, -2.141244040210537325e-01, 3.403488585124519461e-01, -2.346330870710931944e-03, 2.050521912678771042e-02, 7.697908087919337616e-02, -3.046394316528098709e-02, 6.503433464236785255e-02, 5.050414127535821085e-02
1403638163145096960, -3.549797594638119502e+00, -1.040972858878403429e+01, 2.273752315411998737e+00, 3.982534289082848566e-01, -7.053324005423822207e-01, 3.209327875803703045e-01, 4.908182524762166876e-01, -1.044999865202448808e+00, -1.876160481608116770e-01, 2.457749416295565426e-01, -2.347122174376549322e-03, 2.049940764883774816e-02, 7.698812999222670594e-02, -3.052919959626479440e-02, 6.451563924319414500e-02, 5.069545910356975521e-02
1403638163195097088, -3.605470591403192149e+00, -1.042329588383008954e+01, 2.288063070420810696e+00, 3.953596407080218200e-01, -7.075352067718106985e-01, 3.166021550794356765e-01, 4.927958614646150703e-01, -1.057065142437831229e+00, -1.582604687835917345e-01, 1.581565183426184018e-01, -2.336899319478066318e-03, 2.050124987304138141e-02, 7.698200036530418455e-02, -3.066092495984766228e-02, 6.433170269219412596e-02, 5.049425454607051750e-02
1403638163245096960, -3.658608706676658606e+00, -1.043533714748325814e+01, 2.298533568048961140e+00, 3.927155344104369949e-01, -7.099988179567031654e-01, 3.104327211405260023e-01, 4.952854865409418994e-01, -1.070968335214024014e+00, -1.414955730444937276e-01, 1.033891161791228586e-01, -2.329140702606719709e-03, 2.050747052794185329e-02, 7.698028789259778182e-02, -3.071191552172806635e-02, 6.439054466327523429e-02, 5.051894736451403856e-02
1403638163295097088, -3.712276074764221168e+00, -1.043526278009176167e+01, 2.308001940674288210e+00, 3.893562755360333583e-01, -7.128406645296596622e-01, 3.039738078063352611e-01, 4.978552017015981379e-01, -1.086633584884145964e+00, -1.195618684814929028e-01, 6.245762853493315447e-02, -2.323335146904227655e-03, 2.050962770483616415e-02, 7.697049911448408666e-02, -3.055306242298425762e-02, 6.441639636558593729e-02, 5.118324942201207817e-02
1403638163345096960, -3.767674769684535185e+00, -1.044063293548047255e+01, 2.311144094328065890e+00, 3.851042774966225157e-01, -7.154142962341327738e-01, 2.973485219780596100e-01, 5.014588085526950900e-01, -1.094235867099887960e+00, -9.827409466919695413e-02, 5.562114062776214035e-02, -2.319951340218276512e-03, 2.051412940915459115e-02, 7.696480857289705879e-02, -3.058648861417959455e-02, 6.451848465458327742e-02, 5.111848181855215695e-02
1403638163395097088, -3.823838157616036515e+00, -1.044743333799054774e+01, 2.311196766309945971e+00, 3.802546001992337943e-01, -7.180710227667201906e-01, 2.906738436143548876e-01, 5.052614787696908527e-01, -1.102059699138877136e+00, -8.380800632819014606e-02, 3.099017508157764569e-02, -2.319905392523312609e-03, 2.051313835685290854e-02, 7.695534995004510437e-02, -3.066069384582995050e-02, 6.460269091527137686e-02, 5.082674473171197582e-02
1403638163445096960, -3.894559062900982749e+00, -1.045827483624197818e+01, 2.320421199541236490e+00, 3.742944294328979238e-01, -7.211031850379112651e-01, 2.849733166087421998e-01, 5.086296151864292403e-01, -1.101272002236346470e+00, -7.423488191360945454e-02, 2.648399994220494713e-02, -2.302080877068604127e-03, 2.052565275772830211e-02, 7.695037451740796564e-02, -2.974513323157304198e-02, 6.506687662982475751e-02, 5.335190736628864228e-02
1403638163495097088, -3.953751203758159694e+00, -1.046523191377597861e+01, 2.325604829938914708e+00, 3.693362378264542500e-01, -7.244499048507315742e-01, 2.798876002200176294e-01, 5.103195175897612401e-01, -1.113123109017146284e+00, -7.343171722305687210e-02, 5.447262934733794471e-02, -2.302928779214806921e-03, 2.053134355106032982e-02, 7.694930981705556949e-02, -2.992024162738929002e-02, 6.502815907080168600e-02, 5.305043670861767091e-02
1403638163545096960, -4.012030798784721242e+00, -1.046797714114179811e+01, 2.332920016001158725e+00, 3.642281060352411393e-01, -7.264867663288028243e-01, 2.763436902796844175e-01, 5.130195220122782951e-01, -1.094235078446921472e+00, -3.274609926075055383e-02, 8.423023770814327960e-02, -2.303645406762745880e-03, 2.053133486147671466e-02, 7.694208426774679088e-02, -3.000362203753653353e-02, 6.492302671262016600e-02, 5.299481392354749715e-02
1403638163595097088, -4.063071816735843278e+00, -1.046943677976520526e+01, 2.337375239364209545e+00, 3.605949898884367455e-01, -7.293754386953735791e-01, 2.731838608113506539e-01, 5.131795990562116883e-01, -1.092227650478375667e+00, -3.793798755605839318e-02, 1.372800225712143551e-01, -2.299857055785680532e-03, 2.053016733732379584e-02, 7.695132287141649707e-02, -2.986779563654990907e-02, 6.493080836507264531e-02, 5.331727849984023437e-02
1403638163645096960, -4.112110700947420483e+00, -1.046830220076909157e+01, 2.339105591583042543e+00, 3.580192078500424868e-01, -7.306224442497368798e-01, 2.703034471231984259e-01, 5.147321024011274337e-01, -1.085748817299556190e+00, -2.045258499022074156e-02, 1.835911136648647746e-01, -2.311127706194891253e-03, 2.052606725782658501e-02, 7.695744086292548303e-02, -2.971527839446676950e-02, 6.519300213434535418e-02, 5.343311076352195987e-02
1403638163695097088, -4.162010634473278792e+00, -1.046781443457970795e+01, 2.344582557146715374e+00, 3.557428010959019504e-01, -7.315934951601855696e-01, 2.677405644501392179e-01, 5.162683482992795891e-01, -1.081079219254460488e+00, -1.405160126803100401e-02, 2.259061781345389208e-01, -2.312780369477370097e-03, 2.053285505126571306e-02, 7.695881141880998866e-02, -2.964597450975861581e-02, 6.572012782777418571e-02, 5.338394243439918002e-02
1403638163745096960, -4.216115952922126375e+00, -1.047229143086271286e+01, 2.356676328955130462e+00, 3.540064100395887148e-01, -7.327847061186938404e-01, 2.661155993590046953e-01, 5.166125471833025173e-01, -1.072700190441268520e+00, -4.317822288739562447e-03, 2.708875545340105884e-01, -2.317477283355664098e-03, 2.054411080667378417e-02, 7.695896815526039048e-02, -2.976498992999486448e-02, 6.604146275319613957e-02, 5.304557384839772571e-02
1403638163795097088, -4.263381534479329105e+00, -1.046889229455601722e+01, 2.367832217986194365e+00, 3.528738165015007366e-01, -7.325139295524821792e-01, 2.647735138808465782e-01, 5.184577118593526324e-01, -1.060693301846456604e+00, 9.648767990916188447e-03, 3.214232260787762696e-01, -2.321465931866010558e-03, 2.054266343939383996e-02, 7.696629532269692875e-02, -2.961241915819307763e-02, 6.631199818975018478e-02, 5.328265049180114232e-02
1403638163845096960, -4.317445717702077523e+00, -1.046990323331271711e+01, 2.384143954994154324e+00, 3.507468212010285136e-01, -7.331905944645615847e-01, 2.655135879561189571e-01, 5.185660557891779154e-01, -1.040874088798703800e+00, 3.788923497480880392e-02, 3.326383429658769098e-01, -2.318921639450633766e-03, 2.054521107013882603e-02, 7.696221600817669539e-02, -2.966032979132004685e-02, 6.638122190243370135e-02, 5.313836978159459240e-02
1403638163895097088, -4.380132671589962001e+00, -1.047771949463215257e+01, 2.408594474804305996e+00, 3.492006528315104719e-01, -7.335517441884564782e-01, 2.662842715774879632e-01, 5.187036045474978652e-01, -1.041609303452795121e+00, 5.275042937572296115e-02, 3.788955044413876982e-01, -2.320695081646131051e-03, 2.055656210256510269e-02, 7.695464462870506284e-02, -3.002541883581582791e-02, 6.609274839968161397e-02, 5.240915012064113060e-02
1403638163945096960, -4.427350709748605340e+00, -1.047434288153255544e+01, 2.425414430035489399e+00, 3.484625785838962320e-01, -7.348239067286056470e-01, 2.667806996160715372e-01, 5.171418719646775353e-01, -1.033009949679650541e+00, 5.872051759288206274e-02, 4.097173540005984993e-01, -2.317598819734076332e-03, 2.055282890967915360e-02, 7.695460514357202464e-02, -2.993880036194397631e-02, 6.610283149872563102e-02, 5.252667729105525707e-02
1403638163995097088, -4.484424282338665080e+00, -1.047529987962686704e+01, 2.449315747701736878e+00, 3.462825844084809757e-01, -7.362090186252510104e-01, 2.696828914418911705e-01, 5.151269656053442114e-01, -1.042919807295184631e+00, 7.279298268175578290e-02, 4.385876921083868840e-01, -2.315377366758777401e-03, 2.055987582355176674e-02, 7.694773870039403607e-02, -3.008240889524866832e-02, 6.610077924787823023e-02, 5.225817713906823203e-02
1403638164045096960, -4.538065888190920383e+00, -1.047280947162516185e+01, 2.473775626882694034e+00, 3.456125877422494552e-01, -7.374372603292905781e-01, 2.712082149890305272e-01, 5.130149416874715262e-01, -1.049900446880021487e+00, 8.182387706984911580e-02, 4.757278623720418431e-01, -2.315745148134744618e-03, 2.056673797645821103e-02, 7.694366339415523171e-02, -3.016200345661798621e-02, 6.620609193337334553e-02, 5.210296498178033225e-02
1403638164095097088, -4.592903415754414631e+00, -1.047381156835219329e+01, 2.501400241890375131e+00, 3.447607222710187269e-01, -7.379325515263401858e-01, 2.734482224723071009e-01, 5.116851213429275402e-01, -1.057974506582646246e+00, 9.330076581677648750e-02, 5.089490905745550631e-01, -2.307815452811175227e-03, 2.058539028856725198e-02, 7.693996469752675815e-02, -3.028820153501206661e-02, 6.647268056442272310e-02, 5.187004525683930334e-02
1403638164145096960, -4.646047734164027609e+00, -1.046916271111328101e+01, 2.528712649245233646e+00, 3.439786973034887341e-01, -7.377396311435606702e-01, 2.755991963744596207e-01, 5.113354822416590340e-01, -1.063407899743921359e+00, 1.110748533164343799e-01, 5.266597239999435409e-01, -2.307585585990888210e-03, 2.058229954231192288e-02, 7.694657345133669446e-02, -3.025251215884410677e-02, 6.635347604581535996e-02, 5.200117258980752055e-02
1403638164195097088, -4.742132764703922199e+00, -1.048055631922125741e+01, 2.562913077279501906e+00, 3.426903865082814860e-01, -7.379386006438263257e-01, 2.786382333266602673e-01, 5.102652796372036947e-01, -1.095614591576135277e+00, 1.325484335053706553e-01, 5.172266575582357140e-01, -2.306947265089583695e-03, 2.060006690050759925e-02, 7.694167035354007589e-02, -2.931903875302740992e-02, 7.046616818720528863e-02, 5.448847706755532289e-02
1403638164245096960, -4.794075988341194972e+00, -1.047479248418278175e+01, 2.589395385928919158e+00, 3.428290445755654003e-01, -7.368047930585552852e-01, 2.798249244893153409e-01, 5.111604002227612131e-01, -1.104849216013348956e+00, 1.461574275014042024e-01, 4.935297692313123097e-01, -2.300973171988521509e-03, 2.061189947659934976e-02, 7.694733991035901388e-02, -2.935350403400600536e-02, 7.085767114337078454e-02, 5.442892785836971753e-02
1403638164295097088, -4.846793938592349527e+00, -1.046510351312072373e+01, 2.612961926361497156e+00, 3.419948576394089002e-01, -7.360505159672156017e-01, 2.824052669487370770e-01, 5.113867621401718688e-01, -1.109824984213657606e+00, 1.675494496656260712e-01, 4.645420634161844808e-01, -2.296412008165367100e-03, 2.061131113568262854e-02, 7.694586217450270771e-02, -2.927459975504187115e-02, 7.101021344813883418e-02, 5.464306302205833299e-02
1403638164345096960, -4.899544314103029485e+00, -1.045359877303099694e+01, 2.635956620723842736e+00, 3.418612966126942654e-01, -7.350991753810057761e-01, 2.839495027838836450e-01, 5.119889999807006875e-01, -1.114293179921773902e+00, 1.973760972700958072e-01, 4.320876286890499296e-01, -2.295594748251486138e-03, 2.060854391654271325e-02, 7.695514417957359521e-02, -2.913770013792920180e-02, 7.108771449113515661e-02, 5.501625520401631081e-02
1403638164395097088, -4.946297631045553089e+00, -1.044131931916000511e+01, 2.654978920134551057e+00, 3.420578506387286222e-01, -7.344643720217476357e-01, 2.849584773668213389e-01, 5.122081405287267630e-01, -1.113067056915070019e+00, 2.217016425881289388e-01, 3.991910100092261882e-01, -2.288733435561994718e-03, 2.061338614252096121e-02, 7.695901274545999260e-02, -2.906899047645485415e-02, 7.167628030778738779e-02, 5.514562954370347964e-02
1403638164445096960, -5.006513832879448955e+00, -1.042978435853713570e+01, 2.675831073252882941e+00, 3.428237951489943036e-01, -7.336095652732640415e-01, 2.856489888439880942e-01, 5.125363464103009914e-01, -1.130849223117332381e+00, 2.492503702541725430e-01, 3.633942087796391274e-01, -2.291133693472043563e-03, 2.061440735170370908e-02, 7.695063330360485399e-02, -2.918318536951477679e-02, 7.150401854625430820e-02, 5.493976533490460556e-02
1403638164495097088, -5.067684094657689542e+00, -1.041784340689449451e+01, 2.693705680483470477e+00, 3.425380016378787862e-01, -7.341444362573505966e-01, 2.871755920895155967e-01, 5.111064893486891858e-01, -1.144955746594776391e+00, 2.713235788993900721e-01, 3.538824119385125533e-01, -2.299741496851874858e-03, 2.061076149132589838e-02, 7.695226953505800160e-02, -2.919952672217006676e-02, 7.119261248232970629e-02, 5.487785570585243522e-02
1403638164545096960, -5.121183957114423535e+00, -1.039979690379022692e+01, 2.708316012750422441e+00, 3.417477326122659864e-01, -7.340327102030022033e-01, 2.890716818409716504e-01, 5.107269626366349735e-01, -1.149345134454682560e+00, 3.066560508989066292e-01, 3.235392103724313295e-01, -2.296062258312621049e-03, 2.060306368910483008e-02, 7.695168877396607598e-02, -2.905856896685284421e-02, 7.119916286380721659e-02, 5.513277928392806143e-02
1403638164595097088, -5.182602798709606162e+00, -1.038284127605234808e+01, 2.724219850319629987e+00, 3.408792045274844917e-01, -7.346494814666041373e-01, 2.904628612321505932e-01, 5.096300948201466507e-01, -1.163632262286874663e+00, 3.381928273931708029e-01, 2.984927710090445330e-01, -2.291989052145792377e-03, 2.060215001082661701e-02, 7.694441495131021380e-02, -2.906716412168685801e-02, 7.092079931879033405e-02, 5.510859555295401918e-02
1403638164645096960, -5.241482950386787465e+00, -1.036087438075137612e+01, 2.737368673413245190e+00, 3.390441547834943115e-01, -7.355314326352916376e-01, 2.907071784835442152e-01, 5.094427436825047506e-01, -1.178710654443024142e+00, 3.834171517696298159e-01, 2.698588802130930109e-01, -2.293878305024814063e-03, 2.058998113790338341e-02, 7.694515625246603485e-02, -2.893424150343783252e-02, 7.054383929013621768e-02, 5.536842329259577394e-02
1403638164695097088, -5.303840380170292690e+00, -1.034110076553581514e+01, 2.750675488395838642e+00, 3.375646614956113734e-01, -7.364961745985629804e-01, 2.879652314589614126e-01, 5.105874162000305638e-01, -1.201125305135706256e+00, 4.222904422780036082e-01, 2.422188848375279591e-01, -2.297402086661709530e-03, 2.058890159255294394e-02, 7.694403440207585321e-02, -2.898914658005282904e-02, 7.038563740193110041e-02, 5.525168054190268685e-02
1403638164745096960, -5.365204473204973290e+00, -1.031809885674444516e+01, 2.763809892648363409e+00, 3.361426116624446347e-01, -7.362779062039850331e-01, 2.844228751932457722e-01, 5.138157427789012965e-01, -1.215181840036452909e+00, 4.458243903416387877e-01, 2.288786243423358291e-01, -2.303902013111799874e-03, 2.059021533009135208e-02, 7.694867353830846246e-02, -2.900486111375568180e-02, 7.035290890886107540e-02, 5.528267539698337313e-02
1403638164795097088, -5.427862589479145683e+00, -1.029691028309038714e+01, 2.774266721545251446e+00, 3.373292842777452782e-01, -7.343880005872437389e-01, 2.777691244299985707e-01, 5.193529937099878868e-01, -1.223760703032020558e+00, 4.771688708038872573e-01, 2.240491704462028999e-01, -2.301877148117551560e-03, 2.059301231997627199e-02, 7.694451635560486946e-02, -2.903898624265506198e-02, 7.035542115642068328e-02, 5.511390961153580376e-02
1403638164845096960, -5.504372984850802730e+00, -1.027517220602252301e+01, 2.786506206749867598e+00, 3.391461834728856095e-01, -7.317047449075948506e-01, 2.703530978636250470e-01, 5.258300438269274402e-01, -1.230516129381421075e+00, 4.981286605856051208e-01, 2.132841243189252944e-01, -2.299910587384192129e-03, 2.059399535348440530e-02, 7.694164763305837151e-02, -2.908259713291344237e-02, 7.167236362617579459e-02, 5.499085668800410970e-02
1403638164895097088, -5.566085258079954912e+00, -1.024306931954994049e+01, 2.795082196959053800e+00, 3.404848044262686613e-01, -7.290605714939926152e-01, 2.637956550804895772e-01, 5.319329219068078540e-01, -1.208554681670065412e+00, 5.267708669756080431e-01, 1.803334129868332525e-01, -2.305288564616878380e-03, 2.057523650206941404e-02, 7.693821867011235716e-02, -2.890324850840294765e-02, 7.127763399741005035e-02, 5.540279630062697191e-02
1403638164945096960, -5.629629432338701278e+00, -1.021276815003465721e+01, 2.806723858109714254e+00, 3.406733844567682024e-01, -7.276945202948451596e-01, 2.594208480192097821e-01, 5.358200760223716941e-01, -1.187167829719693479e+00, 5.473945968581469534e-01, 1.588227782639175800e-01, -2.304779733389764138e-03, 2.056612091607261383e-02, 7.693655175773497779e-02, -2.880675160289817432e-02, 7.093725108689195868e-02, 5.582198054422503330e-02
1403638164995097088, -5.688943113713455624e+00, -1.018489736236870158e+01, 2.815562684150039185e+00, 3.373461191964318151e-01, -7.266500246173394073e-01, 2.601371114431433318e-01, 5.389861044931906209e-01, -1.161840686251915944e+00, 5.609946850529615725e-01, 1.351578714925611713e-01, -2.304537342529787685e-03, 2.056179654738072085e-02, 7.694082625360865180e-02, -2.875643560531333451e-02, 7.080832620638377595e-02, 5.602272651068546105e-02
1403638165045096960, -5.750541528403864788e+00, -1.015531734835869848e+01, 2.823741020014972847e+00, 3.308821344405256659e-01, -7.266628836762820676e-01, 2.638135232274612108e-01, 5.411843415673315283e-01, -1.135195240109716508e+00, 5.900944637214274868e-01, 9.821887116338741397e-02, -2.304614206118118201e-03, 2.055497518028492898e-02, 7.694679005295788909e-02, -2.870118991888601437e-02, 7.044066953898243943e-02, 5.625823455707691656e-02
1403638165095097088, -5.820730289564501447e+00, -1.013428212452486932e+01, 2.833430514948041878e+00, 3.241041843348177465e-01, -7.287979788324784325e-01, 2.663751030238024065e-01, 5.411601317867156258e-01, -1.119518961953868352e+00, 6.089209451004832241e-01, 6.138451530186388172e-02, -2.305519557286086433e-03, 2.057007978486829688e-02, 7.694531262172588093e-02, -2.894047343400312985e-02, 6.995306477420515368e-02, 5.579922622585189312e-02
1403638165145096960, -5.862143442117661252e+00, -1.010541727646019616e+01, 2.834096309834172267e+00, 3.192218393463895354e-01, -7.321519933235289823e-01, 2.667442390084301951e-01, 5.393499670089029197e-01, -1.098603092889457455e+00, 6.312882489612450243e-01, 4.047995214210182296e-02, -2.299004929396039620e-03, 2.058186132543260785e-02, 7.695719091437876191e-02, -2.884496337062552457e-02, 7.080992809623716522e-02, 5.597528068872388574e-02
1403638165195097088, -5.905187725700192125e+00, -1.007434373648908732e+01, 2.831887649943038987e+00, 3.170934411708377088e-01, -7.362334345406293945e-01, 2.639453244694844325e-01, 5.364186286116879865e-01, -1.078412233637869866e+00, 6.604803666832689268e-01, 1.278381710768479104e-02, -2.294376895148885018e-03, 2.058405939177261612e-02, 7.696473781950663451e-02, -2.874828927198053857e-02, 7.130016886301548951e-02, 5.605543976993840327e-02
1403638165245096960, -5.933222582925344213e+00, -1.004466984932961360e+01, 2.826499877564077057e+00, 3.164543836674503785e-01, -7.416994461003302286e-01, 2.595208785021677067e-01, 5.314014192054635766e-01, -1.055775274345544190e+00, 6.782670362320026847e-01, -1.911128047177872158e-02, -2.285675027960513712e-03, 2.059578999536811061e-02, 7.698061040645128028e-02, -2.860478880371205776e-02, 7.263089035747066768e-02, 5.621660802422596276e-02
1403638165295097088, -5.964678057214539031e+00, -1.001312003935080774e+01, 2.816910734033891472e+00, 3.152122836456962562e-01, -7.478010259921715752e-01, 2.566008377027566012e-01, 5.249674769489671711e-01, -1.033748695032108200e+00, 6.918192264806223291e-01, -4.207638611987029459e-02, -2.275785750397932815e-03, 2.060181756593364513e-02, 7.698476813547368292e-02, -2.852243280892793539e-02, 7.371202489878750375e-02, 5.610364150821194051e-02
1403638165345096960, -6.021233819566358392e+00, -9.987803337711039120e+00, 2.813045461887837995e+00, 3.124654296181114677e-01, -7.520774111549799468e-01, 2.555517179028516939e-01, 5.209973535449999860e-01, -1.039770606325466362e+00, 7.071643774767129020e-01, -6.378371490622480877e-02, -2.278600501448128663e-03, 2.061686672273070967e-02, 7.698459084809200492e-02, -2.872395884676833336e-02, 7.377528203192033895e-02, 5.545963996818948499e-02
1403638165395097088, -6.060453440378932299e+00, -9.953760289412816320e+00, 2.802703451298286907e+00, 3.091809343562653134e-01, -7.547284750928826558e-01, 2.560225333060192621e-01, 5.188877924504747829e-01, -1.045612863819611382e+00, 7.122375297082402801e-01, -6.800842119979004508e-02, -2.261461221382254742e-03, 2.061560985566960463e-02, 7.698345868626851884e-02, -2.699569273551677764e-02, 7.424450467853245528e-02, 5.962689056669390891e-02
1403638165445096960, -6.106902910101462467e+00, -9.918253555391746801e+00, 2.794512436848080039e+00, 3.076081660132948259e-01, -7.550161335754023151e-01, 2.548884668754222149e-01, 5.199612713430534772e-01, -1.059846629239596272e+00, 7.279537538588199963e-01, -8.682314803915068546e-02, -2.256927590458280945e-03, 2.061598884780761753e-02, 7.698096431079108626e-02, -2.698301787664191334e-02, 7.466686986191274633e-02, 5.946857909870016667e-02
1403638165495097088, -6.150757684205383491e+00, -9.881600129347626549e+00, 2.785442104806166608e+00, 3.054991424006639478e-01, -7.522794547655828890e-01, 2.545329313926107395e-01, 5.253178873470242261e-01, -1.065926167976471328e+00, 7.530509322997879229e-01, -9.328865836612207363e-02, -2.254217710117243419e-03, 2.061879381857856589e-02, 7.697890813681917965e-02, -2.695817513330353923e-02, 7.534807234723606140e-02, 5.931693526557605539e-02
1403638165545096960, -6.186082594438517823e+00, -9.844147564878410250e+00, 2.773114962308026232e+00, 3.041233574646800553e-01, -7.486310191885159337e-01, 2.534941080809953728e-01, 5.317906709612297833e-01, -1.053020268407918181e+00, 7.714005203500889918e-01, -1.150328842404257507e-01, -2.252118355410595053e-03, 2.061962221483196189e-02, 7.698277776516844473e-02, -2.685225492615100212e-02, 7.652124563577973604e-02, 5.928072650755938228e-02
1403638165595097088, -6.232717516886361331e+00, -9.805056257201904657e+00, 2.763188534846552358e+00, 3.022929424222822736e-01, -7.441831590245927552e-01, 2.536593121976685739e-01, 5.389502352919628425e-01, -1.042436925586480712e+00, 7.924104295823890531e-01, -1.319429447321213422e-01, -2.253966681908201389e-03, 2.062319383551096050e-02, 7.698322070997475064e-02, -2.683100147593052431e-02, 7.691728733186034561e-02, 5.916615878939360251e-02
1403638165645096960, -6.280915148209413879e+00, -9.762235639472068627e+00, 2.753469961690897083e+00, 3.024014212944498570e-01, -7.389030883201368471e-01, 2.516279930784846020e-01, 5.470456649762933665e-01, -1.028293700155099577e+00, 8.234017244813265357e-01, -1.601768080803162853e-01, -2.253966112704562305e-03, 2.062583249997877732e-02, 7.698114319967554187e-02, -2.684318577454574903e-02, 7.711306381870007554e-02, 5.902552951409244936e-02
1403638165695097088, -6.319921977442712446e+00, -9.719612429014659938e+00, 2.739404231047929628e+00, 3.013652090214277712e-01, -7.349122609109037807e-01, 2.515221421308423966e-01, 5.530095763838156486e-01, -1.004623954921020967e+00, 8.564108840862467709e-01, -1.954732225870299267e-01, -2.251198690047124303e-03, 2.063403205557703263e-02, 7.697462564228568782e-02, -2.685552014067779658e-02, 7.796790583563793786e-02, 5.873403984387249449e-02
1403638165745096960, -6.350827601384379406e+00, -9.688273860496126488e+00, 2.722190993407904269e+00, 3.020895035045181309e-01, -7.317962512186939605e-01, 2.490028663053249491e-01, 5.578653521651908420e-01, -9.647178270209779694e-01, 8.765512885049463465e-01, -2.334423839994091143e-01, -2.237616000717713646e-03, 2.065031364246685056e-02, 7.697379018175823373e-02, -2.691935804682608555e-02, 7.940506049285939172e-02, 5.821557591626104478e-02
1403638165795097088, -6.404985557661501794e+00, -9.645908379145257783e+00, 2.711840356458202983e+00, 3.033312446157296338e-01, -7.318385697278144697e-01, 2.469436303465786242e-01, 5.580513482914197798e-01, -9.324106575850192868e-01, 9.090478751814913272e-01, -2.645870503994889322e-01, -2.244168378408824618e-03, 2.065448368285279640e-02, 7.697450701311400745e-02, -2.700541835622406392e-02, 7.910464433890052049e-02, 5.806332281733520700e-02
1403638165845096960, -6.449273960342725154e+00, -9.609379432613906147e+00, 2.697570452358430515e+00, 3.054828290638181287e-01, -7.343989438624145549e-01, 2.438343913555713893e-01, 5.548722573648771084e-01, -8.973271119814827390e-01, 9.302963511953044051e-01, -2.577163853727714726e-01, -2.242622603482208321e-03, 2.066484320922614901e-02, 7.697657759840340064e-02, -2.711152456157218255e-02, 7.955496610814095926e-02, 5.769361624301599933e-02
1403638165895097088, -6.500084328728009453e+00, -9.563879345960636158e+00, 2.685997701736136722e+00, 3.073186533664415410e-01, -7.377721485285738678e-01, 2.416938642410995375e-01, 5.503013521124348051e-01, -8.648395521806137021e-01, 9.622137069064654602e-01, -2.188535824717496026e-01, -2.248965465917507171e-03, 2.066397152805863127e-02, 7.697713481272233649e-02, -2.711913804057181077e-02, 7.917996074714195309e-02, 5.771847086072058597e-02
1403638165945096960, -6.558246276333163038e+00, -9.514583195455847076e+00, 2.683131144699915538e+00, 3.096259289047073593e-01, -7.406660117757639661e-01, 2.387731729977408679e-01, 5.463817484201608510e-01, -8.527165897483856005e-01, 9.743255534855954636e-01, -1.901861166431432215e-01, -2.257205682754224660e-03, 2.066783384129733739e-02, 7.698148643514060585e-02, -2.720319031611323143e-02, 7.828867182199822361e-02, 5.777638711126507204e-02
1403638165995097088, -6.600905103945499341e+00, -9.472531624147800144e+00, 2.672464388142046676e+00, 3.116759603815201785e-01, -7.443041599137122377e-01, 2.366506762450442392e-01, 5.411708331831672769e-01, -8.278398594812732547e-01, 9.875949843291842445e-01, -1.473769711363827062e-01, -2.251553393001759062e-03, 2.066400969083232939e-02, 7.698149075184476664e-02, -2.573054316869189187e-02, 7.572308536079776220e-02, 6.155292962359756176e-02
1403638166045096960, -6.639104891209695047e+00, -9.423669498701375602e+00, 2.665692441026616955e+00, 3.132715048369891786e-01, -7.481149657992138824e-01, 2.350554520088900257e-01, 5.356621105559977725e-01, -8.277788567406971776e-01, 9.800476117938641263e-01, -8.732372518081994717e-02, -2.252350499775770433e-03, 2.066566997245523549e-02, 7.698029614910509300e-02, -2.574004165764022870e-02, 7.595787888788428643e-02, 6.145786246293126476e-02
1403638166095097088, -6.676778019358086347e+00, -9.377514274952021722e+00, 2.661198478799180922e+00, 3.167249272657937653e-01, -7.498860216128925282e-01, 2.310183426797698114e-01, 5.329041193156219824e-01, -7.999778973124680448e-01, 9.976952474609538379e-01, -3.888848055549178756e-02, -2.253299334279631593e-03, 2.066661912385686986e-02, 7.698645320451244500e-02, -2.575735698965565465e-02, 7.631674101463117865e-02, 6.123753419371144591e-02
1403638166145096960, -6.704408232623241481e+00, -9.333583344843567886e+00, 2.659097297690792061e+00, 3.198255047892303859e-01, -7.508323039710373958e-01, 2.278379234045273538e-01, 5.310860367761239820e-01, -7.899034956906669791e-01, 9.750898070278570806e-01, 3.281345030430208448e-02, -2.249674940525976229e-03, 2.066789094616524811e-02, 7.699399690827828102e-02, -2.582012697740558929e-02, 7.737794730680827571e-02, 6.100891284976238393e-02
1403638166195097088, -6.743960937788554766e+00, -9.292568512396826463e+00, 2.664856286071329627e+00, 3.221149622107524757e-01, -7.514854795244921837e-01, 2.264973487657136464e-01, 5.293491061538805331e-01, -7.795292904859013605e-01, 9.550054443800309878e-01, 1.278220632029364590e-01, -2.248159906043461186e-03, 2.068221867138356207e-02, 7.699782925526836574e-02, -2.608138176127417981e-02, 7.775806961561428088e-02, 6.043023081471556035e-02
1403638166245096960, -6.777174380685679900e+00, -9.248512797931077500e+00, 2.674083716175346126e+00, 3.241381371310833592e-01, -7.514770571629152407e-01, 2.256352649041454272e-01, 5.284935457000321524e-01, -7.695279779534235365e-01, 9.303431863346999231e-01, 2.406250729532947441e-01, -2.246113919519890020e-03, 2.068767598811264638e-02, 7.699842303976119073e-02, -2.616442379449186381e-02, 7.828646488099497147e-02, 6.022253283595172674e-02
1403638166295097088, -6.829036985586925290e+00, -9.204303249540620513e+00, 2.692318417765640515e+00, 3.259430309487577615e-01, -7.508360961734508177e-01, 2.250390749566306969e-01, 5.285486846087252832e-01, -7.660400944967569181e-01, 9.248573704496607650e-01, 3.389586890765776683e-01, -2.253068479495105511e-03, 2.069698528535270782e-02, 7.699279082969932853e-02, -2.645158611112325558e-02, 7.754063109915705632e-02, 5.963942128276590593e-02
1403638166345096960, -6.861236105551784092e+00, -9.159941001802808458e+00, 2.711195233504419821e+00, 3.280697633160692406e-01, -7.506001489438491880e-01, 2.239188181325279803e-01, 5.280435679840649321e-01, -7.464690861686410495e-01, 9.181838259372168132e-01, 4.370656002506041471e-01, -2.246859144955529707e-03, 2.070279122133997229e-02, 7.698708124855377366e-02, -2.652374788934835220e-02, 7.802225378318843052e-02, 5.942519845737733591e-02
1403638166395097088, -6.885000979313040226e+00, -9.124750709072133148e+00, 2.736243699172746791e+00, 3.296453086698153956e-01, -7.499335919017785512e-01, 2.231135379928210483e-01, 5.283501938805406084e-01, -7.178890812122766807e-01, 9.113461247950962463e-01, 4.971686315206843010e-01, -2.244667560150621303e-03, 2.071305546056135052e-02, 7.699410864314358560e-02, -2.672599787194607571e-02, 7.940487487235320385e-02, 5.897009176715543866e-02
1403638166445096960, -6.920338614145014944e+00, -9.094263495083271920e+00, 2.765010227789616248e+00, 3.310998925087948463e-01, -7.503711910744101932e-01, 2.222900833520400354e-01, 5.271651123031367847e-01, -7.031263676974603971e-01, 8.896734063521617442e-01, 5.090418322909232574e-01, -2.248217419110645331e-03, 2.073181031839454666e-02, 7.700213192584899613e-02, -2.713054461654465857e-02, 8.018834850542423676e-02, 5.808172911744589190e-02
1403638166495097088, -6.939074755049835730e+00, -9.063951895121848068e+00, 2.789729473632899026e+00, 3.322087963942425559e-01, -7.498647648327867454e-01, 2.221139768990142982e-01, 5.272622984119598177e-01, -6.816731718341124679e-01, 8.604929954723750107e-01, 4.889106263765892746e-01, -2.242548004708907767e-03, 2.074807147544984950e-02, 7.700810574374986062e-02, -2.737179223317290355e-02, 8.178143719253662403e-02, 5.745061219684880621e-02
1403638166545096960, -6.959936026283870980e+00, -9.033204530329369319e+00, 2.811242410033488071e+00, 3.323617814577808915e-01, -7.500287415264396129e-01, 2.235478928435148394e-01, 5.263258237211053681e-01, -6.729845519830454093e-01, 8.410605647030309218e-01, 4.589941758545499351e-01, -2.242813089340660922e-03, 2.076600829039777080e-02, 7.702396943081152303e-02, -2.542620361796498960e-02, 8.329293681968656660e-02, 6.241166251405851767e-02
1403638166595097088, -6.990516895879711257e+00, -8.998447741414182133e+00, 2.833343612462305483e+00, 3.329671754302112596e-01, -7.492726509053433404e-01, 2.238579395544477157e-01, 5.268880123799968285e-01, -6.633416569554303477e-01, 8.217857333931026798e-01, 4.148056650890715735e-01, -2.240401620240470033e-03, 2.077334249751289566e-02, 7.702742623317314352e-02, -2.565974257273276327e-02, 8.399010230051194570e-02, 6.178449125208319848e-02
1403638166645096960, -7.020286799424333424e+00, -8.964459685600111527e+00, 2.853869271434320343e+00, 3.330402994954062001e-01, -7.496633613600315327e-01, 2.250105047489622256e-01, 5.257939485188151130e-01, -6.591671238652013765e-01, 8.010563606543223969e-01, 3.765036123134624102e-01, -2.239290071180964885e-03, 2.078688385716900150e-02, 7.702709242876575046e-02, -2.600797059473124173e-02, 8.457967173767183544e-02, 6.092304462138279503e-02
1403638166695097088, -7.048705200626767642e+00, -8.934637220842672534e+00, 2.871528589188914182e+00, 3.320664843455675141e-01, -7.501503331321799362e-01, 2.272026257499612234e-01, 5.247716594180535932e-01, -6.504806712659341184e-01, 7.818059950454532281e-01, 3.311284810039810123e-01, -2.243594572456099681e-03, 2.079630801787846900e-02, 7.703176009361473175e-02, -2.635591901142343013e-02, 8.543604465532161907e-02, 6.003328733760148611e-02
1403638166745096960, -7.082582453305466430e+00, -8.901174253532111891e+00, 2.886000624944481174e+00, 3.306857390372337502e-01, -7.513390458193967003e-01, 2.302754556217683213e-01, 5.225990765039526531e-01, -6.409574243595049792e-01, 7.620798089025478950e-01, 2.860301048531834200e-01, -2.241388044128508547e-03, 2.079869394705296387e-02, 7.703254109483101408e-02, -2.654088600238826284e-02, 8.565271963974899205e-02, 5.945309004266582237e-02
1403638166795097088, -7.119155734977842265e+00, -8.857876334567253096e+00, 2.900275442869374221e+00, 3.279488138121136043e-01, -7.545992413826909662e-01, 2.352615509438723551e-01, 5.173795155119488287e-01, -6.504403062361853172e-01, 7.526037951128280445e-01, 2.349968449676774762e-01, -2.249297219419100439e-03, 2.079668083054547062e-02, 7.702853746298569948e-02, -2.659286053639244030e-02, 8.491994868128829865e-02, 5.942603224347908775e-02
1403638166845096960, -7.152344317333676926e+00, -8.819197559867355096e+00, 2.911489647195725450e+00, 3.257106277186856969e-01, -7.591231138814305002e-01, 2.389739193341182677e-01, 5.104274197573548388e-01, -6.475743624420982059e-01, 7.477722301845293185e-01, 1.845732269282520654e-01, -2.254209168673526175e-03, 2.079272276189382887e-02, 7.703777980315007490e-02, -2.653920843843311783e-02, 8.478255884607861781e-02, 5.958070761309314928e-02
1403638166895097088, -7.188102379053471935e+00, -8.776921160399677291e+00, 2.920593988649271999e+00, 3.240707517956451511e-01, -7.650374373520006932e-01, 2.418522248871064484e-01, 5.012019239764006207e-01, -6.669758991849593643e-01, 7.463814177042694675e-01, 1.449800214059713543e-01, -2.256026051194402835e-03, 2.078788138304642555e-02, 7.703418954205101810e-02, -2.652651071783770909e-02, 8.427673736441201879e-02, 5.972087999765631622e-02
1403638166945096960, -7.217061756527424876e+00, -8.747077674665941771e+00, 2.927798524659313451e+00, 3.237920810662104909e-01, -7.697773958464759758e-01, 2.424139117514824693e-01, 4.937984856922660315e-01, -6.954914951141782931e-01, 7.305258955814684096e-01, 1.242713559544980084e-01, -2.255150596735747224e-03, 2.080086203669454306e-02, 7.704160688663753975e-02, -2.666139805922213002e-02, 8.501698223000107857e-02, 5.934699865079644948e-02
1403638166995097088, -7.266141415171592399e+00, -8.705970866225650084e+00, 2.933233268021310458e+00, 3.247276816764830265e-01, -7.734654162699264868e-01, 2.409036471066094698e-01, 4.881276630125978011e-01, -7.324325939072248159e-01, 7.154929596994875629e-01, 1.132371095526262528e-01, -2.256290993315261412e-03, 2.079524967351792375e-02, 7.703696998930939510e-02, -2.664063690105050730e-02, 8.393519528144656461e-02, 5.934737711732517018e-02
1403638167045096960, -7.305179359985272569e+00, -8.682942660765455400e+00, 2.933838376276433291e+00, 3.266653306766648668e-01, -7.754192070859677877e-01, 2.381048966636011288e-01, 4.850988282823304742e-01, -7.741298030805378039e-01, 6.921732785263676746e-01, 1.297434602216074873e-01, -2.251753361132559188e-03, 2.078685533932007543e-02, 7.704684597732765206e-02, -2.496108041779806358e-02, 8.601477709949623129e-02, 6.340148685624262537e-02
1403638167095097088, -7.349435977097489747e+00, -8.645857178569430701e+00, 2.940907377073713302e+00, 3.283788420827325472e-01, -7.764083154607435144e-01, 2.357438591974096720e-01, 4.835103893470401037e-01, -8.236662749761765046e-01, 6.736556961478954442e-01, 1.637452659265653532e-01, -2.251389351308104043e-03, 2.078097404708918391e-02, 7.704147320468611448e-02, -2.496726983546658160e-02, 8.539817549800218788e-02, 6.337783205466111791e-02
1403638167145096960, -7.391780497840404252e+00, -8.610867487073626592e+00, 2.950923252712977174e+00, 3.309753296962521518e-01, -7.758171855458380062e-01, 2.321758660712340827e-01, 4.844144846701678997e-01, -8.700783233375332104e-01, 6.315276969528588191e-01, 2.069206203878603545e-01, -2.245744465609403502e-03, 2.077847994412524574e-02, 7.703548316891770109e-02, -2.496601144565403080e-02, 8.537148817475675999e-02, 6.344015100009130215e-02
1403638167195097088, -7.439996046672757934e+00, -8.572917010881743849e+00, 2.964913087888559673e+00, 3.324960283792373072e-01, -7.748184763404629694e-01, 2.301947903314170985e-01, 4.859146821590719090e-01, -9.149505590372960517e-01, 6.008649803718857374e-01, 2.554438063007571369e-01, -2.251442192979882708e-03, 2.077835372703937603e-02, 7.702657172169841138e-02, -2.508007210719172958e-02, 8.431385581694414433e-02, 6.329804716327075420e-02
1403638167245096960, -7.492340057650112684e+00, -8.540863830044409966e+00, 2.979279886340071570e+00, 3.349473035966534229e-01, -7.734521088396585364e-01, 2.269483006365660693e-01, 4.879309459165212526e-01, -9.533479706973295720e-01, 5.669727382585911801e-01, 2.948122108537571395e-01, -2.251514629103748295e-03, 2.077441314180886872e-02, 7.702508357156916119e-02, -2.504943717611571308e-02, 8.386619149070700940e-02, 6.341458785611278626e-02
1403638167295097088, -7.540812973618669979e+00, -8.511947125591980523e+00, 2.993507486842299503e+00, 3.357716868868542703e-01, -7.719360438434748062e-01, 2.256590468052060983e-01, 4.903571281172601770e-01, -9.900725749428280764e-01, 5.220484546974383244e-01, 3.168590268532088250e-01, -2.250263142368500412e-03, 2.076940819324997120e-02, 7.702518412368249134e-02, -2.488606638741965721e-02, 8.394079207881044447e-02, 6.378524787745065705e-02
1403638167345096960, -7.593327514964351543e+00, -8.478497930711386132e+00, 3.011550411798930682e+00, 3.364542570436224178e-01, -7.706975682741727951e-01, 2.248654850783573800e-01, 4.921984404627629539e-01, -1.017787190143945253e+00, 4.918558348432273686e-01, 3.506989894328069735e-01, -2.260321890054866212e-03, 2.076153944077617844e-02, 7.703202732964209432e-02, -2.470581912505451228e-02, 8.320062923546585332e-02, 6.433115956482587938e-02
1403638167395097088, -7.645401027567841012e+00, -8.453578557320510001e+00, 3.028459705859138928e+00, 3.360868706968406783e-01, -7.703095645945824410e-01, 2.247302941610343496e-01, 4.931177191357100642e-01, -1.036512955369982336e+00, 4.562812356955816551e-01, 3.544136409061694470e-01, -2.261189774238004692e-03, 2.076321247528173028e-02, 7.702947390998994559e-02, -2.469202468157145544e-02, 8.295639929883177888e-02, 6.436434388869657908e-02
1403638167445096960, -7.693294652515682230e+00, -8.435559144093657480e+00, 3.044583597388170748e+00, 3.349838482114413929e-01, -7.693424838585469772e-01, 2.259074017988140226e-01, 4.948371548098675077e-01, -1.053733180975451766e+00, 4.263187210288529316e-01, 3.251797149609469417e-01, -2.265763324186772544e-03, 2.076905156358347174e-02, 7.702684649270549744e-02, -2.483756654737368300e-02, 8.333767789525875491e-02, 6.393698764732257123e-02
1403638167495097088, -7.742708256680767676e+00, -8.413705122037351103e+00, 3.060564329469531497e+00, 3.334372279835386421e-01, -7.680486178697142341e-01, 2.276741933968446097e-01, 4.970768524525877585e-01, -1.072318484394532589e+00, 4.099230546798440233e-01, 2.978066610104251888e-01, -2.271994078944828809e-03, 2.076484005546505238e-02, 7.703353545952257297e-02, -2.479104850021049064e-02, 8.339550927279795745e-02, 6.407359284451483172e-02
1403638167545096960, -7.796152309124233959e+00, -8.399632043734854392e+00, 3.073938333841083725e+00, 3.316577286834196392e-01, -7.661370679396536376e-01, 2.299336491206151190e-01, 5.001676330346292998e-01, -1.086423116327661642e+00, 3.833259729671190108e-01, 2.618467197547990066e-01, -2.266655374062247121e-03, 2.076108007471069716e-02, 7.703839670327651545e-02, -2.465960713190667661e-02, 8.506231330258703927e-02, 6.434800839994102295e-02
1403638167595097088, -7.854641540659430987e+00, -8.379515238452725612e+00, 3.086057757668436263e+00, 3.280080290090000017e-01, -7.647915742618738300e-01, 2.341204202028009940e-01, 5.026850004602683164e-01, -1.099141849492084599e+00, 3.740357019961299545e-01, 2.247294653574153644e-01, -2.270954723481819100e-03, 2.075477252351759505e-02, 7.703764898873924349e-02, -2.464022648069172719e-02, 8.475281404375042960e-02, 6.440183648848778197e-02
1403638167645096960, -7.908745936970928092e+00, -8.363878584994997922e+00, 3.095588440724824419e+00, 3.226608214539904984e-01, -7.645878239431038725e-01, 2.390764212867634575e-01, 5.041209364441229246e-01, -1.115529863525874354e+00, 3.686008742588434139e-01, 1.939973071794595105e-01, -2.276239452644433867e-03, 2.075782972209632218e-02, 7.703707406426364701e-02, -2.478096304638835803e-02, 8.484770694456487961e-02, 6.398194969118629893e-02
1403638167695097088, -7.966551165876617269e+00, -8.339605888326827809e+00, 3.105063592533811700e+00, 3.173181365182304869e-01, -7.649679906317068401e-01, 2.418043862746261374e-01, 5.056320918650616392e-01, -1.138052130492100078e+00, 3.739013517476042492e-01, 1.527613807560583015e-01, -2.276549830856231579e-03, 2.075277806413850998e-02, 7.703576197559042216e-02, -2.457390820904508527e-02, 8.447912480903942145e-02, 6.453236526059845379e-02
1403638167745096960, -8.022892664548445296e+00, -8.313319617189545596e+00, 3.113509332312784927e+00, 3.109447028850801931e-01, -7.658579070322703020e-01, 2.435164248805033460e-01, 5.074197560179125599e-01, -1.156760300553687504e+00, 3.830575586000520283e-01, 1.314204667427544826e-01, -2.277267717397732719e-03, 2.074817164539522613e-02, 7.703682826855293153e-02, -2.431485163457971360e-02, 8.422021983085757613e-02, 6.524837993697657490e-02
1403638167795097088, -8.077930515060131711e+00, -8.292971160755222115e+00, 3.121652231806891997e+00, 3.036584717083163354e-01, -7.677224676163275641e-01, 2.449538574147307191e-01, 5.083220957370536697e-01, -1.184615898831562708e+00, 3.876457781067327857e-01, 1.085148083301392119e-01, -2.270977071068352570e-03, 2.075080818559445900e-02, 7.703234651639478958e-02, -2.424311735222901484e-02, 8.444674779361760475e-02, 6.553560236808490813e-02
1403638167845096960, -8.135059245566150565e+00, -8.269174541941852752e+00, 3.128992391620820879e+00, 2.961846586118068170e-01, -7.703757020952757273e-01, 2.447528010145893496e-01, 5.088143001328986337e-01, -1.218011812477668210e+00, 4.004566878292284415e-01, 8.964514558825033286e-02, -2.268668300516995130e-03, 2.075108402803124349e-02, 7.702991900243674750e-02, -2.406512042185935188e-02, 8.448096949423966606e-02, 6.612845037330615516e-02
1403638167895097088, -8.194246560519291123e+00, -8.248744982078839882e+00, 3.132411696928380618e+00, 2.889905735496995920e-01, -7.723339916207100364e-01, 2.427399374056160297e-01, 5.109422438739571470e-01, -1.236080441774039862e+00, 4.188586848666525086e-01, 7.478072143485745005e-02, -2.269756990749157571e-03, 2.074858318737099472e-02, 7.702896677402965020e-02, -2.406935260600781556e-02, 8.450411833282642227e-02, 6.606658775527442240e-02
1403638167945096960, -8.252474473188122772e+00, -8.235285604242411850e+00, 3.132609480031103733e+00, 2.816324036586470569e-01, -7.742885571230646580e-01, 2.404927041538955923e-01, 5.131507368858418960e-01, -1.260628440579723231e+00, 4.293304011246976137e-01, 4.527386554400973651e-02, -2.270449819474684629e-03, 2.075078321479795901e-02, 7.702551714045031972e-02, -2.422284278605479207e-02, 8.501474482721853299e-02, 6.548183375194502331e-02
1403638167995097088, -8.311437037473995204e+00, -8.211787454357843075e+00, 3.136125265661095174e+00, 2.748840014046546876e-01, -7.766259816240396185e-01, 2.359259566686097709e-01, 5.153928728729803010e-01, -1.279374240572332955e+00, 4.476509397741864071e-01, 5.034891204957805261e-02, -2.256322694735770490e-03, 2.075057956308528490e-02, 7.702239407754404854e-02, -2.407913079445618554e-02, 8.528887979624881488e-02, 6.590114012837426649e-02
1403638168045096960, -8.378122042721127372e+00, -8.183210213471747707e+00, 3.140464663980896187e+00, 2.684774620934265998e-01, -7.782150309476250083e-01, 2.326275354968622144e-01, 5.178664380742549200e-01, -1.305887453625495631e+00, 4.532581302740398277e-01, 7.948659016743726824e-02, -2.253308594398603561e-03, 2.074353120963329591e-02, 7.701802236319840733e-02, -2.388471269122412893e-02, 8.479649831050718733e-02, 6.646237755489896315e-02
1403638168095097088, -8.442653637337562245e+00, -8.156594105431322461e+00, 3.146725771797706184e+00, 2.621804440896667310e-01, -7.797858849076833021e-01, 2.303378433314959839e-01, 5.197498113179858104e-01, -1.333458479740551539e+00, 4.759878086779932294e-01, 1.243044016922411343e-01, -2.250394254490562049e-03, 2.074054611610923193e-02, 7.701502411227464928e-02, -2.374031801222578272e-02, 8.475336217532196403e-02, 6.690159589514386995e-02
1403638168145096960, -8.512258554902620844e+00, -8.121582090198952386e+00, 3.153821136051325080e+00, 2.577529696980939700e-01, -7.812150111978285461e-01, 2.255551160745985495e-01, 5.219112975435237223e-01, -1.329202490987658747e+00, 5.328775842216124659e-01, 1.635664179791227191e-01, -2.253416337392553405e-03, 2.072922681167799208e-02, 7.701815707260764587e-02, -2.344155702463575006e-02, 8.396389540817761343e-02, 6.763275669111558364e-02
1403638168195097088, -8.603719953317026992e+00, -8.076423120290259661e+00, 3.172275820390945800e+00, 2.519408153936218420e-01, -7.822908222458543337e-01, 2.218724367779379147e-01, 5.247089829295112917e-01, -1.355584265442228320e+00, 5.637917107844638842e-01, 2.087775114390459374e-01, -2.276357170666873115e-03, 2.071661869793355384e-02, 7.702175572198596831e-02, -2.514402389143079175e-02, 8.191446297579627056e-02, 6.358259718691491869e-02
1403638168245096960, -8.672560578659119557e+00, -8.046380122970331783e+00, 3.182387276628547035e+00, 2.480451490433678852e-01, -7.840888130486107777e-01, 2.142844993809474297e-01, 5.270298763951917209e-01, -1.360394309670228230e+00, 6.085880835362916796e-01, 2.383868017885717727e-01, -2.274031147282856193e-03, 2.071272575439656385e-02, 7.702176274236097187e-02, -2.505366450860725680e-02, 8.197408149110942122e-02, 6.374113428819404292e-02
1403638168295097088, -8.738910589133505269e+00, -8.018390679978473656e+00, 3.193511981988885751e+00, 2.428679112063719114e-01, -7.860293544943793842e-01, 2.078335186767735210e-01, 5.291297195337213433e-01, -1.377303805931969993e+00, 6.223420443663801871e-01, 2.733055544197559583e-01, -2.272976976792422457e-03, 2.071627860843923072e-02, 7.701779513769882457e-02, -2.512638018263556317e-02, 8.207548695003751005e-02, 6.347824603160835688e-02
1403638168345096960, -8.805554276947450631e+00, -7.992863006915738033e+00, 3.207747936178365400e+00, 2.373247294161527909e-01, -7.874709355636535513e-01, 2.010465993807201424e-01, 5.321153665583268078e-01, -1.397543274497125010e+00, 6.339290049620376344e-01, 3.032087336847774095e-01, -2.272908638214351726e-03, 2.072284205773540847e-02, 7.701407473049473595e-02, -2.533474114705324548e-02, 8.235871169877836961e-02, 6.297401011040686114e-02
1403638168395097088, -8.876234568644315814e+00, -7.963897424593513463e+00, 3.223049559060027658e+00, 2.308252466738162645e-01, -7.886005510529324747e-01, 1.953594944182946436e-01, 5.354096976312729961e-01, -1.403766287539324420e+00, 6.452275184968292443e-01, 3.390239218828828283e-01, -2.272619001097584291e-03, 2.072804963940961392e-02, 7.701386677489346910e-02, -2.548899684387136155e-02, 8.235598607832947393e-02, 6.254608686956353303e-02
1403638168445096960, -8.968812697475222251e+00, -7.927481622386207682e+00, 3.243662258084071048e+00, 2.271435676197261500e-01, -7.900464518778682610e-01, 1.871084159238829425e-01, 5.377944256448083937e-01, -1.414363688073268843e+00, 6.577576674537685131e-01, 3.359545888617448406e-01, -2.277584207722197548e-03, 2.073228187917301735e-02, 7.701686333562088316e-02, -2.579981422165977117e-02, 8.268028966947880976e-02, 6.185110790882867443e-02
1403638168495097088, -9.040990037268294088e+00, -7.899727714046687943e+00, 3.257305842798057682e+00, 2.254592555357640415e-01, -7.925894595157343403e-01, 1.782908125471243110e-01, 5.377568771471930020e-01, -1.419077880452094043e+00, 6.549322211703414442e-01, 3.000756399701606791e-01, -2.284989393081677742e-03, 2.073537237884603632e-02, 7.701367530101374537e-02, -2.604628598999545949e-02, 8.249002119092536944e-02, 6.112520523254987015e-02
1403638168545096960, -9.113589563866739240e+00, -7.867609218400335891e+00, 3.271268589855245157e+00, 2.255413692734439257e-01, -7.948972176818970281e-01, 1.686373921011999621e-01, 5.374299340873607278e-01, -1.424974446675452366e+00, 6.498854657806747426e-01, 2.609305570518215545e-01, -2.288701724587532526e-03, 2.073577314752936274e-02, 7.701562958964849881e-02, -2.608715122651126400e-02, 8.271382504276669767e-02, 6.101241053515561730e-02
1403638168595097088, -9.186000513400534473e+00, -7.833210242091672271e+00, 3.286375579464988483e+00, 2.262234451042394456e-01, -7.980501074830917974e-01, 1.595607027431234781e-01, 5.352376677435132235e-01, -1.426338233912782805e+00, 6.378813074941759309e-01, 2.253178106698668359e-01, -2.285287626255975892e-03, 2.073634939145690276e-02, 7.701591982202628250e-02, -2.609818258533736640e-02, 8.320061762766677027e-02, 6.115555192323181982e-02
1403638168645096960, -9.256841815326566802e+00, -7.796415115401490681e+00, 3.299754361172236639e+00, 2.270432547963865400e-01, -8.000158050482109040e-01, 1.514527025510722102e-01, 5.343109123108966685e-01, -1.428835514203654844e+00, 6.245615666977171188e-01, 1.854769266725360688e-01, -2.287113701751955497e-03, 2.073078490404482374e-02, 7.701426261440529053e-02, -2.593461621386918339e-02, 8.291797768814966607e-02, 6.177698131906392276e-02
1403638168695097088, -9.330833743364353339e+00, -7.765263118920246121e+00, 3.309940223149588689e+00, 2.278261727279806692e-01, -8.018124854856183426e-01, 1.448458198951896592e-01, 5.331150547474586832e-01, -1.432050067254178494e+00, 5.975358319513752736e-01, 1.393392987073946432e-01, -2.287904144189387319e-03, 2.073388051912122484e-02, 7.701307791334859043e-02, -2.607533139028886393e-02, 8.302729814060486047e-02, 6.154470871386044650e-02
1403638168745096960, -9.401160549966821378e+00, -7.736731177067209586e+00, 3.317525344874845405e+00, 2.282730333105142118e-01, -8.029020067819704343e-01, 1.405258236744862110e-01, 5.324399333721211436e-01, -1.433262569180516977e+00, 5.658090521865964950e-01, 1.161025974349707973e-01, -2.294124869086227279e-03, 2.073438510281474731e-02, 7.701849325622604769e-02, -2.614797475870525578e-02, 8.303893484094593269e-02, 6.141082253240144617e-02
1403638168795097088, -9.474864426085288116e+00, -7.709925846745328215e+00, 3.323426240028124923e+00, 2.281543566068484352e-01, -8.037765067022459853e-01, 1.382739767449159829e-01, 5.317604951385499490e-01, -1.430156233828435264e+00, 5.422998085663519596e-01, 6.937204212234930611e-02, -2.296238302947907570e-03, 2.073832483336031374e-02, 7.702118145369755975e-02, -2.632825729201655057e-02, 8.312624519235251030e-02, 6.101467351061241190e-02
1403638168845096960, -9.558103909330261772e+00, -7.676941249273899537e+00, 3.327669906059885108e+00, 2.283660011157509773e-01, -8.051465494538382339e-01, 1.361136686389734785e-01, 5.301519335498254826e-01, -1.451096156429623418e+00, 5.002999216330538124e-01, 5.508283789018730142e-02, -2.286253044790444167e-03, 2.075611730694508841e-02, 7.701018170467038848e-02, -2.583152911326711682e-02, 8.481789151283797290e-02, 6.237353019973731344e-02
1403638168895097088, -9.632576086610493249e+00, -7.651601162471153295e+00, 3.332316378827955727e+00, 2.290910363536193817e-01, -8.054712440147562269e-01, 1.342591671648234175e-01, 5.298186936678941361e-01, -1.466872061113125847e+00, 4.673067316510760572e-01, 3.056567244018135870e-02, -2.283928873827160977e-03, 2.075948904794457095e-02, 7.700939478276448702e-02, -2.598388452980310986e-02, 8.480437813651263423e-02, 6.212080000627337451e-02
1403638168945096960, -9.707678642058105822e+00, -7.626400439505784057e+00, 3.336338992219582078e+00, 2.291209303303754219e-01, -8.061562635094715601e-01, 1.342200901418167946e-01, 5.287727730238324098e-01, -1.469645811490970955e+00, 4.220808707442556540e-01, 1.144018587144789677e-02, -2.279959864929422594e-03, 2.076122573064227012e-02, 7.701173190012797209e-02, -2.603513583037488088e-02, 8.508994161248664700e-02, 6.212438263537130301e-02
1403638168995097088, -9.778335343226343568e+00, -7.607559712296299459e+00, 3.336601390168767889e+00, 2.300444409066203511e-01, -8.053788001637567362e-01, 1.343195421163810299e-01, 5.295307394858149719e-01, -1.479121910502181558e+00, 3.889168583521485090e-01, -1.237144199719102805e-02, -2.278027824715491822e-03, 2.076141491366422995e-02, 7.701243124050145827e-02, -2.598255855942971024e-02, 8.545086057996087447e-02, 6.228671675265907981e-02
1403638169045096960, -9.856464033264046520e+00, -7.592053004967738161e+00, 3.334584272181501330e+00, 2.307958802477260152e-01, -8.029178266808573161e-01, 1.355906196418107390e-01, 5.326081196563904330e-01, -1.490162268036030913e+00, 3.488948826739833309e-01, -3.010242635907991668e-02, -2.283297204784292059e-03, 2.076697293366729438e-02, 7.701190188559307870e-02, -2.635781667243844092e-02, 8.527426688936129429e-02, 6.129171032296817923e-02
1403638169095097088, -9.927011241132499109e+00, -7.577600758638951994e+00, 3.331610294439073083e+00, 2.291823489297762639e-01, -7.996231200358879798e-01, 1.404469063205896484e-01, 5.369850867091915392e-01, -1.485654385756050688e+00, 3.172850010384239416e-01, -6.492378924568438514e-02, -2.282235727857771530e-03, 2.076782397131295838e-02, 7.701436429534234962e-02, -2.627535786674323540e-02, 8.565361674328270114e-02, 6.147378844322495817e-02
1403638169145096960, -1.001266428030132083e+01, -7.557031734026832481e+00, 3.330183854461614246e+00, 2.278488737792183638e-01, -7.972843048441146108e-01, 1.454705397098953745e-01, 5.396859735469234920e-01, -1.488640086666346285e+00, 2.973543161240263522e-01, -9.023510328920451851e-02, -2.289403281157917445e-03, 2.076793380454358684e-02, 7.701099389925367134e-02, -2.661312915746227165e-02, 8.459016342640079955e-02, 6.078102231562155372e-02
1403638169195097088, -1.009282467159468233e+01, -7.541573667924541979e+00, 3.327280772989998692e+00, 2.258805935687927258e-01, -7.957782766141451303e-01, 1.512935927747879883e-01, 5.411332005184376071e-01, -1.486842131363600217e+00, 2.859095731031025545e-01, -1.267414264306953309e-01, -2.296388493943305863e-03, 2.077110647197797158e-02, 7.701298780273910238e-02, -2.693262492298598848e-02, 8.435770050324169211e-02, 6.014374279746748098e-02
1403638169245096960, -1.015557652888900009e+01, -7.532886695178235392e+00, 3.317425148695729575e+00, 2.218843649370137172e-01, -7.945000188864276280e-01, 1.582947559608326726e-01, 5.426599476847953074e-01, -1.477833591827158788e+00, 2.748460793300883109e-01, -1.520541559812862709e-01, -2.301532432960877016e-03, 2.076963161536607774e-02, 7.702746412302119428e-02, -2.661819301559832998e-02, 8.547171439017607619e-02, 6.076993541558818601e-02
1403638169295097088, -1.021474458660746265e+01, -7.524970837856434613e+00, 3.309354831534639718e+00, 2.158636483692578656e-01, -7.935337626153243784e-01, 1.649887910517148504e-01, 5.445050520698343499e-01, -1.468426059164692710e+00, 2.725102826384926957e-01, -1.808954259143370769e-01, -2.288501502217270018e-03, 2.077725554852987919e-02, 7.703567709865280499e-02, -2.546659691981486423e-02, 8.773375508854418248e-02, 6.368013605905969987e-02
1403638169345096960, -1.028035568200063388e+01, -7.517786242383409423e+00, 3.297620596411441785e+00, 2.063729319646408211e-01, -7.920959983130781978e-01, 1.738071321473829978e-01, 5.475264589254368319e-01, -1.474438132349771946e+00, 2.743239580642163888e-01, -1.971328233752293879e-01, -2.290053042878176064e-03, 2.077884013912771957e-02, 7.703962146095584551e-02, -2.541204727671599745e-02, 8.859205356839838785e-02, 6.367553928154362497e-02
1403638169395097088, -1.036796283521366391e+01, -7.498459105961106985e+00, 3.288679051395414721e+00, 1.966139884904419544e-01, -7.909523377197312799e-01, 1.799707403123483318e-01, 5.507702530247960970e-01, -1.481224164378124986e+00, 3.096470723303522687e-01, -2.119425484858713793e-01, -2.289888913049968003e-03, 2.077900469594022234e-02, 7.703122304659118513e-02, -2.579471192026218385e-02, 8.729627116212404503e-02, 6.282235910865500983e-02
1403638169445096960, -1.044260831726776395e+01, -7.482589479617413275e+00, 3.277622321026083085e+00, 1.871095903394971727e-01, -7.895895555043579428e-01, 1.837051354394159397e-01, 5.547889312653975225e-01, -1.485100971171190443e+00, 3.511164871011554500e-01, -2.037881727878414762e-01, -2.297886163019144043e-03, 2.077622022437386473e-02, 7.703543152316044695e-02, -2.591323083925102869e-02, 8.705760440895071728e-02, 6.252070779972442038e-02
1403638169495097088, -1.050906776636320572e+01, -7.471284031050623220e+00, 3.266306024635794891e+00, 1.781048272703398827e-01, -7.892908096171342702e-01, 1.836798255941362035e-01, 5.581759669016921332e-01, -1.474361750066410348e+00, 3.900993026048646950e-01, -1.883441102276861567e-01, -2.288505714333307489e-03, 2.078434034079614662e-02, 7.703708291218649973e-02, -2.587633008096644829e-02, 8.833081691571670335e-02, 6.252906740848644673e-02
1403638169545096960, -1.058752965517543210e+01, -7.444659670891191183e+00, 3.260685989071270718e+00, 1.702585000640371993e-01, -7.887839241826344328e-01, 1.815918186937904022e-01, 5.620110101149887738e-01, -1.471326314481316455e+00, 4.430637725552077910e-01, -1.420770793900595907e-01, -2.280678642121513472e-03, 2.078247195897054214e-02, 7.703762052727658460e-02, -2.577245400391847338e-02, 8.804341364200349296e-02, 6.292600144748669577e-02
1403638169595097088, -1.065485784477751707e+01, -7.422350577449902786e+00, 3.253885393615628008e+00, 1.628447146576299520e-01, -7.894015708784254404e-01, 1.764010001770429659e-01, 5.649862351768299984e-01, -1.449201811030873532e+00, 5.157768968218726657e-01, -1.096552147071777478e-01, -2.283824068913020526e-03, 2.077954367626819870e-02, 7.703767695054236642e-02, -2.558131151181312901e-02, 8.853883921924267375e-02, 6.336531323227333201e-02
1403638169645096960, -1.073883091087797403e+01, -7.390180495574511177e+00, 3.256052372980751120e+00, 1.565541882101108839e-01, -7.907111151208437994e-01, 1.682444546684779829e-01, 5.674156519268139798e-01, -1.437140861207633957e+00, 5.626170561183545527e-01, -7.212905363379869261e-02, -2.276658957938426479e-03, 2.079084598262759959e-02, 7.703659822523623024e-02, -2.595585041335763538e-02, 8.848004026138849010e-02, 6.272159268230054208e-02
1403638169695097088, -1.079779871673147795e+01, -7.362702453233885613e+00, 3.249651570953544066e+00, 1.516517542520491590e-01, -7.928566198253780284e-01, 1.573301484585591936e-01, 5.688825451860516358e-01, -1.407435385144686357e+00, 6.073831469249134640e-01, -5.788533207446278778e-02, -2.280979755598916154e-03, 2.078600961800789251e-02, 7.704461117347349841e-02, -2.557692679165415525e-02, 8.909098918118021904e-02, 6.353747688210820144e-02
1403638169745096960, -1.086451009492507147e+01, -7.337862462416859799e+00, 3.247900489595302975e+00, 1.453060964969384861e-01, -7.947629524424204561e-01, 1.470801173912811011e-01, 5.706184599309738203e-01, -1.382829750950811398e+00, 6.499933409775280335e-01, -5.200065152717824740e-03, -2.279558843099192995e-03, 2.079360273129707976e-02, 7.705025175434501716e-02, -2.571708540731175441e-02, 8.985187744311615154e-02, 6.314905876122707540e-02
1403638169795097088, -1.093215834726781743e+01, -7.306619698192426959e+00, 3.247449695604888387e+00, 1.407864173234159577e-01, -7.963240813813537988e-01, 1.328280532230022570e-01, 5.730653107511982647e-01, -1.352107937189842346e+00, 6.797266668341480633e-01, 3.412056033714720715e-02, -2.256526037881977521e-03, 2.079337192350157529e-02, 7.704492084278424802e-02, -2.474304320916522609e-02, 8.888306592232494974e-02, 6.564593367148396919e-02
1403638169845096960, -1.100424824772162502e+01, -7.271444369721695722e+00, 3.252794450986036257e+00, 1.361785268204541988e-01, -7.979819361838460523e-01, 1.179022141529991324e-01, 5.751341637001852192e-01, -1.333200835059628719e+00, 6.947580914955118203e-01, 9.425000774843597662e-02, -2.250981400560565608e-03, 2.079724834622534435e-02, 7.704419664117706512e-02, -2.505717896402329462e-02, 8.919110802368497570e-02, 6.495891804351161536e-02
1403638169895097088, -1.107257639446080866e+01, -7.237097529485950531e+00, 3.258339871652755182e+00, 1.304483706262242193e-01, -7.990087581732598920e-01, 1.039166925412239317e-01, 5.777279186387664911e-01, -1.306976194982699679e+00, 7.076374620012719774e-01, 1.362343823580788038e-01, -2.247738201961226381e-03, 2.079960828178931478e-02, 7.704241913537028530e-02, -2.520844661917512677e-02, 8.914781878448441166e-02, 6.457117688333660621e-02
1403638169945096960, -1.114201178455321006e+01, -7.200900588662818791e+00, 3.265150777581187214e+00, 1.247173313049125543e-01, -7.976079324491499589e-01, 8.980918206644311619e-02, 5.832679351575307258e-01, -1.276616705954051190e+00, 7.006157024596162408e-01, 1.637727315873696854e-01, -2.248795117013061614e-03, 2.079976358514020254e-02, 7.704255770694699856e-02, -2.535644928497284359e-02, 8.899507196416293897e-02, 6.414653142098898642e-02
1403638169995097088, -1.120325586694585240e+01, -7.168891916406542109e+00, 3.274711327861696386e+00, 1.168676941170021244e-01, -7.953679104261350830e-01, 7.888390092770684869e-02, 5.894990749022142040e-01, -1.235022432911772050e+00, 6.893795034105667519e-01, 1.995313375768225927e-01, -2.254404396362565382e-03, 2.079859853844746170e-02, 7.704275844700944620e-02, -2.543412813791801411e-02, 8.916695852521666632e-02, 6.397079745635753101e-02
1403638170045096960, -1.126998228026782023e+01, -7.131753650156504420e+00, 3.283638387831063987e+00, 1.067213485031909964e-01, -7.932544324019222826e-01, 7.121546470450842992e-02, 5.952195534718980330e-01, -1.202100262014016874e+00, 6.864586721600162145e-01, 1.946500389623237182e-01, -2.264201113846310391e-03, 2.079822679167827454e-02, 7.703696429421448555e-02, -2.564127321003224075e-02, 8.806108264795448060e-02, 6.342434042458915122e-02
1403638170095097088, -1.134220573234444451e+01, -7.101606480750059625e+00, 3.292555047311683136e+00, 9.576928190376506056e-02, -7.922067102536443084e-01, 6.470446081662689641e-02, 5.992078984986474177e-01, -1.162874165607779231e+00, 6.726301760576722799e-01, 1.721652882469482670e-01, -2.264503849340252385e-03, 2.081131915267836821e-02, 7.703348453853670064e-02, -2.633224367122117063e-02, 8.793379698061282168e-02, 6.161210912078406154e-02
1403638170145096960, -1.140949194777233089e+01, -7.072208315756427943e+00, 3.299467483793797395e+00, 8.333663252231873764e-02, -7.928210678230499520e-01, 5.983943605824176143e-02, 6.007570240854369636e-01, -1.119939449908700535e+00, 6.658017305395915741e-01, 1.228415608038309764e-01, -2.267702476448534617e-03, 2.081959304824140822e-02, 7.703638784348601498e-02, -2.682936673199050326e-02, 8.820933857247334475e-02, 6.030196465696322644e-02
1403638170195097088, -1.147469243582223442e+01, -7.043526128294945288e+00, 3.305111509760109811e+00, 7.051440855480411996e-02, -7.937453961404996594e-01, 5.533556724601093602e-02, 6.016094574468472400e-01, -1.080431250165867274e+00, 6.559461800172484702e-01, 8.148885752437798335e-02, -2.266381620220895080e-03, 2.083099843415973929e-02, 7.703605155546232319e-02, -2.738409529009148621e-02, 8.840554443022025088e-02, 5.885856249643995480e-02
1403638170245096960, -1.153049024958724367e+01, -7.013980597355574886e+00, 3.308479778009892680e+00, 5.766850206387232058e-02, -7.950012637667568383e-01, 5.099620619334072763e-02, 6.017031838314095271e-01, -1.034459236158487894e+00, 6.552301874674937299e-01, 5.516240797974660687e-02, -2.263570819101645357e-03, 2.083524513440542306e-02, 7.703713868774046680e-02, -2.751683825898284391e-02, 8.908938030480925696e-02, 5.849713265343164936e-02
1403638170295097088, -1.158632319978723579e+01, -6.980121507514446044e+00, 3.310721101065690952e+00, 4.407023972268900303e-02, -7.963773949395436258e-01, 4.783688768816748288e-02, 6.012923506717846589e-01, -9.960332533579244751e-01, 6.627836187075167862e-01, 2.124606566431803262e-02, -2.265139360154724835e-03, 2.083624346813369235e-02, 7.703382408902018086e-02, -2.767428726968220593e-02, 8.882811118204929357e-02, 5.811654511070916962e-02
1403638170345096960, -1.162957512235451851e+01, -6.949980122068842192e+00, 3.310272752164305388e+00, 3.155598367324494863e-02, -7.983970060523015722e-01, 4.330645669866851205e-02, 5.997424375757826054e-01, -9.576662509458335748e-01, 6.677630369055740367e-01, -1.357612201281353098e-02, -2.272960384567881097e-03, 2.083731381318036993e-02, 7.703799188321402980e-02, -2.754588479099730550e-02, 8.947229553974390959e-02, 5.841018226051276907e-02
1403638170395097088, -1.168574764981986469e+01, -6.916923025494214450e+00, 3.310215881229891632e+00, 1.919743173389620861e-02, -8.008834345822392065e-01, 3.809815654327788209e-02, 5.972986801379880362e-01, -9.213313532876767908e-01, 6.805904155342652473e-01, -3.656076782778702738e-02, -2.264147282030835959e-03, 2.084606329070111397e-02, 7.703516578424661476e-02, -2.786775102197612541e-02, 8.941630416591089814e-02, 5.762935138363307203e-02
1403638170445096960, -1.172423306304540525e+01, -6.886694068551476811e+00, 3.305825839168395230e+00, 7.745765889511368150e-03, -8.028358021945346534e-01, 3.224216772981093604e-02, 5.952773474990677993e-01, -8.860601651425441538e-01, 6.908944451226546324e-01, -6.351911967385344415e-02, -2.265919116155856988e-03, 2.084579258693497472e-02, 7.703783316486573218e-02, -2.772396167895147673e-02, 9.002778458163779307e-02, 5.790215930373314446e-02
1403638170495097088, -1.177293983203212591e+01, -6.855351157763286629e+00, 3.302601196448391896e+00, -5.039519561209931942e-03, -8.040814881724385188e-01, 2.906709484789739978e-02, 5.937867189640503307e-01, -8.678245588604172056e-01, 6.977927625335776929e-01, -4.416897732298814827e-02, -2.264292684193704077e-03, 2.085046227146883716e-02, 7.703780242017638225e-02, -2.793264643668739999e-02, 9.022220854878219842e-02, 5.733762444841612738e-02
1403638170545096960, -1.182490060621207384e+01, -6.818612442669161666e+00, 3.299013291442460361e+00, -1.820279372659416514e-02, -8.034009823076216916e-01, 2.752768566969233249e-02, 5.945231252435569935e-01, -8.432448927602347322e-01, 7.233454004832887696e-01, -1.429320845332372053e-02, -2.272053994587573331e-03, 2.084977578726724887e-02, 7.703805053458991081e-02, -2.815691851976641694e-02, 8.949649637705948957e-02, 5.665856920525826068e-02
1403638170595097088, -1.186749279243979416e+01, -6.781160381773091217e+00, 3.298901860186109758e+00, -3.044057210378715503e-02, -8.020161708756370356e-01, 2.472346078488576668e-02, 5.960135767839466192e-01, -8.348813723588519586e-01, 7.576789317988473771e-01, 4.090416826707746201e-02, -2.281303151674133906e-03, 2.084472087427533329e-02, 7.704162821521862159e-02, -2.813771255828221088e-02, 8.950223921000077798e-02, 5.669221217130050727e-02
1403638170645096960, -1.190969755422717391e+01, -6.749708750118418976e+00, 3.295506001007901808e+00, -4.163011769584062938e-02, -7.999448304007770183e-01, 1.989258836879488276e-02, 5.982971557208778268e-01, -7.912903024064219526e-01, 7.832984473455181229e-01, 7.825130442748370885e-02, -2.253726234255752549e-03, 2.084527887556572243e-02, 7.703349336410683645e-02, -2.436034336662095540e-02, 9.262413216354122014e-02, 6.610561082191099280e-02
1403638170695097088, -1.193243031312480262e+01, -6.713806868607778533e+00, 3.299103632460370417e+00, -5.215667472755460693e-02, -7.977517385235779468e-01, 1.490193784922181838e-02, 6.005412368957779856e-01, -7.405001208931684120e-01, 8.126126355791905009e-01, 1.261254371125904161e-01, -2.253606947108518360e-03, 2.084086151929618810e-02, 7.704156180810202426e-02, -2.391705737706413190e-02, 9.348179470413482683e-02, 6.714684588366084950e-02
1403638170745096960, -1.198277961941386671e+01, -6.667149801394897324e+00, 3.304829082082134217e+00, -6.148727818951910118e-02, -7.971354081521211388e-01, 8.996533091696354636e-03, 6.005943040716636983e-01, -6.869131948431345114e-01, 8.450625088969987431e-01, 1.431142568291805250e-01, -2.252166305821156050e-03, 2.084283146610436260e-02, 7.703721013992761990e-02, -2.421150826577286516e-02, 9.256842413631877209e-02, 6.632867536115918949e-02
1403638170795097088, -1.202892700163282491e+01, -6.621361228284026623e+00, 3.310927142710248461e+00, -7.070087797492875803e-02, -7.958511322826419265e-01, 2.650856741796042606e-03, 6.013446050781080521e-01, -6.634147521265870706e-01, 8.731400987858866092e-01, 1.665061782555519732e-01, -2.248586199324620078e-03, 2.084704893871871384e-02, 7.703210197958354488e-02, -2.444011400585556840e-02, 9.182397017876234302e-02, 6.565302541144880932e-02
1403638170845096960, -1.205924176488287003e+01, -6.576251303205828513e+00, 3.318867877029929137e+00, -7.938818436641914555e-02, -7.953714188133905738e-01, -3.826765124230449479e-03, 6.008886570625722179e-01, -6.188331000011647598e-01, 9.041288602900668936e-01, 1.673399265150223580e-01, -2.252580141346834531e-03, 2.084539909779899863e-02, 7.703437009011433745e-02, -2.436816608103869325e-02, 9.173039840299385128e-02, 6.580715632550106220e-02
1403638170895097088, -1.206910762138808835e+01, -6.536736533554594608e+00, 3.323821020502498058e+00, -8.739762741427900550e-02, -7.947673855028549728e-01, -1.152149187301619235e-02, 6.004779037469498704e-01, -5.600698383023551274e-01, 9.252495653057318803e-01, 1.311694787304089338e-01, -2.250545985644481026e-03, 2.084013425971117592e-02, 7.703182816647061171e-02, -2.395155478157396864e-02, 9.239048599165881892e-02, 6.677216058335137816e-02
1403638170945096960, -1.207959793927128800e+01, -6.496934888452756240e+00, 3.330618855648896925e+00, -9.581097561687050568e-02, -7.944181544050916699e-01, -1.878413888779088131e-02, 5.994724422600222757e-01, -5.054526773397410855e-01, 9.512864789782277120e-01, 9.945282520154691275e-02, -2.245942824155648578e-03, 2.084024027019868580e-02, 7.703932298385833544e-02, -2.357907699481522762e-02, 9.367580035249137294e-02, 6.775444360462118398e-02
1403638170995097088, -1.209317872531182125e+01, -6.452522377572255330e+00, 3.334658297616995171e+00, -1.041741439496512989e-01, -7.931190255279468859e-01, -2.612515489910439970e-02, 5.995226729319376169e-01, -4.643225591699217669e-01, 9.690108826411819587e-01, 7.409190002251751783e-02, -2.242292036210888784e-03, 2.083697219185191504e-02, 7.703824278488841104e-02, -2.337596427763933768e-02, 9.414833123695574846e-02, 6.824695418514294121e-02
1403638171045096960, -1.212840869661004994e+01, -6.396564459901370903e+00, 3.337618443419194669e+00, -1.125544229548358227e-01, -7.912799403055652547e-01, -3.233837446274528959e-02, 6.001348077560842986e-01, -4.315480164307905486e-01, 9.896385559739367954e-01, 4.925403429205588851e-02, -2.243748314908334488e-03, 2.083707648076365410e-02, 7.703104979139988040e-02, -2.359746616026643998e-02, 9.326812437412203283e-02, 6.768732507779909313e-02
1403638171095097088, -1.215652408223477643e+01, -6.343826443539498428e+00, 3.338971868141614507e+00, -1.201386708695062616e-01, -7.898419954972446533e-01, -3.742759758686294708e-02, 6.002628564633287755e-01, -3.980615493850918063e-01, 1.006781581023947103e+00, 2.797199548192336876e-02, -2.244250174256084106e-03, 2.083956683334665591e-02, 7.702397484182273157e-02, -2.378367366700891161e-02, 9.269069161603020468e-02, 6.718561805565810563e-02
1403638171145096960, -1.218930454403225738e+01, -6.283499260668616415e+00, 3.340991345882983854e+00, -1.264541859276485103e-01, -7.882431573133859004e-01, -4.195333214345203787e-02, 6.007678268117073728e-01, -3.603002120083791948e-01, 1.032512136883937170e+00, 2.200689104798656676e-02, -2.249441919519885175e-03, 2.083982691519328453e-02, 7.701760725210547720e-02, -2.397152228642396646e-02, 9.170773114660019099e-02, 6.674490774988943442e-02
1403638171195097088, -1.220570328595214527e+01, -6.234719804902654872e+00, 3.339946762202161690e+00, -1.326025336883769890e-01, -7.867383509217307225e-01, -4.464090316770591427e-02, 6.012208620904219147e-01, -3.113264256087451831e-01, 1.044819759223617028e+00, -5.230372593263570328e-05, -2.251920322519462229e-03, 2.084005635268055753e-02, 7.702012705663435765e-02, -2.400511173446498447e-02, 9.191822689822107262e-02, 6.660235512713921779e-02
1403638171245096960, -1.223584012121343711e+01, -6.179580250985295287e+00, 3.338966714166473171e+00, -1.376627817553570388e-01, -7.853453142774453610e-01, -4.704295299697600768e-02, 6.017214109828251667e-01, -2.783267413852781313e-01, 1.061617702977392552e+00, -1.350036752743153171e-02, -2.246128696946980609e-03, 2.084247194790608479e-02, 7.701717742968602898e-02, -2.420327697723514276e-02, 9.157190392824071656e-02, 6.603503508698904678e-02
1403638171295097088, -1.225120919876878034e+01, -6.125443101894300746e+00, 3.338476924337062002e+00, -1.412202307091367237e-01, -7.842781228905083557e-01, -4.970769588230298380e-02, 6.020745945178814784e-01, -2.293274306369534332e-01, 1.077293681730374653e+00, -1.889447185460396694e-02, -2.247838865632961411e-03, 2.084330152226570795e-02, 7.701397732058991308e-02, -2.428015252052362002e-02, 9.150861071298022065e-02, 6.584917900038504690e-02
1403638171345096960, -1.225812030523664475e+01, -6.074902008266510833e+00, 3.336455728446942715e+00, -1.444033489004342141e-01, -7.832994014708691832e-01, -5.106557450066302045e-02, 6.024798980734832332e-01, -1.781596658447896775e-01, 1.088714086674209325e+00, -1.870791635477243170e-02, -2.247484625850124443e-03, 2.084376871752324084e-02, 7.702141409788153259e-02, -2.412617741074871494e-02, 9.191469685429265457e-02, 6.618167255769431823e-02
1403638171395097088, -1.226069324927920157e+01, -6.026361733856046676e+00, 3.333747274803686267e+00, -1.472958463446681632e-01, -7.817819429470970194e-01, -5.263315978710270127e-02, 6.036146766127338248e-01, -1.238134939850197014e-01, 1.112061090624369530e+00, -3.455795544827148374e-02, -2.241706699299175418e-03, 2.084642133776901107e-02, 7.702273945504839459e-02, -2.408127682896985325e-02, 9.225897680667118073e-02, 6.620586891778254546e-02
1403638171445096960, -1.224759700422163533e+01, -5.982283225157127404e+00, 3.328697220455660410e+00, -1.509340196555511437e-01, -7.806265750971667083e-01, -5.476365241473836465e-02, 6.040215346631966353e-01, -6.866606904050388815e-02, 1.122531332494146383e+00, -3.865877175162497903e-02, -2.235942575792417095e-03, 2.084464321712034204e-02, 7.702638483591026097e-02, -2.375744046032307599e-02, 9.320875156875216283e-02, 6.688126066072021259e-02
1403638171495097088, -1.225017152714473490e+01, -5.924923204195469140e+00, 3.324149249487628577e+00, -1.542061167831486335e-01, -7.791035836048001428e-01, -5.595613229093967383e-02, 6.050512299135166749e-01, -1.931327849630407045e-02, 1.134514547287764019e+00, -4.596258806761433641e-02, -2.233356245374962246e-03, 2.084013017469775811e-02, 7.702726055639168290e-02, -2.235433510547882308e-02, 9.203465918905283372e-02, 7.043107360553318985e-02
1403638171545096960, -1.225171657411365089e+01, -5.869355368654170846e+00, 3.320442194288475424e+00, -1.580679563090926221e-01, -7.773373527678557604e-01, -5.575730491799006650e-02, 6.063433714723129864e-01, 3.444412279867128945e-02, 1.150940830670268866e+00, -6.698900468541381381e-02, -2.230741770687724636e-03, 2.084188606958463016e-02, 7.703168627930259693e-02, -2.229482214014102265e-02, 9.225678121506243612e-02, 7.051214009376373382e-02
1403638171595097088, -1.225024770652187556e+01, -5.807683294147559572e+00, 3.316830929159328090e+00, -1.612262965582605401e-01, -7.758059457399677505e-01, -5.778740555023533648e-02, 6.072823327023394446e-01, 8.766649314887871303e-02, 1.188273003269924022e+00, -6.968385352387380938e-02, -2.232712360106272036e-03, 2.084413583210944360e-02, 7.702357724688262131e-02, -2.241746332825340221e-02, 9.170215376873347424e-02, 7.017128433192432180e-02
1403638171645096960, -1.224926961998689912e+01, -5.750234104364843724e+00, 3.312034844035518066e+00, -1.657170937628536511e-01, -7.739292003367733708e-01, -5.838972739842143711e-02, 6.084094652741804943e-01, 1.453364155346272557e-01, 1.202109437413309889e+00, -8.464525290329767693e-02, -2.233608901977430887e-03, 2.084613807989093431e-02, 7.703102082708425391e-02, -2.241224703344469812e-02, 9.189375263927272719e-02, 7.010995249263729523e-02
1403638171695097088, -1.223491078680504707e+01, -5.690217830234368002e+00, 3.306339435310562624e+00, -1.711255503492385421e-01, -7.719922461058954521e-01, -5.896909889296993862e-02, 6.093165543014534835e-01, 2.092806974222618244e-01, 1.230058147480440178e+00, -9.082927737333493234e-02, -2.246462489348925815e-03, 2.084287070817951795e-02, 7.703002855575323549e-02, -2.247745198317823920e-02, 9.167450112820928199e-02, 6.991380906086740177e-02
1403638171745096960, -1.222968150216994232e+01, -5.628449988891658151e+00, 3.301107782715273053e+00, -1.764979601021552380e-01, -7.700844181944009881e-01, -6.104788300314242105e-02, 6.099931269406266843e-01, 2.585454834964261983e-01, 1.250038733211644271e+00, -1.016011689720530548e-01, -2.245231537444671542e-03, 2.084434050809275477e-02, 7.703427366359096029e-02, -2.257304183423214719e-02, 9.149018965931930703e-02, 6.961946510324065751e-02
1403638171795097088, -1.221116367762892985e+01, -5.570483903979579487e+00, 3.295649031520842875e+00, -1.815719229588645400e-01, -7.688026818778112004e-01, -6.269001020366939125e-02, 6.099541259399506865e-01, 3.332631347180664561e-01, 1.271296534153729896e+00, -8.220739296641353666e-02, -2.242739623344394868e-03, 2.084746237868419921e-02, 7.703416426328586752e-02, -2.257248566893240924e-02, 9.178568500416579845e-02, 6.957753063008263739e-02
1403638171845096960, -1.219429663796738872e+01, -5.506052589522435703e+00, 3.293476644149105681e+00, -1.865921230110343110e-01, -7.661552359845925642e-01, -6.367749448115761490e-02, 6.116655219155567869e-01, 3.989255320528368731e-01, 1.291043225802902317e+00, -5.506057116273252450e-02, -2.240731041550111588e-03, 2.084825204831559572e-02, 7.703613545113298378e-02, -2.254982920486467077e-02, 9.186290071382781364e-02, 6.968228686592643772e-02
1403638171895097088, -1.218132334124997485e+01, -5.437227522868614216e+00, 3.290576470449262381e+00, -1.914272241313207390e-01, -7.635191670013946608e-01, -6.461722255277702054e-02, 6.133667043722201839e-01, 4.602596394299954818e-01, 1.330099515950751599e+00, -1.388551304740872315e-02, -2.235945118227103488e-03, 2.084894919309841430e-02, 7.703618251409402595e-02, -2.251647111418746822e-02, 9.173390267075140492e-02, 6.971485178218453371e-02
1403638171945096960, -1.215302459651572242e+01, -5.371604180022510278e+00, 3.291489906230522067e+00, -1.936076114237280932e-01, -7.605863081090343814e-01, -6.863638677005076683e-02, 6.158844105244261069e-01, 5.415524327318812503e-01, 1.356921211570681685e+00, 1.024670778241717865e-02, -2.226396333382282128e-03, 2.085405382725875889e-02, 7.702866751546789958e-02, -2.256734289791422973e-02, 9.167485354041851608e-02, 6.958858557191327510e-02
1403638171995097088, -1.212756325947584202e+01, -5.303253709598280352e+00, 3.290701716857918235e+00, -1.947111962182419831e-01, -7.597814836018931262e-01, -7.335709521345115669e-02, 6.159857009905443936e-01, 6.049606117644560355e-01, 1.381823175716315077e+00, 4.169398592676874793e-02, -2.227279866621327629e-03, 2.085250374255167086e-02, 7.703151864836951801e-02, -2.249494676065511012e-02, 9.177704640488509868e-02, 6.970777264821328978e-02
1403638172045096960, -1.209711224131584295e+01, -5.232253204712809413e+00, 3.293923798154316351e+00, -1.960956260845628518e-01, -7.587482474277597033e-01, -7.700113323098221885e-02, 6.163752330658257561e-01, 6.845501439560283119e-01, 1.402436104776432435e+00, 6.814212023444039812e-02, -2.227547311609997648e-03, 2.085339326185848413e-02, 7.702689511552679447e-02, -2.261192263967148897e-02, 9.158167805593352140e-02, 6.943464543939266431e-02
1403638172095097088, -1.206497624235549893e+01, -5.153359114606709923e+00, 3.298426038600064558e+00, -1.964701777930726034e-01, -7.587942884516364339e-01, -8.107189398370347189e-02, 6.156768998890802536e-01, 7.534311596395010246e-01, 1.417475601474164071e+00, 6.852355905507961920e-02, -2.225318752213207522e-03, 2.085063040945336552e-02, 7.702030223418254717e-02, -2.271956517784522872e-02, 9.092996524331317665e-02, 6.920652494168569313e-02
1403638172145096960, -1.203718864372670083e+01, -5.074807018364174027e+00, 3.302617355368442809e+00, -1.970317614888374980e-01, -7.586496646442468794e-01, -8.347097892955970821e-02, 6.153549926475926357e-01, 8.118391346291117250e-01, 1.428264024269455756e+00, 3.795995041554490329e-02, -2.226589755623589045e-03, 2.085138940838638863e-02, 7.702072916517209433e-02, -2.281019731608081164e-02, 9.025446261293003369e-02, 6.898065651326593106e-02
1403638172195097088, -1.199273672516918054e+01, -5.001798361871269805e+00, 3.306133421682210027e+00, -1.980295762073139565e-01, -7.592405287331689401e-01, -8.461956859121870511e-02, 6.141478934976214443e-01, 8.712756037963530487e-01, 1.441386303636964739e+00, 7.138049070083872343e-03, -2.226551929801226255e-03, 2.085202007759771881e-02, 7.701509816080159831e-02, -2.287261358420598911e-02, 9.012374779811287151e-02, 6.887884283844594724e-02
1403638172245096960, -1.194440088360382646e+01, -4.934266535821775435e+00, 3.304930638537005638e+00, -1.979280680828730266e-01, -7.595574625871409635e-01, -8.671220049946869179e-02, 6.134964834273344270e-01, 9.380243442044149393e-01, 1.434610647178097276e+00, -5.340032307910481946e-02, -2.224503322466944710e-03, 2.084683571425523935e-02, 7.701951558500375050e-02, -2.274637659509052418e-02, 9.047116636935070844e-02, 6.921761043279987813e-02
1403638172295097088, -1.190120989048183908e+01, -4.861900126943302425e+00, 3.299607664399265783e+00, -1.976534095862434171e-01, -7.601673034522606898e-01, -8.824840108642403869e-02, 6.126100065675886830e-01, 9.934928935935510852e-01, 1.439878120653921068e+00, -1.059546890916836376e-01, -2.217088865130708263e-03, 2.084628700318107153e-02, 7.701740767958686895e-02, -2.238483904545583020e-02, 9.185513188372615434e-02, 7.010514967884923232e-02
1403638172345096960, -1.185768011853792636e+01, -4.778334635648882056e+00, 3.294656156028105798e+00, -1.973741756345784859e-01, -7.601169945986941956e-01, -8.932830948853504038e-02, 6.126059438486864961e-01, 1.043391855407206581e+00, 1.444727447387115893e+00, -1.612409594720343731e-01, -2.221793400612196746e-03, 2.084650166134795896e-02, 7.701486118004562120e-02, -2.245004822037034026e-02, 9.112571231907086455e-02, 7.004020121467693927e-02
1403638172395097088, -1.180075403711591697e+01, -4.711840980481809105e+00, 3.284760710987779664e+00, -1.971777235151529750e-01, -7.600616769775435655e-01, -8.926013967638266045e-02, 6.127477621374222139e-01, 1.081831323961584657e+00, 1.456753754490084374e+00, -2.084850567108857966e-01, -2.223687177378842316e-03, 2.084904295381788050e-02, 7.701491318547992737e-02, -2.246217531673622148e-02, 9.156145604372147029e-02, 6.998740960677916900e-02
1403638172445096960, -1.173967384914649337e+01, -4.639725986165264437e+00, 3.273897029000765180e+00, -1.969126395844864874e-01, -7.591987993917592714e-01, -8.906502698002705110e-02, 6.139299767424852838e-01, 1.126813482951309897e+00, 1.469831428785367100e+00, -2.656258295712102813e-01, -2.218706111739265387e-03, 2.084829680645687230e-02, 7.700637030157084228e-02, -2.249269765040117289e-02, 9.166270324648931322e-02, 6.996694585770221742e-02
1403638172495097088, -1.168552732361209578e+01, -4.561456853133044831e+00, 3.260574678718910047e+00, -1.970841008667549299e-01, -7.580220739925876972e-01, -8.769792108625618088e-02, 6.155237340368506782e-01, 1.158872720983493254e+00, 1.474698723923412835e+00, -3.168383444482888445e-01, -2.221059614502675361e-03, 2.085277685272887011e-02, 7.700509801922439390e-02, -2.256109117336951853e-02, 9.139279435329696055e-02, 6.985219298587369563e-02
1403638172545096960, -1.162844515705159232e+01, -4.482092950342599913e+00, 3.242957194440031721e+00, -1.970712620010830474e-01, -7.569510645297735651e-01, -8.639319559517209812e-02, 6.170285401465620545e-01, 1.196549610226855576e+00, 1.492758767102954964e+00, -3.523005158170209317e-01, -2.221177725187247886e-03, 2.085338876371941805e-02, 7.700272905049540539e-02, -2.257359408584022273e-02, 9.098863993232864100e-02, 6.981163289921483994e-02
1403638172595097088, -1.156745389640014210e+01, -4.410198185241298141e+00, 3.224932007856133431e+00, -1.963682239845769006e-01, -7.561518574080841049e-01, -8.553010582336630085e-02, 6.183514293225911285e-01, 1.251200380312649463e+00, 1.497393994017698127e+00, -3.979240622510122893e-01, -2.219865812852813390e-03, 2.085951266956444575e-02, 7.700281597354566299e-02, -2.260574045836065069e-02, 9.124248906320583941e-02, 6.971101412668757880e-02
1403638172645096960, -1.150454025756143217e+01, -4.329915430010943922e+00, 3.204313780872940498e+00, -1.968253731294282161e-01, -7.553984536488633772e-01, -8.247696242443770809e-02, 6.195405550782009385e-01, 1.316438385887590989e+00, 1.512164012851647810e+00, -4.386877811622217349e-01, -2.223385998151669856e-03, 2.086016107031827757e-02, 7.699895426709121860e-02, -2.276473392058708800e-02, 9.078230391821968948e-02, 6.936940889568458946e-02
1403638172695097088, -1.143764987100476027e+01, -4.247558740407629152e+00, 3.181363122716365677e+00, -1.961891811413624398e-01, -7.557270492812158125e-01, -8.107703194080201348e-02, 6.195263893325763105e-01, 1.379100277870763724e+00, 1.522232646400672351e+00, -4.671799311581147918e-01, -2.228225990987253106e-03, 2.085643612897162061e-02, 7.700167703287326415e-02, -2.276551591070812008e-02, 9.040691542419061755e-02, 6.942703687691925696e-02
1403638172745096960, -1.135622060298199187e+01, -4.165093731787890441e+00, 3.155727548470208532e+00, -1.956796809156241823e-01, -7.559073033603825875e-01, -7.939446756166602948e-02, 6.196855087250254801e-01, 1.443640158404292384e+00, 1.547415302969768591e+00, -4.868182422080886695e-01, -2.240639330342899735e-03, 2.085453686306300292e-02, 7.700040781657564726e-02, -2.454696086021461443e-02, 9.059037763793009734e-02, 6.481219667482965296e-02
1403638172795097088, -1.128482122956597955e+01, -4.078982718522881967e+00, 3.132694799602713243e+00, -1.947068401364281109e-01, -7.561319744286375544e-01, -7.838920445522350178e-02, 6.198458004016924594e-01, 1.503312641472740019e+00, 1.565156693811085908e+00, -5.091105012344238068e-01, -2.249040770654471555e-03, 2.085652392405705838e-02, 7.700353367691313566e-02, -2.461460179656696154e-02, 8.998774307304180375e-02, 6.473925650256028008e-02
1403638172845096960, -1.121636810800207584e+01, -4.000524615925153959e+00, 3.105162627842230627e+00, -1.951168564728214538e-01, -7.557684752673512474e-01, -7.486771439389849903e-02, 6.205950768848083055e-01, 1.560938783297377119e+00, 1.576631693535048839e+00, -5.341015454582737076e-01, -2.249700059070419440e-03, 2.085912207561154905e-02, 7.700963031220375843e-02, -2.457523943508001241e-02, 9.008540793706235061e-02, 6.472446195138273350e-02
1403638172895097088, -1.113082553998708057e+01, -3.929541831578309719e+00, 3.078391293118121652e+00, -1.937386709635862125e-01, -7.562803158677177118e-01, -7.442417037141088598e-02, 6.204566496289775079e-01, 1.629043589189581365e+00, 1.589358689409555492e+00, -5.489172814083275176e-01, -2.252662556497904076e-03, 2.085690902928797122e-02, 7.701176014837020356e-02, -2.449413677034558909e-02, 9.067297019085215903e-02, 6.492926783193612994e-02
1403638172945096960, -1.103689513132791156e+01, -3.856414892469618216e+00, 3.050687862474010359e+00, -1.942177330609620167e-01, -7.575971594964423517e-01, -7.015566809171905338e-02, 6.191964133634718648e-01, 1.695400608779807028e+00, 1.598969152174704034e+00, -5.718501579532822010e-01, -2.254970104426791237e-03, 2.084965545289064331e-02, 7.701370702560232651e-02, -2.437137877773308883e-02, 9.115305937303716521e-02, 6.530144390208038330e-02
1403638172995097088, -1.094468775953229667e+01, -3.776482335591479611e+00, 3.021537023619963680e+00, -1.946027304931604029e-01, -7.588042772803634817e-01, -6.653619546205925828e-02, 6.179957772987340059e-01, 1.758494510092972751e+00, 1.617488469175331289e+00, -6.028152616650409579e-01, -2.258898953877765906e-03, 2.084441891603591029e-02, 7.701494296146170482e-02, -2.427291825451843160e-02, 9.120795903238784752e-02, 6.560575728699649667e-02
1403638173045096960, -1.084582240336966130e+01, -3.698965300565652203e+00, 2.992358712309108881e+00, -1.941097109184351799e-01, -7.614338541073882860e-01, -6.395753910777049467e-02, 6.151823625053046696e-01, 1.818974918127298279e+00, 1.635233538970235490e+00, -6.340807956566851811e-01, -2.264961243255365735e-03, 2.084824243485046413e-02, 7.702019213264377218e-02, -2.449015305003996931e-02, 9.003966540908360516e-02, 6.513839212293941194e-02
1403638173095097088, -1.075394140930517395e+01, -3.618543394494683429e+00, 2.959752946208426216e+00, -1.950087502768389491e-01, -7.638303727115117736e-01, -5.917470228730518228e-02, 6.123994641147781914e-01, 1.860945851576549348e+00, 1.664141549913604967e+00, -6.672851613967641926e-01, -2.261839547605233591e-03, 2.084814944311439919e-02, 7.702149598077738524e-02, -2.454083049952543796e-02, 9.014221526468770007e-02, 6.499867265541746375e-02
1403638173145096960, -1.065694856700137194e+01, -3.545670206026716009e+00, 2.925779524640807594e+00, -1.941251015539494917e-01, -7.665834921158102278e-01, -5.825977028592763812e-02, 6.093201077663769061e-01, 1.903833953782224642e+00, 1.693452463581287759e+00, -6.925089675902396102e-01, -2.259600679170531076e-03, 2.084444033923216547e-02, 7.702755997057415815e-02, -2.446455130788396590e-02, 9.112734079382751873e-02, 6.514898845627906110e-02
1403638173195097088, -1.055492859975333531e+01, -3.465150632633194672e+00, 2.890192753498105116e+00, -1.929723633087202239e-01, -7.689509085577215242e-01, -5.790257728237995644e-02, 6.067317848698550176e-01, 1.959937321691109346e+00, 1.720656173424120583e+00, -7.319795147577438099e-01, -2.263837490965760983e-03, 2.084282712552144173e-02, 7.702889613631884458e-02, -2.439039021306632984e-02, 9.149982975071929703e-02, 6.537070026454820659e-02
1403638173245096960, -1.045143962699821216e+01, -3.381541264451987772e+00, 2.853473692211029533e+00, -1.898187041859303037e-01, -7.710808250088182492e-01, -6.069392796912600335e-02, 6.047474414601298198e-01, 2.002088173345706767e+00, 1.749687745609548539e+00, -7.620142132433450621e-01, -2.266096012671745593e-03, 2.083894603643323545e-02, 7.703127013929370048e-02, -2.432718380180320245e-02, 9.172735328288128542e-02, 6.556145621830895831e-02
1403638173295097088, -1.034621166861874642e+01, -3.291028741786106160e+00, 2.815660719225710373e+00, -1.870992839983178779e-01, -7.729530178823518227e-01, -6.363904049010103703e-02, 6.028992972291316033e-01, 2.036840636776378499e+00, 1.776372670676058974e+00, -7.822899177625156630e-01, -2.273831925846073881e-03, 2.083413587412972015e-02, 7.703178723547444984e-02, -2.421352536537722810e-02, 9.155248670615066808e-02, 6.593982696537059596e-02
1403638173345096960, -1.023993533455758254e+01, -3.197979616637306233e+00, 2.776369577692202828e+00, -1.838004219761827929e-01, -7.757669673441267566e-01, -6.734847041761836406e-02, 5.998893237852138682e-01, 2.068530682247701868e+00, 1.804126790667615499e+00, -8.087253085216538073e-01, -2.277224562169144571e-03, 2.083069114482779052e-02, 7.703286640701828558e-02, -2.482672428565374165e-02, 8.811097570836198822e-02, 6.458023324730054193e-02
1403638173395097088, -1.014129901928176736e+01, -3.107246641728576453e+00, 2.733607054374436185e+00, -1.785487803878630375e-01, -7.768879453266099855e-01, -7.544189351748337158e-02, 5.990609102008755960e-01, 2.096704963436675229e+00, 1.821723536875224925e+00, -8.413630166624114226e-01, -2.272800441681285897e-03, 2.083050121857259185e-02, 7.703325996301109424e-02, -2.484557559858626211e-02, 8.846054070030391625e-02, 6.441647324103379202e-02
1403638173445096960, -1.003926344315192409e+01, -3.016777675365223566e+00, 2.689200112565205636e+00, -1.734562207644530507e-01, -7.790964826945088184e-01, -8.319219345642747676e-02, 5.966579162963201455e-01, 2.099770870270086132e+00, 1.818922659451920332e+00, -9.381369811805794212e-01, -2.258174850441576481e-03, 2.082900913230333745e-02, 7.703540195928128276e-02, -2.445132764994987357e-02, 8.863578208603908881e-02, 6.541373001906264362e-02
1403638173495097088, -9.933180849745530949e+00, -2.925760657703054157e+00, 2.641304192754899471e+00, -1.696430960332815374e-01, -7.818153007130417276e-01, -8.895454946332578827e-02, 5.933575175802492385e-01, 2.108114368450823672e+00, 1.828300038111111192e+00, -9.627135810248952374e-01, -2.255604704924732331e-03, 2.082937538544346948e-02, 7.703522344171045977e-02, -2.437189326636603898e-02, 8.885460047250792748e-02, 6.561073592881751237e-02
1403638173545096960, -9.824616773943448678e+00, -2.830266432261710818e+00, 2.593495009832499587e+00, -1.664629592470194264e-01, -7.826314278899868526e-01, -9.417414608512990337e-02, 5.923760304795782083e-01, 2.105140727647144772e+00, 1.829837390551612986e+00, -9.875959938899269153e-01, -2.258409170004573203e-03, 2.082779233450630582e-02, 7.703431719875157568e-02, -2.427205577414821500e-02, 8.798682766923097975e-02, 6.599926534380071153e-02
1403638173595097088, -9.713022515949608859e+00, -2.736047299879862393e+00, 2.541862422882119166e+00, -1.641729581988196907e-01, -7.833618118494243276e-01, -9.827720504474077301e-02, 5.913823657337355932e-01, 2.098425778397587038e+00, 1.832535301831220487e+00, -9.915660737650645595e-01, -2.251050865472032248e-03, 2.082031226475260927e-02, 7.702325053368302976e-02, -2.458842195347800755e-02, 8.726725810450404464e-02, 6.512714900078135638e-02
1403638173645096960, -9.603105098276790486e+00, -2.646941793644674856e+00, 2.493128115953881618e+00, -1.644004107946634430e-01, -7.834348969908353499e-01, -9.843720745233144886e-02, 5.911957233408339230e-01, 2.121733668727290301e+00, 1.814793659325047326e+00, -1.017441491352586214e+00, -2.248002486892811038e-03, 2.081386474411111090e-02, 7.701981951572835217e-02, -2.432927152583460803e-02, 8.709736792106230474e-02, 6.592032922150893592e-02
1403638173695097088, -9.489771501405387610e+00, -2.560899336536321513e+00, 2.443582923852364086e+00, -1.638355828918677815e-01, -7.835032490681097528e-01, -1.001234643679442815e-01, 5.909787241188625417e-01, 2.152394322906265423e+00, 1.784520238318415997e+00, -1.028864926540558278e+00, -2.248699152354590152e-03, 2.080618923106693566e-02, 7.702247421750063605e-02, -2.386655518947676177e-02, 8.720874910029222105e-02, 6.727140643580310775e-02
1403638173745096960, -9.380142475625715903e+00, -2.476467174532154925e+00, 2.391645555549652080e+00, -1.644849133648859651e-01, -7.837806877810760131e-01, -9.942792212051167200e-02, 5.905477415413311615e-01, 2.149452230517230333e+00, 1.777966026720144255e+00, -1.042657057147836630e+00, -2.248215427807959219e-03, 2.080343547987927727e-02, 7.702342965267565400e-02, -2.361173198875565760e-02, 8.800651451718391471e-02, 6.793132355898173769e-02
1403638173795097088, -9.269319454517065182e+00, -2.393920603850224094e+00, 2.339950478785876253e+00, -1.652623260663026172e-01, -7.840449788092720418e-01, -9.942770574879510048e-02, 5.899796319506753761e-01, 2.159788520448719495e+00, 1.762050552823937410e+00, -1.043927205240778200e+00, -2.250490430142464571e-03, 2.079868905207186286e-02, 7.702738549310228500e-02, -2.318614538156781729e-02, 8.908839444931297702e-02, 6.903780286163174740e-02
1403638173845096960, -9.147660378298271056e+00, -2.306339291702192540e+00, 2.285086798430350896e+00, -1.661788262730749255e-01, -7.842342203496956987e-01, -9.917807528938440975e-02, 5.895125059851584748e-01, 2.189498636028730960e+00, 1.734123884278396366e+00, -1.032708857736527097e+00, -2.255810664127724623e-03, 2.078010776655014533e-02, 7.703437590571306226e-02, -2.426716086268757705e-02, 8.464685818298928188e-02, 6.634492207454834034e-02
1403638173895097088, -9.034533104076272636e+00, -2.218816810549128160e+00, 2.236028465227471784e+00, -1.654264561948202983e-01, -7.850694614563358265e-01, -1.006856855435562248e-01, 5.883556925925899073e-01, 2.214837692347129128e+00, 1.710561863027975305e+00, -9.858107802950103471e-01, -2.258496803787625028e-03, 2.077883037971978500e-02, 7.703298108673825584e-02, -2.414797676825224462e-02, 8.387122482810771551e-02, 6.678471402029473314e-02
1403638173945096960, -8.919967271807346165e+00, -2.137646164535624838e+00, 2.189000485027916554e+00, -1.658491998454310057e-01, -7.840425794887114774e-01, -1.006304008145462447e-01, 5.896141101527521133e-01, 2.233503039196997442e+00, 1.696132896876835217e+00, -9.491926524538876198e-01, -2.261796333417824545e-03, 2.077586027138748556e-02, 7.703842748327298373e-02, -2.380158176988279861e-02, 8.434973582840171735e-02, 6.774237478421930858e-02
1403638173995097088, -8.805108080323204689e+00, -2.056997751332036106e+00, 2.143164223577226135e+00, -1.663517376181967156e-01, -7.841617410003215438e-01, -1.002579927124900433e-01, 5.893774666883808688e-01, 2.265412762300075933e+00, 1.662076956366434155e+00, -9.152195731940880874e-01, -2.262035322022253828e-03, 2.077350361158550318e-02, 7.703913329865094695e-02, -2.350335200862421758e-02, 8.469300700750739819e-02, 6.855202633527704426e-02
1403638174045096960, -8.681046567492218813e+00, -1.971795531268797141e+00, 2.095069489553173625e+00, -1.662807786010365163e-01, -7.852957167487378820e-01, -1.008253328510385766e-01, 5.877887309054132814e-01, 2.307188937071037671e+00, 1.640194523381927061e+00, -8.943128903814826502e-01, -2.273766493095458543e-03, 2.076128199072434233e-02, 7.705168601222947555e-02, -2.444867401657368003e-02, 8.168424515168255795e-02, 6.613201307460701839e-02
1403638174095097088, -8.564326985192183272e+00, -1.897433743130393369e+00, 2.052239349074484576e+00, -1.669283208930669726e-01, -7.844901981483767273e-01, -9.980122449075755353e-02, 5.888546342545734058e-01, 2.325703060936435307e+00, 1.610503639886069260e+00, -8.555026265132041896e-01, -2.275653756482101664e-03, 2.075779691775220606e-02, 7.705945701169138184e-02, -2.397869293214157510e-02, 8.325617727534641299e-02, 6.732150475864213945e-02
1403638174145096960, -8.448848770144753217e+00, -1.814713910574421440e+00, 2.008808246064013758e+00, -1.657352162376671267e-01, -7.856310200772719243e-01, -1.018573078789477004e-01, 5.873166328503324207e-01, 2.336032399645000535e+00, 1.603867971700560613e+00, -8.588000207613859516e-01, -2.277360874967638248e-03, 2.076120016786108316e-02, 7.705945335218274128e-02, -2.415420778418611580e-02, 8.283737993117562537e-02, 6.684836844325522942e-02
1403638174195097088, -8.331538182619187438e+00, -1.735254119274275864e+00, 1.965382639343170812e+00, -1.665571300642331998e-01, -7.877404338045252974e-01, -1.009456194925123923e-01, 5.844088579748748513e-01, 2.337819480101493763e+00, 1.588783132405199527e+00, -8.642106789199829331e-01, -2.274469187080874113e-03, 2.076055322007813383e-02, 7.705756635080932004e-02, -2.405574251978699618e-02, 8.278190598355983365e-02, 6.709237314077312608e-02
1403638174245096960, -8.217325890445112080e+00, -1.656018358978958549e+00, 1.920079455997788065e+00, -1.655117390249264131e-01, -7.901689104650270190e-01, -1.020524299218875941e-01, 5.812265124084541323e-01, 2.350631839097428788e+00, 1.570767804550007085e+00, -9.146426075008763368e-01, -2.278078170291927915e-03, 2.076303902857211392e-02, 7.706277684247597737e-02, -2.431839836936676436e-02, 8.177522728195477097e-02, 6.636230011135228757e-02
1403638174295097088, -8.100657480112504416e+00, -1.573027571403436742e+00, 1.873309928391911017e+00, -1.668459824047247575e-01, -7.935268664945587247e-01, -9.963330111095571040e-02, 5.766721214142944696e-01, 2.334680505860540656e+00, 1.570270345425011316e+00, -9.490998245073032358e-01, -2.276720227331513295e-03, 2.076628056358159613e-02, 7.705848539742186920e-02, -2.465413858282027373e-02, 8.070298239400992835e-02, 6.553866295190619029e-02
1403638174345096960, -7.984720868522438231e+00, -1.490864223785370868e+00, 1.826409062424742213e+00, -1.657891518628105965e-01, -7.953053545441229888e-01, -1.007722226535115867e-01, 5.743242196699770430e-01, 2.309972397428265101e+00, 1.564013143699644726e+00, -9.676723659044135228e-01, -2.283137456342176474e-03, 2.076898416472601483e-02, 7.706167569274446905e-02, -2.485882061374524235e-02, 7.990422049157475115e-02, 6.506689640037438549e-02
1403638174395097088, -7.871337106680064366e+00, -1.411124099911206242e+00, 1.777914802534884098e+00, -1.668546907809111690e-01, -7.971607224120366153e-01, -9.886394868663252178e-02, 5.717693717383028895e-01, 2.286080114648657791e+00, 1.560073057798735396e+00, -9.819463853360307359e-01, -2.286947388966730898e-03, 2.077231277762224201e-02, 7.706651256613689105e-02, -2.507120703002452614e-02, 7.985750145920177123e-02, 6.452578228627926793e-02
1403638174445096960, -7.759037361864441706e+00, -1.337334029377403422e+00, 1.730375328968920767e+00, -1.656124333239050728e-01, -7.991569769507416154e-01, -9.989184760055150325e-02, 5.691592632141159180e-01, 2.273002995626229428e+00, 1.548554291107519854e+00, -9.570749785882316507e-01, -2.283606846070382248e-03, 2.077320410935662789e-02, 7.706696278581424975e-02, -2.475772135977598667e-02, 8.177977856865144279e-02, 6.532224774159595126e-02
1403638174495097088, -7.646250670914020553e+00, -1.261710598379530257e+00, 1.682666981733131895e+00, -1.663514179136607596e-01, -8.003281016467512776e-01, -9.781760642169490261e-02, 5.676564553905403265e-01, 2.241945093956584145e+00, 1.535739686366936363e+00, -9.425740519981176124e-01, -2.286270480856717694e-03, 2.077347616975518466e-02, 7.707022701725170510e-02, -2.462058240698216868e-02, 8.207042588156439333e-02, 6.563993352609222287e-02
1403638174545096960, -7.532595018427525879e+00, -1.185391667169506613e+00, 1.636915304813455707e+00, -1.666500017611660944e-01, -8.019339126069702228e-01, -9.688862585042279374e-02, 5.654576649977401948e-01, 2.207184144619450894e+00, 1.545968159953916565e+00, -9.171159153046363199e-01, -2.292140667853867931e-03, 2.077160032253566602e-02, 7.707412846499556158e-02, -2.445938557176183595e-02, 8.191060950341653990e-02, 6.612645693200613906e-02
1403638174595097088, -7.424197535109423818e+00, -1.107275438823909441e+00, 1.593192551393199929e+00, -1.643180147831374838e-01, -8.041038272753555649e-01, -9.949238371261541480e-02, 5.625992273030915314e-01, 2.179492436741533368e+00, 1.542959970413767756e+00, -8.619073954751093058e-01, -2.293755202851788504e-03, 2.077535877967265354e-02, 7.707170318347048021e-02, -2.474841828522872725e-02, 8.180707229533769331e-02, 6.543376214164094151e-02
1403638174645096960, -7.320940634287543602e+00, -1.033492250982867233e+00, 1.549875190520677126e+00, -1.641549243888903442e-01, -8.065325997706727090e-01, -9.980076251597247428e-02, 5.591047612990504012e-01, 2.159755150615006780e+00, 1.533751994618061554e+00, -8.439909042993268828e-01, -2.288119225136810153e-03, 2.077520019392389838e-02, 7.706871017521885192e-02, -2.465511741511968238e-02, 8.267771636458143281e-02, 6.558709458195322028e-02
1403638174695097088, -7.210134057557739951e+00, -9.575570206415000563e-01, 1.508984118340673142e+00, -1.627604563490905321e-01, -8.086541858478900613e-01, -1.012351346685301801e-01, 5.561824242713593325e-01, 2.132951696570463351e+00, 1.530192207097904378e+00, -8.209574593648292229e-01, -2.295227417277261733e-03, 2.077327430373212755e-02, 7.707130728677590026e-02, -2.441327685412222892e-02, 8.245311768866336877e-02, 6.630175261333523529e-02
1403638174745096960, -7.103938294709207568e+00, -8.818875664124828928e-01, 1.468972769756153207e+00, -1.625824507537642349e-01, -8.110573662406659334e-01, -1.014883007847840746e-01, 5.526780438713585486e-01, 2.116270380321596534e+00, 1.516893741294308651e+00, -7.794332699348786031e-01, -2.295643274770363135e-03, 2.077413684857062903e-02, 7.707112093487065996e-02, -2.434907406398533966e-02, 8.252143800485803316e-02, 6.644997070920707904e-02
1403638174795097088, -7.002762442707763491e+00, -8.075946791917305578e-01, 1.431148560487901067e+00, -1.623095618751780045e-01, -8.128474310392911351e-01, -1.015781133731408353e-01, 5.501059414878791687e-01, 2.073496560569503711e+00, 1.504245605341488767e+00, -7.284409505819764430e-01, -2.298469782017233554e-03, 2.077690644141201928e-02, 7.707742248466542545e-02, -2.450121081707675591e-02, 8.315393051904218513e-02, 6.596508880852276768e-02
1403638174845096960, -6.900024325573712147e+00, -7.255481532979934922e-01, 1.395960090220395244e+00, -1.618629645457554111e-01, -8.142920083100555484e-01, -1.020509753145058401e-01, 5.480095841754905051e-01, 2.026439536480292958e+00, 1.501329555957147122e+00, -7.026794963011435691e-01, -2.297225100321137643e-03, 2.078021534158094180e-02, 7.707417579962387577e-02, -2.498676755057701801e-02, 8.148258661449325757e-02, 6.483528703373026003e-02
1403638174895097088, -6.803294185166525843e+00, -6.521901325130274873e-01, 1.361700094749072498e+00, -1.608559374940556341e-01, -8.148806648029858213e-01, -1.035330507751502094e-01, 5.471524256551758558e-01, 1.969895418511614205e+00, 1.487824493081425281e+00, -6.752512301411506268e-01, -2.292640600264137744e-03, 2.078125719888089529e-02, 7.707115653176035974e-02, -2.510225539435461881e-02, 8.205546646601616367e-02, 6.448627686656267788e-02
1403638174945096960, -6.701811739482263164e+00, -5.762583633635608438e-01, 1.329720239080120381e+00, -1.613320527085056744e-01, -8.156283682995212336e-01, -1.035274989755870789e-01, 5.458977839758836215e-01, 1.949403039814811001e+00, 1.474511211033066482e+00, -6.237254994785413897e-01, -2.285282526526712012e-03, 2.077745812560266234e-02, 7.706458969327868724e-02, -2.505074232703094483e-02, 8.107791394202776281e-02, 6.476036247424110659e-02
1403638174995097088, -6.608475889684266136e+00, -4.988818314325622061e-01, 1.297690230938624456e+00, -1.616956254827052464e-01, -8.161139173271444447e-01, -1.036576477560099269e-01, 5.450391643784788798e-01, 1.897121217309332808e+00, 1.468841502396664778e+00, -6.242937134457157144e-01, -2.279615201224772549e-03, 2.078165154436980439e-02, 7.705396265239496112e-02, -2.490251736822770429e-02, 8.256794218106922045e-02, 6.500073531208111488e-02
1403638175045096960, -6.517420451189301467e+00, -4.264800767174619089e-01, 1.269488652538879103e+00, -1.608796371616620091e-01, -8.149523446578784691e-01, -1.051527109612489658e-01, 5.467296641493477605e-01, 1.839220723480357700e+00, 1.458823985825067782e+00, -5.845128332342894861e-01, -2.277748650334122504e-03, 2.078388140122623684e-02, 7.704874817204057647e-02, -2.513187834772899476e-02, 8.261491413000010553e-02, 6.446421538347135716e-02
1403638175095097088, -6.430855953233272082e+00, -3.521041080091083519e-01, 1.239678936218366667e+00, -1.619467488621282869e-01, -8.148297850008330290e-01, -1.047781306101179810e-01, 5.466692010295918225e-01, 1.777370018887189707e+00, 1.461657062497122350e+00, -5.401849034511269076e-01, -2.279371698758619631e-03, 2.078706000271513671e-02, 7.705055650682882118e-02, -2.536014510264431032e-02, 8.292632531895725856e-02, 6.374952242969318672e-02
1403638175145096960, -6.343596535979642681e+00, -2.798698121019977947e-01, 1.215404512580195551e+00, -1.613303658140861907e-01, -8.144519293987169117e-01, -1.072652026227335076e-01, 5.469321201678546407e-01, 1.737858334695407070e+00, 1.449524410008559583e+00, -5.042780318306833154e-01, -2.287818773031836082e-03, 2.078852086897205534e-02, 7.705435489080698919e-02, -2.556849182623480154e-02, 8.289877649033400298e-02, 6.332280734773143571e-02
1403638175195097088, -6.256045511069035392e+00, -2.085594762070753783e-01, 1.191373103114026666e+00, -1.616186637802850268e-01, -8.145540368026671363e-01, -1.079029709020152272e-01, 5.465693711843658820e-01, 1.688766191622843360e+00, 1.444910673927068734e+00, -4.828053640343317188e-01, -2.285716095757755160e-03, 2.078628123053134422e-02, 7.705341943657179060e-02, -2.546455974267518643e-02, 8.275321138626136330e-02, 6.365339481870166405e-02
1403638175245096960, -6.175436406315108151e+00, -1.338349320405853859e-01, 1.169691302950100376e+00, -1.613323778086314386e-01, -8.148795257374115142e-01, -1.096018361378960776e-01, 5.458302482638591746e-01, 1.644087337384413372e+00, 1.441392139781773940e+00, -4.456297966129832977e-01, -2.281279873743699560e-03, 2.079071956256822035e-02, 7.704766559125658665e-02, -2.593952405435566780e-02, 8.204229660179428174e-02, 6.254181802204278329e-02
1403638175295097088, -6.101491676129832342e+00, -6.123473323405270730e-02, 1.148073683137285750e+00, -1.620959679279516397e-01, -8.165939235327058787e-01, -1.099546646526905896e-01, 5.429633808573800513e-01, 1.589738233924382849e+00, 1.431234114973378491e+00, -4.165006353532664796e-01, -2.278214799871031149e-03, 2.079861904938245035e-02, 7.704595412358791751e-02, -2.641387141042813441e-02, 8.224795151128563853e-02, 6.126935056429427123e-02
1403638175345096960, -6.029398851780149116e+00, 8.439008419000861363e-03, 1.130106060202650919e+00, -1.628499368483460885e-01, -8.191944827426640430e-01, -1.100536390535744452e-01, 5.387842741241939404e-01, 1.549993130411390529e+00, 1.420623330160338149e+00, -3.753827193329955514e-01, -2.277925612506075028e-03, 2.080290359697884589e-02, 7.703857212196765780e-02, -2.521958625128830483e-02, 8.472310786800900384e-02, 6.432141577403188704e-02
1403638175395097088, -5.950402649271938849e+00, 8.076142967842235565e-02, 1.111272628894683923e+00, -1.623735174012456983e-01, -8.220704302399773900e-01, -1.117338414758076576e-01, 5.341821760793457052e-01, 1.503311424467244528e+00, 1.413810523357507787e+00, -3.442600036061058688e-01, -2.278485901110066138e-03, 2.080258588101392345e-02, 7.703784609256596194e-02, -2.508781668261490794e-02, 8.435651682793200712e-02, 6.464451874538339193e-02
1403638175445096960, -5.876214757894752339e+00, 1.490572349270771479e-01, 1.097257106699171647e+00, -1.616296610137082090e-01, -8.249056964590035790e-01, -1.134118944961156200e-01, 5.296642208200229573e-01, 1.435717755702595078e+00, 1.408589652794646874e+00, -3.166040155557167113e-01, -2.286017263506744199e-03, 2.080375483390253799e-02, 7.703961807630879677e-02, -2.513628486505388102e-02, 8.429018362658725894e-02, 6.466124211025969792e-02
1403638175495097088, -5.806222141451184982e+00, 2.163090447685808437e-01, 1.085170122836581763e+00, -1.609751342050164402e-01, -8.282702046880973112e-01, -1.149280740590414990e-01, 5.242585354447687473e-01, 1.355591346638203021e+00, 1.398692071253059721e+00, -2.576000671219828009e-01, -2.287429696478282710e-03, 2.080183441611195561e-02, 7.704040417836890975e-02, -2.514120112395332868e-02, 8.452448848055392483e-02, 6.474491488806166650e-02
1403638175545096960, -5.749413852255594648e+00, 2.773640309239638890e-01, 1.077802257995591262e+00, -1.597162185430241188e-01, -8.321695160518879364e-01, -1.166799674591218750e-01, 5.180447965977672542e-01, 1.293531276592761570e+00, 1.379726810582999397e+00, -2.057483716786417949e-01, -2.289080461846488331e-03, 2.080278048150907555e-02, 7.704380744538442960e-02, -2.546762046003732058e-02, 8.602242360043574343e-02, 6.400262496016652369e-02
1403638175595097088, -5.685999821294852374e+00, 3.472556742736481739e-01, 1.068294327282959921e+00, -1.609573957429655811e-01, -8.357665734605337349e-01, -1.149261018721180611e-01, 5.122293847000192191e-01, 1.225273387687816795e+00, 1.365767701447683669e+00, -1.781743519969545275e-01, -2.287430679671462793e-03, 2.080267775746635905e-02, 7.703883175067001432e-02, -2.552007547433206985e-02, 8.572697168546480895e-02, 6.389167273544887893e-02
1403638175645096960, -5.638871160164140584e+00, 4.132579994708175941e-01, 1.062522068692196120e+00, -1.617289233464812293e-01, -8.395720838081413007e-01, -1.139102056796125334e-01, 5.059515159432491638e-01, 1.146783443743018438e+00, 1.356201815338613503e+00, -1.429246447080168014e-01, -2.285285244611296243e-03, 2.081011946507705865e-02, 7.703617266111244255e-02, -2.553083447107918486e-02, 8.701647216633255633e-02, 6.388404650366628912e-02
1403638175695097088, -5.585045347317285191e+00, 4.788151308085075164e-01, 1.058029067062384421e+00, -1.620748642620472302e-01, -8.429294627899245329e-01, -1.123756814367491141e-01, 5.005730369853680362e-01, 1.071835769112493786e+00, 1.347133959623002530e+00, -1.179544462741125288e-01, -2.287560103851511706e-03, 2.080917295784299320e-02, 7.703559972353285490e-02, -2.566090404446309120e-02, 8.703252724821163022e-02, 6.366159950001416823e-02
1403638175745096960, -5.536144829245136734e+00, 5.421150985970112357e-01, 1.055377900867819241e+00, -1.627690478973273513e-01, -8.447920828367546653e-01, -1.108084005400305078e-01, 4.975480601838335182e-01, 9.853454396386085445e-01, 1.346977484896247024e+00, -1.110782473465316555e-01, -2.289528857763685477e-03, 2.080730546203615056e-02, 7.703513739151157669e-02, -2.575817352024383639e-02, 8.750949943326671865e-02, 6.352018775819739949e-02
1403638175795097088, -5.498342204718633219e+00, 6.041418961859326142e-01, 1.052698062773297583e+00, -1.623811279323027490e-01, -8.470012899192614908e-01, -1.107051267841039632e-01, 4.939286983667338093e-01, 9.080408467882101764e-01, 1.339507519197986607e+00, -1.553455320868157019e-01, -2.291035424488148918e-03, 2.081190831095110216e-02, 7.703762687660313524e-02, -2.623161130759659246e-02, 8.821026795135585019e-02, 6.241349334383757691e-02
1403638175845096960, -5.474900970698750591e+00, 6.633891474483517570e-01, 1.047919840146929626e+00, -1.616633080430906477e-01, -8.484814020739566143e-01, -1.109979830324448469e-01, 4.915523704854921072e-01, 8.145680429935455713e-01, 1.342728169909909841e+00, -2.216501958484624613e-01, -2.284321722466898987e-03, 2.082039699598466423e-02, 7.703524522279681097e-02, -2.714947656911578105e-02, 8.969273400093338844e-02, 6.010791307486662571e-02
1403638175895097088, -5.446242117861642029e+00, 7.267097146032208688e-01, 1.039076832870193812e+00, -1.599120958341451459e-01, -8.490677180599245366e-01, -1.126285597493060231e-01, 4.907412141681607998e-01, 7.291852042241105947e-01, 1.345209835923093289e+00, -2.746082654313401483e-01, -2.285103670902233642e-03, 2.082449650047269937e-02, 7.703466332661489113e-02, -2.760873923368870747e-02, 9.018597569451110296e-02, 5.905461661607754736e-02
1403638175945096960, -5.424459571842920269e+00, 7.912714567551927258e-01, 1.025465540127576070e+00, -1.572932927180701879e-01, -8.491852731854150349e-01, -1.151394114128770907e-01, 4.908014953221067067e-01, 6.336949788660679594e-01, 1.342526148915963891e+00, -3.058149860280864329e-01, -2.287913792000397916e-03, 2.083026383445637023e-02, 7.704386732885146194e-02, -2.809912830975273834e-02, 9.114835886657410291e-02, 5.775390434929680850e-02
1403638175995097088, -5.396163919969170664e+00, 8.537615785976709892e-01, 1.013745976512253844e+00, -1.527688123909379248e-01, -8.481037862335826238e-01, -1.201431602333010717e-01, 4.928968236721347207e-01, 5.439623505272407344e-01, 1.331721537886896511e+00, -3.130394100385402445e-01, -2.283365461926101844e-03, 2.082738579386417266e-02, 7.704003123698854871e-02, -2.813489251869374583e-02, 9.147536773039037505e-02, 5.780174198333804664e-02
1403638176045096960, -5.400874888525397211e+00, 9.030340860718384377e-01, 1.002759021413200058e+00, -1.499175455227208242e-01, -8.449285283050752549e-01, -1.228899600471820980e-01, 4.985163681568184346e-01, 4.324485220861966073e-01, 1.311511974489872667e+00, -3.146557890608080443e-01, -2.284134445048621818e-03, 2.084122972675889196e-02, 7.704552865660167782e-02, -2.598837919058159807e-02, 9.388062927765078447e-02, 6.344137814630332328e-02
1403638176095097088, -5.399345494743233331e+00, 9.642962242314032650e-01, 9.873438698624227294e-01, -1.449244198303887010e-01, -8.401744216268320908e-01, -1.285430895628467962e-01, 5.065377852702417361e-01, 3.256921670873831887e-01, 1.290303076788293701e+00, -2.948069068277047733e-01, -2.282836700773551494e-03, 2.084947251009901942e-02, 7.704836343994933556e-02, -2.665863301633522239e-02, 9.513809021518182529e-02, 6.160450931849668216e-02
1403638176145096960, -5.405217937127899219e+00, 1.017027110575138726e+00, 9.767197438012715782e-01, -1.419175650887636864e-01, -8.331415588809343298e-01, -1.317218750330943211e-01, 5.180578106953787065e-01, 2.391256032230809625e-01, 1.249867180468797301e+00, -2.703482047274775035e-01, -2.277007913036021517e-03, 2.085284820280336460e-02, 7.704734777566715764e-02, -2.721826580490808306e-02, 9.726869758015183054e-02, 6.014974976517312166e-02
1403638176195097088, -5.404809020443883227e+00, 1.068056620971489012e+00, 9.686317335439471599e-01, -1.415671915392096858e-01, -8.247584509915405482e-01, -1.316754249464948956e-01, 5.314073863458198543e-01, 1.788319903551344459e-01, 1.206463972652380923e+00, -2.235581600205495123e-01, -2.278404937259818734e-03, 2.085218895639972744e-02, 7.705486740281919378e-02, -2.739760281784731771e-02, 9.882122772682132295e-02, 5.978415496472581220e-02
1403638176245096960, -5.383733865259793916e+00, 1.134921773708851944e+00, 9.590644247846148440e-01, -1.433526068810394571e-01, -8.177672130430414521e-01, -1.290876670124020131e-01, 5.422574938140753975e-01, 1.506417927872844287e-01, 1.177146799039634928e+00, -1.987198389402749787e-01, -2.272804521153181604e-03, 2.084773295176396354e-02, 7.704215787508758573e-02, -2.713788461050926915e-02, 9.714270118299535295e-02, 6.064550350962068237e-02
1403638176295097088, -5.384587881218998007e+00, 1.191295240437643788e+00, 9.530507564906883777e-01, -1.424834705005119662e-01, -8.122169551392273146e-01, -1.302647812205053879e-01, 5.504844822445643659e-01, 1.364795936561640499e-01, 1.133940667992497486e+00, -1.791965535920155006e-01, -2.264779779958190666e-03, 2.084905628663960217e-02, 7.704363806439763762e-02, -2.569958704332279964e-02, 9.618757977293068695e-02, 6.460988631836731000e-02
1403638176345096960, -5.379665424558932152e+00, 1.246205379266715596e+00, 9.434678333900533564e-01, -1.426040990136757114e-01, -8.089802808546457946e-01, -1.300762245794681582e-01, 5.552433267784387949e-01, 1.179269632672260981e-01, 1.091167908317864477e+00, -1.599088750315219298e-01, -2.262891590210646363e-03, 2.084834454116900673e-02, 7.704841108603510680e-02, -2.567347058803061757e-02, 9.663487569185746917e-02, 6.459779403255921926e-02
1403638176395097088, -5.378133706615257026e+00, 1.301053113541370765e+00, 9.367305177081872714e-01, -1.426836417460354001e-01, -8.067021839086067070e-01, -1.307855689027371260e-01, 5.583619792052114672e-01, 1.008796281771706660e-01, 1.058487985053335967e+00, -1.427439014082014512e-01, -2.259724283707905106e-03, 2.085371162341116691e-02, 7.704244002838241123e-02, -2.596788361278946564e-02, 9.626849484358146469e-02, 6.389378739978389399e-02
1403638176445096960, -5.375354337950133399e+00, 1.347659326880761288e+00, 9.359139633073135789e-01, -1.421522159099147808e-01, -8.066935540604469601e-01, -1.319609679130673008e-01, 5.582334281433460887e-01, 7.683662009402139614e-02, 1.012329602235422232e+00, -9.941354206674772598e-02, -2.259293337200782379e-03, 2.085328299382168543e-02, 7.704360965290547869e-02, -2.602520341879418359e-02, 9.630645646884637701e-02, 6.400384581450543897e-02
1403638176495097088, -5.371838086401424128e+00, 1.395571652212108882e+00, 9.357208464288789829e-01, -1.420442496235450047e-01, -8.063161558423453945e-01, -1.326925480406656588e-01, 5.586325945296983786e-01, 6.992386108204343143e-02, 9.716341641063359624e-01, -6.114121201350464219e-02, -2.256123993769367647e-03, 2.085298191599924827e-02, 7.703866537871358056e-02, -2.607129655463806539e-02, 9.604880948630062365e-02, 6.407800321575922442e-02
1403638176545096960, -5.371317322892487311e+00, 1.440352906255452092e+00, 9.378162633380012769e-01, -1.423220025540873623e-01, -8.067319404556879681e-01, -1.331482318942961152e-01, 5.578526437877816546e-01, 5.423426898498633075e-02, 9.225784346496077593e-01, -4.418508497897260384e-02, -2.260008671696090658e-03, 2.085423093593662819e-02, 7.703609550364599878e-02, -2.622948784191754881e-02, 9.580848128101365768e-02, 6.390034072123738917e-02
1403638176595097088, -5.364320651262229234e+00, 1.484628160289971133e+00, 9.407025498871113278e-01, -1.426013702245303161e-01, -8.075940381279170799e-01, -1.330647174756539042e-01, 5.565523333465195455e-01, 4.007152968790420045e-02, 8.890142271774609251e-01, -3.109888696144437470e-02, -2.265990395870642535e-03, 2.085282097623464628e-02, 7.703074117347126493e-02, -2.613752461123340989e-02, 9.524608843624977894e-02, 6.438533765814051513e-02
1403638176645096960, -5.362909767914476156e+00, 1.532056165405167647e+00, 9.407941386721131449e-01, -1.425491796605547479e-01, -8.081173241707283461e-01, -1.339407130680958236e-01, 5.555951827869416437e-01, 1.599896365589864242e-02, 8.536651049043467721e-01, 1.958563438360814979e-02, -2.263467212537243357e-03, 2.085333246369259694e-02, 7.702490620504566510e-02, -2.629257657505219142e-02, 9.459198344642623379e-02, 6.403188323331018839e-02
1403638176695097088, -5.361723601798044747e+00, 1.575644330618877431e+00, 9.412589319002772070e-01, -1.426337933326454199e-01, -8.083099453271739288e-01, -1.341315258969895674e-01, 5.552471225006633260e-01, -1.302936664620983447e-02, 8.162052528621982495e-01, 5.953356002894944626e-02, -2.266863733032610344e-03, 2.085449082959300177e-02, 7.702955843021329352e-02, -2.625633855820979495e-02, 9.447662261259352767e-02, 6.406178659345740378e-02
1403638176745096960, -5.363689415634975255e+00, 1.619561492692637827e+00, 9.427005229045956058e-01, -1.426453969477512462e-01, -8.084636411679345658e-01, -1.341192764869127696e-01, 5.550232889832019678e-01, -3.758075730264378439e-02, 7.761471231101946255e-01, 1.025245056255189025e-01, -2.268178276357600033e-03, 2.085716693953115070e-02, 7.703331646186807602e-02, -2.637537812906798687e-02, 9.424418768534194302e-02, 6.366489084723386815e-02
1403638176795097088, -5.364544144761445921e+00, 1.659289989930918141e+00, 9.466692862238130779e-01, -1.438435589192465780e-01, -8.087084181005670391e-01, -1.325693782029084555e-01, 5.547297405166032869e-01, -4.259514776165271299e-02, 7.364445327063580127e-01, 1.301391240188895515e-01, -2.261322930179784398e-03, 2.085665314381269370e-02, 7.701932662914101613e-02, -2.550795545931046349e-02, 9.618062248847029927e-02, 6.574917355467359281e-02
1403638176845096960, -5.363259253606535104e+00, 1.702138854472788676e+00, 9.529895185251475720e-01, -1.456042860989893994e-01, -8.083596035466054097e-01, -1.300408053189300306e-01, 5.553769280187851320e-01, -4.660946773037594887e-02, 6.985840738221675839e-01, 1.432970150529812303e-01, -2.267023052675348847e-03, 2.085943623267791716e-02, 7.702204619030784960e-02, -2.554652513827369159e-02, 9.503471963494858343e-02, 6.569714660279327156e-02
1403638176895097088, -5.365101123275762163e+00, 1.741399746897601242e+00, 9.610650280842665261e-01, -1.473737083045203733e-01, -8.087848533188995992e-01, -1.277588622061429369e-01, 5.548204432699754829e-01, -6.293089291489568915e-02, 6.690443800644936267e-01, 1.535995612593153703e-01, -2.269828668086482180e-03, 2.085879227344094450e-02, 7.701936326609837291e-02, -2.570031509492781349e-02, 9.416012962121281249e-02, 6.536270342366863606e-02
1403638176945096960, -5.364412802260041246e+00, 1.775677199143218532e+00, 9.698168578548883589e-01, -1.475379272760062588e-01, -8.087505783928399250e-01, -1.277114759600571914e-01, 5.548376707402360442e-01, -6.995826186178182027e-02, 6.498241254009985424e-01, 1.400277329831074724e-01, -2.267953142105543982e-03, 2.085847711217015191e-02, 7.701966433314928751e-02, -2.563229162617805187e-02, 9.367370827469907735e-02, 6.562643078149633935e-02
1403638176995097088, -5.370490817116100324e+00, 1.814923623866971703e+00, 9.735006158837237189e-01, -1.468291398627094291e-01, -8.092629968604490021e-01, -1.286776934814204132e-01, 5.540547416997018138e-01, -8.754777458685927827e-02, 6.248583097410085330e-01, 1.160242188229129306e-01, -2.273737999724734487e-03, 2.086312833134943562e-02, 7.702439206741307220e-02, -2.596193246958972134e-02, 9.299453233550439291e-02, 6.471746477902973194e-02
1403638177045096960, -5.376243271653108557e+00, 1.851122924107072798e+00, 9.774261731992026636e-01, -1.463643013263094261e-01, -8.101487991920010012e-01, -1.294246012678666180e-01, 5.527075963397587444e-01, -1.027889536927455716e-01, 6.065541169765965579e-01, 8.386004811707553630e-02, -2.276175255744302111e-03, 2.086894223756203051e-02, 7.702154015778045482e-02, -2.623657917936619843e-02, 9.240669342073674908e-02, 6.400766728686922702e-02
1403638177095097088, -5.378437839425513012e+00, 1.880937927200368565e+00, 9.803341911120526664e-01, -1.453002954060888807e-01, -8.105049670777120241e-01, -1.312324796125251825e-01, 5.520394540175623810e-01, -1.181820163812647567e-01, 5.826453255230201744e-01, 4.637277739809014809e-02, -2.272272462725357257e-03, 2.086679246318376771e-02, 7.701963354399220252e-02, -2.612597115608522244e-02, 9.229788294558365080e-02, 6.429770266495317410e-02
1403638177145096960, -5.392450543716455158e+00, 1.908156093452924029e+00, 9.798363033187937887e-01, -1.445836288716423335e-01, -8.107144008005310321e-01, -1.328799776973870195e-01, 5.515257438452760841e-01, -1.416506924827949931e-01, 5.475297842457226283e-01, -1.405965880342575219e-03, -2.271913006660148098e-03, 2.087259808025725832e-02, 7.702039170181970706e-02, -2.633476863786618841e-02, 9.281598247471101182e-02, 6.364810146198089658e-02
1403638177195097088, -5.398875498373334914e+00, 1.931563292895605688e+00, 9.806075327229983873e-01, -1.435486496405811718e-01, -8.110512638362643578e-01, -1.344400103092017462e-01, 5.509224230724556470e-01, -1.557251642406866088e-01, 5.154627292742396394e-01, -3.504735696967395397e-02, -2.269107590735030145e-03, 2.087203582072817351e-02, 7.701768523242924491e-02, -2.622722912071323922e-02, 9.307686570336350107e-02, 6.397060048263680798e-02
1403638177245096960, -5.405402815631676461e+00, 1.963111100350346305e+00, 9.781723459002896748e-01, -1.430129663762824410e-01, -8.110566443755327093e-01, -1.354020439716201729e-01, 5.508182073523573141e-01, -1.679081795726180271e-01, 4.922867467743251568e-01, -6.802936653439585479e-02, -2.276685161736251208e-03, 2.087621523630285927e-02, 7.701788325519400014e-02, -2.640743042650810224e-02, 9.225746707390476697e-02, 6.356541783882783958e-02
1403638177295097088, -5.417737430163259482e+00, 1.992134575840698085e+00, 9.730644755610129426e-01, -1.427901853792084841e-01, -8.111609272656714609e-01, -1.358133155374696976e-01, 5.506211550236578267e-01, -1.949859026390236838e-01, 4.592718752342999644e-01, -9.618541002168415344e-02, -2.280231110128200147e-03, 2.088090616094091106e-02, 7.701577783825971912e-02, -2.667644731472007188e-02, 9.189469769812869115e-02, 6.286674253426631498e-02
1403638177345096960, -5.425535498250606103e+00, 2.014096739661814350e+00, 9.691689816559615478e-01, -1.425384210063306289e-01, -8.109638240389273056e-01, -1.362925520519187028e-01, 5.508582529946854933e-01, -2.083495939520558782e-01, 4.267375361927717714e-01, -1.267745052853409826e-01, -2.282867109599848350e-03, 2.087863399891932287e-02, 7.701401955681624889e-02, -2.661462678191070172e-02, 9.182165874589626187e-02, 6.307787831484125418e-02
1403638177395097088, -5.438307152440704506e+00, 2.035155209068888471e+00, 9.636578641763889896e-01, -1.427649069593154019e-01, -8.110460390569358413e-01, -1.363777329675533723e-01, 5.506574414475702284e-01, -2.298853620458207181e-01, 3.960864182766211106e-01, -1.487744947641772009e-01, -2.279040922880762234e-03, 2.088514580344489821e-02, 7.701467396568466295e-02, -2.683776567890726328e-02, 9.176683707663624290e-02, 6.253600285517076085e-02
1403638177445096960, -5.451634705986792007e+00, 2.050340656013415419e+00, 9.565588650291599881e-01, -1.438199490221905019e-01, -8.114629743456793776e-01, -1.358720761523000975e-01, 5.498931191162348409e-01, -2.456857251301391432e-01, 3.557928662280310239e-01, -1.734938417197173788e-01, -2.277484396790071478e-03, 2.088497764841025853e-02, 7.701243064584216425e-02, -2.687702990795601266e-02, 9.216894307852549484e-02, 6.241895764966221699e-02
1403638177495097088, -5.466763918502521413e+00, 2.069963353747811485e+00, 9.468625081549171263e-01, -1.467998355792108911e-01, -8.108518373804136647e-01, -1.325015263458448056e-01, 5.508288768816909098e-01, -2.688363183293716596e-01, 3.278804243201766666e-01, -1.868378485168575298e-01, -2.272691098912590218e-03, 2.088666371375883651e-02, 7.700631244668029729e-02, -2.707963536411263708e-02, 9.208323837780996168e-02, 6.187812414618801965e-02
1403638177545096960, -5.483008084460735176e+00, 2.090918863837465391e+00, 9.354452033485985973e-01, -1.510191786082146770e-01, -8.099644512261333640e-01, -1.272506746828999391e-01, 5.522300799804332749e-01, -2.842477082089887030e-01, 3.033444088370204073e-01, -2.055038735995115551e-01, -2.281305442384461493e-03, 2.088977371827603277e-02, 7.700852942329251827e-02, -2.726033582014760967e-02, 9.160476463072989017e-02, 6.136023047503984251e-02
1403638177595097088, -5.495352066817548398e+00, 2.107643865527990990e+00, 9.258050321318902487e-01, -1.566950293104459879e-01, -8.090923716445762581e-01, -1.194896265467099705e-01, 5.536591289626509038e-01, -2.941054710394760963e-01, 2.896736746555297892e-01, -2.222788050505336566e-01, -2.297233254290939955e-03, 2.089181075858232567e-02, 7.701606567203214682e-02, -2.723659022671483937e-02, 9.135660448086432850e-02, 6.149374026654148145e-02
1403638177645096960, -5.509678279576098348e+00, 2.123585759400185236e+00, 9.130815506692482320e-01, -1.600965371092420431e-01, -8.081699281324953299e-01, -1.155972492533690332e-01, 5.548583080688267444e-01, -3.012482995357199655e-01, 2.859530813848588093e-01, -2.483011120237106073e-01, -2.290182622873061704e-03, 2.088865727707643269e-02, 7.701048851456078481e-02, -2.716390411354171336e-02, 9.123107519950697519e-02, 6.165712403570440536e-02
1403638177695097088, -5.528120178992637079e+00, 2.145736641094910802e+00, 8.984076809881106351e-01, -1.648559228391661136e-01, -8.073882876532113562e-01, -1.103884276964483963e-01, 5.556627328658708675e-01, -3.097442728846089843e-01, 2.903077372745220819e-01, -2.668017085070241712e-01, -2.296822345004935224e-03, 2.089679472752824230e-02, 7.701111108271924133e-02, -2.735856504850265464e-02, 9.066444823386636542e-02, 6.112146318373102433e-02
1403638177745096960, -5.544240266312749910e+00, 2.156680394406935708e+00, 8.845942470741108288e-01, -1.695362326343319292e-01, -8.056574588674781934e-01, -1.065353652836822929e-01, 5.575156865409509610e-01, -3.118284136700668618e-01, 2.948638226719057509e-01, -2.797740864300072849e-01, -2.291581200871126156e-03, 2.089510599676925456e-02, 7.700892780766489809e-02, -2.721532040052243584e-02, 9.096795586425428237e-02, 6.147511484715622448e-02
1403638177795097088, -5.562185831392548074e+00, 2.170073219569449208e+00, 8.724251339049338139e-01, -1.739075469646204353e-01, -8.026988538179059551e-01, -1.034342912960428545e-01, 5.610098596034244212e-01, -3.214302295361273765e-01, 2.996748212546296863e-01, -2.799745370039055103e-01, -2.284066882692010157e-03, 2.090193123328170505e-02, 7.700824949933136876e-02, -2.727149721383646461e-02, 9.125572541196838583e-02, 6.139893124733933338e-02
1403638177845096960, -5.582984925980830404e+00, 2.192368962752506256e+00, 8.553619377690196979e-01, -1.771928579726343711e-01, -7.987311288274645538e-01, -1.012575217371560199e-01, 5.660196014425149524e-01, -3.233250527679001340e-01, 3.155981433850814644e-01, -2.792640279044442675e-01, -2.279156489131155348e-03, 2.090849532373987435e-02, 7.700294629973694627e-02, -2.747771057697724617e-02, 9.091196752854237284e-02, 6.078950119123819468e-02
1403638177895097088, -5.597276031038170174e+00, 2.208252105986919567e+00, 8.435376429750420790e-01, -1.794148154494007996e-01, -7.947424443758360768e-01, -1.003488096030278887e-01, 5.710734519446983848e-01, -3.008932513979100110e-01, 3.277604757277457481e-01, -2.494988310103337936e-01, -2.286197686809081191e-03, 2.091036909308972846e-02, 7.700276714538389911e-02, -2.742837014111317376e-02, 9.077457409418630829e-02, 6.096158157597703769e-02
1403638177945096960, -5.612067636576173690e+00, 2.228102556795684031e+00, 8.313261564693625871e-01, -1.809507975796438572e-01, -7.914964672510027555e-01, -1.005441905234564087e-01, 5.750487083164835811e-01, -2.796053927553769913e-01, 3.395979156751901540e-01, -2.204512667037445139e-01, -2.275837632940295834e-03, 2.091172840827576832e-02, 7.699712623509061271e-02, -2.753410104391180654e-02, 9.068868680162826823e-02, 6.070837296221835711e-02
1403638177995097088, -5.627960181677703844e+00, 2.248536470833217837e+00, 8.191616065618988474e-01, -1.816623379708570962e-01, -7.887558313145260902e-01, -1.015932898789641686e-01, 5.783959171552490730e-01, -2.465825029732654217e-01, 3.569647109870408008e-01, -1.852156885187791480e-01, -2.274608814288583622e-03, 2.090912105797056511e-02, 7.699515548780759555e-02, -2.773379949482636039e-02, 9.077417279908103764e-02, 6.011899771975039164e-02
1403638178045096960, -5.640057511350254238e+00, 2.265612286159822908e+00, 8.105444316801015958e-01, -1.814264732927502177e-01, -7.866182977297931922e-01, -1.052764119022497891e-01, 5.807176298014598004e-01, -2.167898486497646104e-01, 3.748470494587417545e-01, -1.515157529871460074e-01, -2.286232889530796265e-03, 2.090909680034358162e-02, 7.699970438666153827e-02, -2.779458597648785945e-02, 9.093499144251028510e-02, 5.992145319027034067e-02
1403638178095097088, -5.649937757625107970e+00, 2.283776537684644392e+00, 8.006579521842904779e-01, -1.824561966075503028e-01, -7.851184074046807515e-01, -1.101947346043889581e-01, 5.815117738612977094e-01, -1.916948046649461224e-01, 3.896437802790506111e-01, -1.065528231803666015e-01, -2.291944536333969610e-03, 2.090334794486794004e-02, 7.699756376210623032e-02, -2.770516437001724688e-02, 9.111514896373903993e-02, 6.002821432640752936e-02
1403638178145096960, -5.660689197014762364e+00, 2.304310694363500112e+00, 7.942685476651774046e-01, -1.853220413546358136e-01, -7.836727626870270136e-01, -1.148719363380844571e-01, 5.816503934947283572e-01, -1.565040219028120683e-01, 3.959460726109096385e-01, -7.657215575951521747e-02, -2.300433923078720397e-03, 2.090468348667431572e-02, 7.699390913076879783e-02, -2.770184476070693472e-02, 9.105074486403220979e-02, 5.997557375512854033e-02
1403638178195097088, -5.668610437115666478e+00, 2.322523654276909433e+00, 7.867925418163032036e-01, -1.901277972649698389e-01, -7.814517128233492427e-01, -1.191224409493966824e-01, 5.822323293109734621e-01, -1.091017850239250214e-01, 3.959528068464776007e-01, -5.211274835241978126e-02, -2.301042242461612524e-03, 2.090323362809787255e-02, 7.699404825175007461e-02, -2.760663554683842266e-02, 9.129211872890941049e-02, 6.012586706313068075e-02
1403638178245096960, -5.673591982131896749e+00, 2.346406338816224402e+00, 7.877633515115414209e-01, -1.965917183029513016e-01, -7.784575651147011000e-01, -1.234763326490837532e-01, 5.831887437921935424e-01, -8.518345458789343405e-02, 4.059593467512676579e-01, 1.431598127701297091e-03, -2.301362493291492662e-03, 2.090821952407596190e-02, 7.698991389113815642e-02, -2.776395198246288387e-02, 9.097307258253180262e-02, 5.982919997154011876e-02
1403638178295097088, -5.682434684839784644e+00, 2.379691806060948434e+00, 7.860566583732986334e-01, -2.039662149553499726e-01, -7.760345553826235587e-01, -1.287745122310304802e-01, 5.827394589424522708e-01, -4.786425511159839857e-02, 4.091661103818677314e-01, 5.801053327992489184e-02, -2.290695211104848590e-03, 2.090725191212370118e-02, 7.699099453046988339e-02, -2.684913568403920689e-02, 9.297444833762806560e-02, 6.210663814384063952e-02
1403638178345096960, -5.683528097163810244e+00, 2.400650749372604142e+00, 7.919979760913895550e-01, -2.123782689630556719e-01, -7.729086225576997649e-01, -1.338758888917483958e-01, 5.827392027499606053e-01, -1.148788934896358832e-02, 4.014036588259104477e-01, 8.944993677879591043e-02, -2.291529069591453742e-03, 2.091086413262308388e-02, 7.699393751244563988e-02, -2.696402348230729495e-02, 9.287168069257488445e-02, 6.187217048563518201e-02
1403638178395097088, -5.685276546982684920e+00, 2.419439613073910422e+00, 7.970023494380870099e-01, -2.211511878337662496e-01, -7.701812027807913852e-01, -1.405105621604418320e-01, 5.815237303190683438e-01, 4.691350248086973568e-02, 3.884229931281107939e-01, 7.122682242651759421e-02, -2.289526048527820278e-03, 2.091166246408595122e-02, 7.700131678061887530e-02, -2.707663772657442625e-02, 9.300616759010266188e-02, 6.162327075284742411e-02
1403638178445096960, -5.685975850368449436e+00, 2.441512541335751241e+00, 8.003788246719323318e-01, -2.322512497704855572e-01, -7.678506815045541556e-01, -1.453280037691691007e-01, 5.790893361248397042e-01, 6.633714446216845695e-02, 3.832836262499924596e-01, 4.092250166948913775e-02, -2.295049025604910514e-03, 2.091607940918042280e-02, 7.700536389684968508e-02, -2.727017853600605807e-02, 9.290109000974447473e-02, 6.115526115940038421e-02
1403638178495097088, -5.680636051150546706e+00, 2.462231895743218324e+00, 8.027273082183885577e-01, -2.434656745113923937e-01, -7.663377127975541381e-01, -1.510626663691281013e-01, 5.750052574615085454e-01, 1.120658971604576865e-01, 3.848590762260833964e-01, 8.983628984808294388e-03, -2.297759850486639360e-03, 2.091358095765903646e-02, 7.699666434571174334e-02, -2.726528586125126150e-02, 9.283794557825239546e-02, 6.119818272293921224e-02
1403638178545096960, -5.674416911393441509e+00, 2.484744346149264871e+00, 8.042989985338804271e-01, -2.555536356312576585e-01, -7.652722774945804884e-01, -1.561495976168895128e-01, 5.697964406505079404e-01, 1.394780911875450891e-01, 3.901166225356207939e-01, -1.910828407443310173e-02, -2.294973732734078772e-03, 2.091645580517573211e-02, 7.699582145838287928e-02, -2.737407914901827249e-02, 9.260564434048232374e-02, 6.100172589540657497e-02
1403638178595097088, -5.667558595732701932e+00, 2.507190332152228418e+00, 8.059113992996788101e-01, -2.677994417248700243e-01, -7.643237344182106652e-01, -1.607096075882190889e-01, 5.641499003329606410e-01, 1.689697823483276851e-01, 3.892272088775174943e-01, -3.585071245413113533e-02, -2.299864929404109651e-03, 2.092127836342117311e-02, 7.699777973941195064e-02, -2.751571076127119070e-02, 9.251081047898639109e-02, 6.075694636790050090e-02
1403638178645096960, -5.658886798681892039e+00, 2.529481032913915239e+00, 8.059501756813590712e-01, -2.796541893063627104e-01, -7.622458877632112273e-01, -1.651146495412785520e-01, 5.599213279545046662e-01, 1.863554663014024837e-01, 4.065532029202826858e-01, -5.341867396422817632e-02, -2.300349698922328143e-03, 2.092561207067425433e-02, 7.699790860989084995e-02, -2.759062894488460357e-02, 9.230184149361642110e-02, 6.064670904237625532e-02
1403638178695097088, -5.657397538058178021e+00, 2.556807246111530318e+00, 8.037216458415338272e-01, -2.907277893779470213e-01, -7.597389144764925550e-01, -1.704975068134180760e-01, 5.560618081507679999e-01, 2.049318033716834853e-01, 4.097042882799678543e-01, -7.864254159077831152e-02, -2.309320554663947707e-03, 2.093782325408507367e-02, 7.700205074362444224e-02, -2.794523305815675707e-02, 9.216155614719326317e-02, 5.975847465486935906e-02
1403638178745096960, -5.649637005609328355e+00, 2.585148768919454110e+00, 8.001837081102346483e-01, -3.012348103421632062e-01, -7.562365437099222154e-01, -1.761676834564924465e-01, 5.534698061334195618e-01, 2.228460763647404919e-01, 4.257723681673159510e-01, -8.240721755143680383e-02, -2.308545989992172396e-03, 2.094601449867252926e-02, 7.700237322920305827e-02, -2.814083954207811586e-02, 9.187693084966740142e-02, 5.926591277440756284e-02
1403638178795097088, -5.639263416623925274e+00, 2.611262672855826139e+00, 7.978190341632861449e-01, -3.107830693608234496e-01, -7.533089501491126994e-01, -1.826755222394370326e-01, 5.500628718596233258e-01, 2.479936941956209784e-01, 4.385777764213257823e-01, -1.112747967293337276e-01, -2.309197106088563094e-03, 2.094980227067132217e-02, 7.700053274750950916e-02, -2.830120801251865409e-02, 9.165441901093161758e-02, 5.895321453804742984e-02
1403638178845096960, -5.625669907124766667e+00, 2.629094774099551390e+00, 7.946046470112358984e-01, -3.196565903833802902e-01, -7.516031216892651301e-01, -1.887059376529883481e-01, 5.452545101014115714e-01, 2.637144668277284221e-01, 4.429078841226367635e-01, -1.322405974181741772e-01, -2.306527529001424319e-03, 2.094731376196606529e-02, 7.699904742745838915e-02, -2.828856170642462739e-02, 9.189669430131844341e-02, 5.909356912203445750e-02
1403638178895097088, -5.607592112869262735e+00, 2.643680158839358363e+00, 7.923218310617037297e-01, -3.271980915505093845e-01, -7.505420134153354406e-01, -1.935600385255669131e-01, 5.405206808903244564e-01, 2.802151486304915728e-01, 4.452700566341373234e-01, -1.406098638522874367e-01, -2.305468142537756959e-03, 2.094502665441231107e-02, 7.699971484148604439e-02, -2.809398541301471111e-02, 9.207630295024037126e-02, 5.973076244344079078e-02
1403638178945096960, -5.601674232808898424e+00, 2.705655183404382491e+00, 7.776982699405576849e-01, -3.339697114656665078e-01, -7.502844201099564403e-01, -1.972345709124800062e-01, 5.353840161984441126e-01, 2.902600123113981412e-01, 4.736092758899005939e-01, -1.657130801139865550e-01, -2.315587687911120456e-03, 2.094330421642923157e-02, 7.698339806578757827e-02, -2.675214176231657803e-02, 9.421347518422759637e-02, 6.297636814702259334e-02
1403638178995097088, -5.588937124530870548e+00, 2.732436157158205869e+00, 7.678256129229815707e-01, -3.396563880226470267e-01, -7.510208206995091507e-01, -1.999547842406824427e-01, 5.297351689386943230e-01, 2.985523037765952514e-01, 4.846360486890437524e-01, -1.891920929041687183e-01, -2.318808659210437433e-03, 2.094646327987228704e-02, 7.697935278247934610e-02, -2.680063526585638178e-02, 9.404205516868840986e-02, 6.285460968243754276e-02
1403638179045096960, -5.574978163353905281e+00, 2.765074688876926423e+00, 7.582644649486488531e-01, -3.437702501378405717e-01, -7.522602757854902622e-01, -2.032075341954665548e-01, 5.240545683814834543e-01, 3.003182109465769023e-01, 5.173878069873811825e-01, -2.051063300253580801e-01, -2.323780993481920111e-03, 2.095356925840698159e-02, 7.697159231824239611e-02, -2.697939567099623404e-02, 9.358695581551161602e-02, 6.245265374320315560e-02
1403638179095097088, -5.560468531611629572e+00, 2.794098192927849222e+00, 7.475942647771409710e-01, -3.465097758028609087e-01, -7.532599400048300975e-01, -2.067753763746738860e-01, 5.193980956665926740e-01, 3.009161647714878596e-01, 5.303003154914485151e-01, -2.227892069344663828e-01, -2.318101473958698172e-03, 2.095397332642856547e-02, 7.697513114853440919e-02, -2.701754037685047058e-02, 9.358712044655430329e-02, 6.237763064519853684e-02
1403638179145096960, -5.547432476002291502e+00, 2.824691611140236258e+00, 7.342917065047797065e-01, -3.494053059455685672e-01, -7.540179939413157451e-01, -2.104722304852397474e-01, 5.148536075277764246e-01, 3.050146940783891591e-01, 5.551827348452167410e-01, -2.428289950353852145e-01, -2.330463113003848532e-03, 2.095697317446719790e-02, 7.698146934351079995e-02, -2.708258807244799324e-02, 9.359777271643902885e-02, 6.216845740749495086e-02
1403638179195097088, -5.536461911556037840e+00, 2.856151094093693388e+00, 7.204229642014332580e-01, -3.520018790913522766e-01, -7.544346336275461473e-01, -2.150110183990777968e-01, 5.105813575390496517e-01, 2.954895891214716075e-01, 5.795251728166626037e-01, -2.580666887357181416e-01, -2.337710206890665412e-03, 2.096310721338825664e-02, 7.698356705332001781e-02, -2.718078104560643291e-02, 9.375401640987139629e-02, 6.186324463514438626e-02
1403638179245096960, -5.528857297677006954e+00, 2.886779342531320847e+00, 7.029088695545531174e-01, -3.545146432562957806e-01, -7.549644674126769761e-01, -2.197591467254523256e-01, 5.060177250765585111e-01, 2.763365742733659425e-01, 6.062033607511910782e-01, -2.797688885427334071e-01, -2.338226446247597141e-03, 2.096847950540256175e-02, 7.698240084859385435e-02, -2.731576297217679083e-02, 9.422586473947129615e-02, 6.136624761230233954e-02
1403638179295097088, -5.516785747662389383e+00, 2.923872562087862281e+00, 6.874584945801046620e-01, -3.583314315335087707e-01, -7.550332419943671658e-01, -2.237152356195148128e-01, 5.014727131263740922e-01, 2.653981987080711313e-01, 6.332219653095513268e-01, -2.941023387393386646e-01, -2.344741773261977032e-03, 2.096920939383953644e-02, 7.697632343220148221e-02, -2.741871424364903873e-02, 9.383279693319354631e-02, 6.107775988706327236e-02
1403638179345096960, -5.504455301057846306e+00, 2.959609585735435644e+00, 6.732083183653121417e-01, -3.623587478508490944e-01, -7.539354873348188546e-01, -2.289292381799490073e-01, 4.978642613198122069e-01, 2.522595246429837346e-01, 6.657139211871393458e-01, -2.885372353781667787e-01, -2.346854582592191717e-03, 2.097128073619962396e-02, 7.697642129264666011e-02, -2.751680496360531594e-02, 9.370699232587728633e-02, 6.087010244065606951e-02
1403638179395097088, -5.491260509448052218e+00, 2.998855647382227652e+00, 6.609945735586449933e-01, -3.675984127051092343e-01, -7.502478520224040714e-01, -2.343476836381661599e-01, 4.970721584296180495e-01, 2.318781562213247383e-01, 6.828669284452749677e-01, -2.907860508318574344e-01, -2.344292322439337807e-03, 2.097529203742291154e-02, 7.697747207789504276e-02, -2.766716140404629556e-02, 9.333290246203146401e-02, 6.056430968727678776e-02
1403638179445096960, -5.482093035511875101e+00, 3.034785294788348686e+00, 6.475351948603517149e-01, -3.741399874491662669e-01, -7.437120392181363338e-01, -2.393608673959238542e-01, 4.996179016738791501e-01, 2.107613316742078802e-01, 7.041435688668644666e-01, -2.909059170147126894e-01, -2.347634165921392430e-03, 2.097715327896224058e-02, 7.698199497414222325e-02, -2.769222110299126779e-02, 9.324417643388996368e-02, 6.050396172501329439e-02
1403638179495097088, -5.475179668944452516e+00, 3.076336112279443924e+00, 6.327988306391052475e-01, -3.810573979821293977e-01, -7.360007267837361811e-01, -2.450682210152469731e-01, 5.030305722968767546e-01, 2.109775517378770227e-01, 7.213825681916863353e-01, -3.152517872664479803e-01, -2.352434053578926921e-03, 2.098587402765904331e-02, 7.698141073345508845e-02, -2.782437412240404764e-02, 9.314179517010209852e-02, 6.015825855913650710e-02
1403638179545096960, -5.464423897865074764e+00, 3.118570951119797652e+00, 6.187320117504754302e-01, -3.887588047846782802e-01, -7.284356071494747509e-01, -2.511304625314225158e-01, 5.051550739405853419e-01, 2.100205223812414146e-01, 7.390407550658324443e-01, -3.260878576854056576e-01, -2.358562009552167896e-03, 2.098563490837851431e-02, 7.697887922184872000e-02, -2.792569133675480361e-02, 9.290930721314616392e-02, 5.998268928150760071e-02
1403638179595097088, -5.453090966092548619e+00, 3.154566977509591474e+00, 6.008059107269563270e-01, -3.965377656853304456e-01, -7.216251970030086449e-01, -2.577372336787986939e-01, 5.055555298987988166e-01, 2.245669535482646972e-01, 7.455951415768146129e-01, -3.183961423811078051e-01, -2.364532041052966500e-03, 2.098481884889085922e-02, 7.698172539215840382e-02, -2.788407687568573989e-02, 9.281731532475233359e-02, 6.002673240070057620e-02
1403638179645096960, -5.441382667922423977e+00, 3.193463875619384496e+00, 5.856782908796974718e-01, -4.053277638966381602e-01, -7.153109163975073237e-01, -2.632181395981878502e-01, 5.047335016457482615e-01, 2.318967213557925622e-01, 7.434890764337969138e-01, -3.063255934040606254e-01, -2.365264091710757646e-03, 2.098619863160331236e-02, 7.697803789113323580e-02, -2.790988749205923145e-02, 9.283407409342585292e-02, 6.000158144344591715e-02
1403638179695097088, -5.429851783195969617e+00, 3.226993900550149785e+00, 5.702266375917415253e-01, -4.132137188277847373e-01, -7.086836497416678649e-01, -2.704981323204015964e-01, 5.038379378059140157e-01, 2.508207446003379304e-01, 7.357990005725764115e-01, -2.806767997686360760e-01, -2.361980466748023113e-03, 2.097892102208182702e-02, 7.697995035455297563e-02, -2.790332702028278100e-02, 9.299393260267652117e-02, 5.997203170357191804e-02
1403638179745096960, -5.422322871843271663e+00, 3.263845254099073667e+00, 5.567546179941068596e-01, -4.219628696014663949e-01, -7.029068572329049136e-01, -2.771407542511131195e-01, 5.010611629988706017e-01, 2.509521540766154746e-01, 7.412766640513126504e-01, -2.273104058940259853e-01, -2.363777289043448963e-03, 2.098557612628594582e-02, 7.697872127002862441e-02, -2.795539614578822218e-02, 9.328144178485237026e-02, 5.981691260782460301e-02
1403638179795097088, -5.409913846466234411e+00, 3.302019542511997585e+00, 5.451717018445987328e-01, -4.304680396966527045e-01, -6.972525523599369945e-01, -2.835873985978816791e-01, 4.981107631679532188e-01, 2.736106798804998075e-01, 7.260613412803329503e-01, -1.984536199544071899e-01, -2.361403778831594469e-03, 2.098514975147320813e-02, 7.697755484092504152e-02, -2.795889776955686953e-02, 9.321913190338902699e-02, 5.979809989169236617e-02
1403638179845096960, -5.397898401858909345e+00, 3.340803296288856750e+00, 5.345580713353279556e-01, -4.385442789340863179e-01, -6.911463710473748634e-01, -2.907785603071705860e-01, 4.954224844190217025e-01, 2.794888540013465983e-01, 7.391640975320897811e-01, -1.579412474621871287e-01, -2.360203301594442082e-03, 2.098499104913132199e-02, 7.697573646164516947e-02, -2.783237826379468191e-02, 9.378062458015251623e-02, 6.007533154515395241e-02
1403638179895097088, -5.386737958913673019e+00, 3.381823211163334619e+00, 5.249511825498649475e-01, -4.474405291972092802e-01, -6.864525320339828207e-01, -2.959046259557793768e-01, 4.909382307722893746e-01, 2.770375578964950902e-01, 7.362781525589643383e-01, -1.637362416761544148e-01, -2.361006229951189295e-03, 2.098775302125825346e-02, 7.697357078654737395e-02, -2.784705813783741948e-02, 9.376196782504880867e-02, 6.001945255535098139e-02
1403638179945096960, -5.374015659122458821e+00, 3.420778537397420216e+00, 5.173065573730304401e-01, -4.555764810301309309e-01, -6.832573581239245186e-01, -2.996513183272637160e-01, 4.856115113199552247e-01, 2.826430357107276858e-01, 7.466712910931438962e-01, -1.309532797488553169e-01, -2.361783703837038676e-03, 2.098968818217753288e-02, 7.697220100786156260e-02, -2.786014657608599024e-02, 9.378752841360880887e-02, 5.998259192124810735e-02
1403638179995097088, -5.375880458651940863e+00, 3.481742780963514861e+00, 5.071333285293907478e-01, -4.634818812723306425e-01, -6.815153248255115814e-01, -3.018264307225672627e-01, 4.791891207837613020e-01, 2.697326631939435115e-01, 7.650480255016729458e-01, -1.170718322400358252e-01, -2.373583971373618550e-03, 2.100320872175268083e-02, 7.695898874129676603e-02, -2.811027932227254042e-02, 9.390282606185593184e-02, 5.933346843102497992e-02
1403638180045096960, -5.361180284539269536e+00, 3.526576275366166247e+00, 5.023519768283442044e-01, -4.706081244049324375e-01, -6.800583725833549975e-01, -3.026242711807567987e-01, 4.737796466878524404e-01, 2.692743367804921184e-01, 7.838833953341892702e-01, -9.530573245340454025e-02, -2.377849305531783055e-03, 2.100214484278492902e-02, 7.695566700217477962e-02, -2.817742528605560876e-02, 9.377196171283160020e-02, 5.922555682604461330e-02
1403638180095097088, -5.349789276422987072e+00, 3.562376075761939820e+00, 5.008767272355476585e-01, -4.764164200156446038e-01, -6.774133623616164224e-01, -3.041184473966949686e-01, 4.707977285272628154e-01, 2.658046116768000289e-01, 7.947763157413784141e-01, -6.829190617861041757e-02, -2.365270980210114077e-03, 2.100485578797107317e-02, 7.695496543202058615e-02, -2.813165383899282612e-02, 9.406301144751350041e-02, 5.941939179964007833e-02
1403638180145096960, -5.335640776555336195e+00, 3.601148140426069677e+00, 4.984306450748594575e-01, -4.809551398214191864e-01, -6.751597024245521439e-01, -3.055046237741114723e-01, 4.685172937619144218e-01, 2.709434312807298406e-01, 8.029973340127667392e-01, -5.983257677154624199e-02, -2.350885224301579521e-03, 2.100375876288556459e-02, 7.695297604259032642e-02, -2.808698399406591231e-02, 9.405517607666735724e-02, 5.954672587229291325e-02
1403638180195097088, -5.328356839028911551e+00, 3.635868510508416751e+00, 4.947587938210408764e-01, -4.831013995937403216e-01, -6.735474290825239629e-01, -3.084510458706484215e-01, 4.666956725621043134e-01, 2.661594178214488071e-01, 8.100783789897954001e-01, -6.405492369871006175e-02, -2.343114807288992473e-03, 2.100807919725093675e-02, 7.695683643881043312e-02, -2.806333429463793439e-02, 9.458566533909955332e-02, 5.958934279135823936e-02
1403638180245096960, -5.323651914305806976e+00, 3.679788802837273387e+00, 4.857093116037861091e-01, -4.852614579378869419e-01, -6.723462105859697724e-01, -3.100509780492775591e-01, 4.651239421502292304e-01, 2.669673404893675994e-01, 8.259105536912834111e-01, -9.302987495991614508e-02, -2.339375810266789302e-03, 2.101351411998990393e-02, 7.696243834572354114e-02, -2.820005266208421707e-02, 9.480356705171255616e-02, 5.909555117474338953e-02
1403638180295097088, -5.312906376429046063e+00, 3.744425864266675674e+00, 4.700897914391791721e-01, -4.876071782813399258e-01, -6.720136068545716768e-01, -3.099573115273475121e-01, 4.632099058974856742e-01, 2.656680011867701974e-01, 8.524160871508489334e-01, -1.156681613180395723e-01, -2.347649693664291635e-03, 2.100500907285370381e-02, 7.695492740654982788e-02, -2.674428039843626884e-02, 1.008113929165763145e-01, 6.241475513492081989e-02
1403638180345096960, -5.296324216747113844e+00, 3.785482292549923411e+00, 4.684162999818025641e-01, -4.894117472738593322e-01, -6.713298347652497666e-01, -3.096159638563081851e-01, 4.625260527902615437e-01, 2.682059686664795550e-01, 8.699359279577806303e-01, -1.509778260964372565e-01, -2.340625492943179588e-03, 2.100405607995444943e-02, 7.694929743018842638e-02, -2.668933068109524340e-02, 1.007112745372178014e-01, 6.272768122425215198e-02
1403638180395097088, -5.286432844942338782e+00, 3.826890222760071403e+00, 4.612440301135826148e-01, -4.895221382595395521e-01, -6.716730465256313121e-01, -3.111650046490410659e-01, 4.608684569446552803e-01, 2.659655550928330392e-01, 8.876358874240171115e-01, -1.743350072676226326e-01, -2.333651863226010592e-03, 2.100964901405599425e-02, 7.695351010806814052e-02, -2.666805492864047361e-02, 1.009512965154594766e-01, 6.275628013169008701e-02
1403638180445096960, -5.273312919300052748e+00, 3.868408198520776331e+00, 4.556609617710912219e-01, -4.892919181894374581e-01, -6.728698749506664134e-01, -3.121076727471572831e-01, 4.587247004366876713e-01, 2.624032949416248428e-01, 9.078980735370092425e-01, -2.016696408136324781e-01, -2.331609311314973478e-03, 2.101480592031636230e-02, 7.694937792385159181e-02, -2.664498507059902266e-02, 1.011755903762407566e-01, 6.290510494612337744e-02
1403638180495097088, -5.259604007749408616e+00, 3.917217413227713330e+00, 4.441590332516660578e-01, -4.880565171569009597e-01, -6.730355095826666689e-01, -3.141533025277220004e-01, 4.584012886242812002e-01, 2.645209044774931573e-01, 9.283383308238498666e-01, -2.079866023098534134e-01, -2.336468663456104690e-03, 2.101351227723808821e-02, 7.694772029851613959e-02, -2.674932349965538844e-02, 1.010654413857095119e-01, 6.262716641627784353e-02
1403638180545096960, -5.247465760086234887e+00, 3.965512188482942513e+00, 4.317688235830037247e-01, -4.864106103485579258e-01, -6.739186679897050114e-01, -3.160127803369947586e-01, 4.575743324739788842e-01, 2.663111437021151717e-01, 9.411587607943565637e-01, -2.269132015116162304e-01, -2.333555810195804721e-03, 2.101321949389033800e-02, 7.694632874604469264e-02, -2.675632675219641668e-02, 1.011381427128883598e-01, 6.257368411770010408e-02
1403638180595097088, -5.232693252016471064e+00, 4.011924808153950472e+00, 4.218412420683996800e-01, -4.854964077961585467e-01, -6.748555986287376740e-01, -3.166667034334813557e-01, 4.567114602821413238e-01, 2.647317226772026300e-01, 9.557382279867510100e-01, -2.143094092176009713e-01, -2.335609827476415722e-03, 2.101363744781774290e-02, 7.694421690335799535e-02, -2.672431656613607001e-02, 1.011425661255936914e-01, 6.269799400490530528e-02
1403638180645096960, -5.218309329732294444e+00, 4.062255121472079011e+00, 4.113941753260078049e-01, -4.841356159375946877e-01, -6.770717126001584152e-01, -3.172689745915784343e-01, 4.544524168040287582e-01, 2.565683002911632316e-01, 9.701944473776230593e-01, -1.957703722927075785e-01, -2.349581038206215861e-03, 2.101412528498441956e-02, 7.695306457640339881e-02, -2.675666083110318783e-02, 1.010444783757263043e-01, 6.264986402324702885e-02
1403638180695097088, -5.203193842499802102e+00, 4.110543862452805897e+00, 4.025090851339590547e-01, -4.836152497551979290e-01, -6.788325806834364373e-01, -3.163936917462457088e-01, 4.529874716038679860e-01, 2.431346074499956822e-01, 9.863046011354725806e-01, -1.656541826274532669e-01, -2.356601127103104352e-03, 2.101251953469813333e-02, 7.695302009343990557e-02, -2.674992100669454712e-02, 1.008893957418073584e-01, 6.267217651309985038e-02
1403638180745096960, -5.187626566010624884e+00, 4.163905890117048259e+00, 3.944599042021635915e-01, -4.832970716392767652e-01, -6.818840291608415649e-01, -3.147394694894670719e-01, 4.498857384556272931e-01, 2.435094599921282521e-01, 1.005548597074109152e+00, -1.255561449401593199e-01, -2.363966671299440412e-03, 2.100804359047748343e-02, 7.695567227315124048e-02, -2.672480912722205101e-02, 1.006181067297634429e-01, 6.274033799609066153e-02
1403638180795097088, -5.176653033302548224e+00, 4.210946132469151948e+00, 3.908051032542062542e-01, -4.834261021649297607e-01, -6.833873237468209849e-01, -3.124173545673123997e-01, 4.490839187200348914e-01, 2.189278880581592424e-01, 1.034145399311685809e+00, -8.186565754795846472e-02, -2.364639362853444750e-03, 2.101043868877762455e-02, 7.695509593673771631e-02, -2.669963092308179700e-02, 1.008423563796620182e-01, 6.282683251207095421e-02
1403638180845096960, -5.165090733241396670e+00, 4.250128662429080606e+00, 3.921066097907826009e-01, -4.829920511453056897e-01, -6.847336426897132622e-01, -3.107627447539258458e-01, 4.486480063171270904e-01, 2.053733701602646067e-01, 1.049849748822272888e+00, -4.534364919295548468e-02, -2.356957191572178496e-03, 2.101150160771570602e-02, 7.695155768293440723e-02, -2.655120398717551039e-02, 1.011960320389092144e-01, 6.334038232145644542e-02
1403638180895097088, -5.159411224497776338e+00, 4.280272185345801894e+00, 4.009259468513909352e-01, -4.822779970215189671e-01, -6.851481180294808349e-01, -3.091887590048850720e-01, 4.498692046079523221e-01, 1.881831849875132689e-01, 1.061512477336528537e+00, -2.051228468812356723e-02, -2.347935077865346762e-03, 2.100364208856842982e-02, 7.695832346959191606e-02, -2.645085583099753695e-02, 1.019315698384859192e-01, 6.384420934076648346e-02
1403638180945096960, -5.147009525655980688e+00, 4.335261758491895989e+00, 4.012742261315194736e-01, -4.815776160883987744e-01, -6.854208446916449926e-01, -3.078606974144712516e-01, 4.511131303035660900e-01, 1.796317068666267724e-01, 1.085383078449395411e+00, -3.942463038386054275e-02, -2.348278709470116420e-03, 2.100601252936583688e-02, 7.695640956974612867e-02, -2.639343251267923379e-02, 1.016863959042831472e-01, 6.406887071182230942e-02
1403638180995097088, -5.140161706470431469e+00, 4.381213387105717061e+00, 4.025653245803929026e-01, -4.811728104979077214e-01, -6.848121693248288011e-01, -3.065381722307038981e-01, 4.533644981112064376e-01, 1.694473714492956418e-01, 1.103990801392324528e+00, -5.338211862909048727e-02, -2.338771324126674624e-03, 2.100716601021751506e-02, 7.695371061624503572e-02, -2.640991545170894364e-02, 1.022813211033279518e-01, 6.410482078974993891e-02
1403638181045096960, -5.133264247461506891e+00, 4.426547427137908386e+00, 4.022136451814970481e-01, -4.802856855193153862e-01, -6.842189954141323360e-01, -3.053981669930911358e-01, 4.559627026380303483e-01, 1.594586713330264638e-01, 1.112219396977194741e+00, -9.531383017862363194e-02, -2.341870763944910172e-03, 2.100731495508725843e-02, 7.695614485588786469e-02, -2.635871233431456157e-02, 1.029554639534679961e-01, 6.428641636738909038e-02
1403638181095097088, -5.127323848754826940e+00, 4.482964548410206973e+00, 3.923953626813743156e-01, -4.796506231477452031e-01, -6.841474619728443729e-01, -3.042619071287264165e-01, 4.574955976405516989e-01, 1.536335724127057822e-01, 1.136021338048232909e+00, -1.305497172404861128e-01, -2.339721011064731064e-03, 2.100183054817428979e-02, 7.695671341651881547e-02, -2.628766358967896122e-02, 1.030972851285953118e-01, 6.432570201162529644e-02
1403638181145096960, -5.116608319810445948e+00, 4.548571353168683551e+00, 3.856012364018378547e-01, -4.801594785043759028e-01, -6.831738758024895608e-01, -3.021899692047359531e-01, 4.597842462888994119e-01, 1.523727259756381125e-01, 1.162348961623341559e+00, -1.461229435725055481e-01, -2.337748793066452956e-03, 2.100420304215257564e-02, 7.695071178120178879e-02, -2.636691255777919018e-02, 1.025072009308872628e-01, 6.418245036936823245e-02
1403638181195097088, -5.110126766247840457e+00, 4.611367851862344658e+00, 3.752905485772807803e-01, -4.790160882744452508e-01, -6.816787196033388119e-01, -3.021322123154793760e-01, 4.632211531175532970e-01, 1.506351470542091897e-01, 1.181646192992343192e+00, -1.689757333036662756e-01, -2.341692250085051445e-03, 2.100451178658816614e-02, 7.695110296976331865e-02, -2.645628619233067816e-02, 1.023344191051490243e-01, 6.389341865694714295e-02
1403638181245096960, -5.099970782245058842e+00, 4.668512391775360371e+00, 3.688094987599345176e-01, -4.788540162846790516e-01, -6.786766817052088951e-01, -3.020339926672384601e-01, 4.678378566032526664e-01, 1.669174963272322121e-01, 1.194244979458675138e+00, -1.932170153917274480e-01, -2.352711253077697205e-03, 2.100440040712497555e-02, 7.695231988280916424e-02, -2.644317489279128866e-02, 1.023538745926929061e-01, 6.401568344791648546e-02
1403638181295097088, -5.091349105703953271e+00, 4.725486528125117047e+00, 3.630921265095789496e-01, -4.802714585923978374e-01, -6.736511749664865212e-01, -3.025738461056369788e-01, 4.732678820505838435e-01, 1.800094776837720678e-01, 1.210494536452804359e+00, -2.037625512480238377e-01, -2.356266929299300796e-03, 2.100574745895483764e-02, 7.695422580111170585e-02, -2.647728773030866636e-02, 1.025922200905703408e-01, 6.406415769459104792e-02
1403638181345096960, -5.081448540282447190e+00, 4.790590980047737979e+00, 3.523133208890182333e-01, -4.826490118659460538e-01, -6.685626974349014873e-01, -3.046250202487271186e-01, 4.767362457185910785e-01, 2.025111112800651314e-01, 1.221560481704640377e+00, -2.327957190994831838e-01, -2.367500701691473836e-03, 2.100445397371785219e-02, 7.695965544693302018e-02, -2.646997435984375924e-02, 1.023664420286698601e-01, 6.412345078755739280e-02
1403638181395097088, -5.069467808552281518e+00, 4.845320637832574384e+00, 3.478618994211451487e-01, -4.870882438279242055e-01, -6.624613829690610967e-01, -3.063641584369211079e-01, 4.796154305530471174e-01, 2.265693556661678154e-01, 1.212993821711495057e+00, -2.637329506746278751e-01, -2.367827665390101824e-03, 2.100899066587905498e-02, 7.696207564610661744e-02, -2.645603503692068800e-02, 1.026651507098385180e-01, 6.435423522605869529e-02
1403638181445096960, -5.061315011095092409e+00, 4.920644076820893886e+00, 3.298088598773848967e-01, -4.935770555409457194e-01, -6.556468962894589358e-01, -3.076826231426125213e-01, 4.814979138538511561e-01, 2.570500799609011233e-01, 1.224896412584429495e+00, -2.870977294097574184e-01, -2.371241088974011379e-03, 2.101381538974179952e-02, 7.695918559501355172e-02, -2.669258453439988729e-02, 1.022639190278413074e-01, 6.368982130659241181e-02
1403638181495097088, -5.043804730227478217e+00, 4.986788681548286917e+00, 3.188720278895402771e-01, -4.998896365755344795e-01, -6.473312471153834791e-01, -3.117911870623346071e-01, 4.835895609116091509e-01, 2.906814337792420488e-01, 1.238519810357703976e+00, -2.814174838704115444e-01, -2.371299104831257713e-03, 2.101771975429894343e-02, 7.696088524505707851e-02, -2.657653561629529093e-02, 1.021912001300949724e-01, 6.409989900754892167e-02
1403638181545096960, -5.030134240539579693e+00, 5.051820921039150036e+00, 3.065190696176435803e-01, -5.061205744446780619e-01, -6.360475020322455819e-01, -3.176551557923738556e-01, 4.882425025341941560e-01, 3.373924035006345967e-01, 1.222688766746435896e+00, -2.870992047804322156e-01, -2.361342331019057432e-03, 2.102033128985626026e-02, 7.695818118866992741e-02, -2.677719559893618206e-02, 1.021882219833245425e-01, 6.366162923898276149e-02
1403638181595097088, -5.012767819994079055e+00, 5.116257117605731430e+00, 2.926847499817976095e-01, -5.111981743140447954e-01, -6.260535708109971065e-01, -3.264589136941430381e-01, 4.900591094168412765e-01, 3.802362274204158510e-01, 1.212316402357234590e+00, -2.829843864544743792e-01, -2.351672628494529387e-03, 2.102612084812024995e-02, 7.695484578447538138e-02, -2.689646103449140277e-02, 1.020141147524985109e-01, 6.339001931888464669e-02
1403638181645096960, -4.991003076007096695e+00, 5.182456623028319775e+00, 2.795775867625440170e-01, -5.170202163527340966e-01, -6.187182203410951375e-01, -3.347294300594996219e-01, 4.876823436957326008e-01, 4.272507010469945854e-01, 1.183776924230342642e+00, -2.709994912849901239e-01, -2.338003352363772231e-03, 2.102696290207261079e-02, 7.695298157744824563e-02, -2.696514221273698872e-02, 1.016797373910418995e-01, 6.327136480817326103e-02
1403638181695097088, -4.968255594738042902e+00, 5.242648727948392207e+00, 2.681653121707694987e-01, -5.227561530995786798e-01, -6.141904224518288657e-01, -3.431710745124474937e-01, 4.813831561063869335e-01, 4.685515843907966937e-01, 1.160474839706562733e+00, -2.256375859738651291e-01, -2.351243658144019141e-03, 2.102870943736351653e-02, 7.695454476691573897e-02, -2.710631859445102043e-02, 1.015031284696832903e-01, 6.297413292877443447e-02
1403638181745096960, -4.939943844810623652e+00, 5.308420200799482735e+00, 2.601106363406112121e-01, -5.295100283072409209e-01, -6.102134920518129668e-01, -3.499895712662225433e-01, 4.740948470980071439e-01, 5.019727490177948726e-01, 1.144240436016470186e+00, -1.849816201243955349e-01, -2.352599814100891657e-03, 2.103625718049700888e-02, 7.695345762413609292e-02, -2.717981029322552936e-02, 1.010852931493540080e-01, 6.290456362738480744e-02
1403638181795097088, -4.903962379903020974e+00, 5.407591488626489529e+00, 2.500342007053788507e-01, -5.360525015822232842e-01, -6.064229585200886508e-01, -3.577150796108415354e-01, 4.657669296399141734e-01, 5.504433347307013946e-01, 1.147540489152668819e+00, -1.341942009465947050e-01, -2.369942865737973380e-03, 2.104082773911389315e-02, 7.694824548249874774e-02, -2.744320169751502184e-02, 1.040005099547261641e-01, 6.201560556676846692e-02
1403638181845096960, -4.870716507884947255e+00, 5.476902036008810093e+00, 2.447609952951740886e-01, -5.426622600545604191e-01, -6.036143165080148920e-01, -3.646437828866790909e-01, 4.562919460401765326e-01, 5.700705584274141646e-01, 1.128101565060877665e+00, -9.179367625036347067e-02, -2.375689158739416416e-03, 2.104107141416975205e-02, 7.694660112409372477e-02, -2.742101451055123720e-02, 1.053562131137883301e-01, 6.206445103541223529e-02
1403638181895097088, -4.844401829133628823e+00, 5.533704273631608217e+00, 2.390637085681509288e-01, -5.487937224701280314e-01, -6.011881775023113494e-01, -3.718834771301587905e-01, 4.462072442782750170e-01, 5.884453745458505525e-01, 1.104623666285905692e+00, -5.938448717434461482e-02, -2.355961999489942366e-03, 2.103826808690160977e-02, 7.694200561043339215e-02, -2.750081612369293174e-02, 1.057194782225068935e-01, 6.177262591352758458e-02
1403638181945096960, -4.813178541473839722e+00, 5.594616968092352316e+00, 2.386246012440073061e-01, -5.559607705820761581e-01, -5.978671098869807743e-01, -3.759477757553943977e-01, 4.383215833081285373e-01, 5.949594173790931917e-01, 1.092586647028700453e+00, -3.868643628225706260e-02, -2.357067288553453717e-03, 2.104340377487040614e-02, 7.694240177390274105e-02, -2.788588582350354575e-02, 1.051163055519959977e-01, 6.090442766317255563e-02
1403638181995097088, -4.780461084221134804e+00, 5.662157338904661330e+00, 2.412516915299761644e-01, -5.622992657285776907e-01, -5.953585258269542546e-01, -3.785534901489046589e-01, 4.313525432663422032e-01, 5.943011554745013525e-01, 1.089692128371460234e+00, -3.542504250497688703e-03, -2.358690078244731966e-03, 2.105109499121904024e-02, 7.694415864432026242e-02, -2.860574119515288741e-02, 1.042697609086157828e-01, 5.923772189988477793e-02
1403638182045096960, -4.753201037958652009e+00, 5.708820725232510718e+00, 2.459841902817875847e-01, -5.690177866153199870e-01, -5.936064134014907845e-01, -3.786946866854724036e-01, 4.247829078013994897e-01, 6.008726352760129785e-01, 1.079559151140231377e+00, 4.263827060769836974e-02, -2.354476669361548705e-03, 2.105093395624173594e-02, 7.694031094996459097e-02, -2.857743030871189027e-02, 1.049993625929048352e-01, 5.947687999619637872e-02
1403638182095097088, -4.722529628121123757e+00, 5.760839754910827892e+00, 2.539076563672804654e-01, -5.744380959578244683e-01, -5.915403252774471543e-01, -3.793874518460963463e-01, 4.197214300756242911e-01, 6.063389755502871514e-01, 1.079709005349662077e+00, 8.245667415667784494e-02, -2.349829569895704739e-03, 2.105053337815956244e-02, 7.693814870920985538e-02, -2.866614133953089907e-02, 1.050974991274764708e-01, 5.943494695160154301e-02
1403638182145096960, -4.693844162783156193e+00, 5.813721724203022134e+00, 2.599398152882899105e-01, -5.792125177225343480e-01, -5.900319043887833903e-01, -3.796478771925788642e-01, 4.150213253075520914e-01, 6.078454606632589519e-01, 1.082804422144279632e+00, 8.891000160088269322e-02, -2.347690240727533760e-03, 2.105044104985107425e-02, 7.693874783216685109e-02, -2.876235535997477208e-02, 1.054400067465032648e-01, 5.922960624110958083e-02
1403638182195097088, -4.664850265496951032e+00, 5.862699682154873138e+00, 2.668110702755293606e-01, -5.832367856805492634e-01, -5.883744270902306894e-01, -3.797615693388677327e-01, 4.116206212382273466e-01, 6.122367204822233289e-01, 1.087047669688331553e+00, 7.889738659593144299e-02, -2.340278513903184220e-03, 2.104908852450200832e-02, 7.693801288543819505e-02, -2.864157539956819348e-02, 1.059473803978932954e-01, 5.961710368522490228e-02
1403638182245096960, -4.630497230817562482e+00, 5.927661513310418684e+00, 2.705263719319819238e-01, -5.884886438997021241e-01, -5.862594947073584972e-01, -3.768940402245901100e-01, 4.097948307503979648e-01, 6.105450076044972585e-01, 1.103845570041572355e+00, 5.033434363411986440e-02, -2.313239276213375877e-03, 2.104175356426445445e-02, 7.691476415676148926e-02, -2.779100907111540716e-02, 1.089478244701153481e-01, 6.172562096558326106e-02
1403638182295097088, -4.601247883872365385e+00, 5.987009775240792031e+00, 2.717561480040713850e-01, -5.925666546907483179e-01, -5.845904411502864662e-01, -3.742023727353219198e-01, 4.087681006433651065e-01, 6.178121893936011633e-01, 1.119979208355591060e+00, 2.999420497522122669e-02, -2.311912635126688390e-03, 2.104327945186142482e-02, 7.691685600973915959e-02, -2.800622147123789721e-02, 1.093313284310732936e-01, 6.112648389965916196e-02
1403638182345096960, -4.572471670701639290e+00, 6.031751368697035431e+00, 2.782796763916486338e-01, -5.955946124798526808e-01, -5.828333675021234450e-01, -3.719879826868010553e-01, 4.088976204965162897e-01, 6.281358606755050866e-01, 1.129921466401907493e+00, 1.565347242102139644e-02, -2.316373960340551916e-03, 2.104695534729277007e-02, 7.691420372153119633e-02, -2.794399569701272804e-02, 1.098622226608520908e-01, 6.150021829801614187e-02
1403638182395097088, -4.542259980448979384e+00, 6.080155797984540200e+00, 2.830435157085697262e-01, -5.983089357670695607e-01, -5.825366676684964329e-01, -3.690867494490544520e-01, 4.079858080670102916e-01, 6.473557074312539239e-01, 1.142580043926131328e+00, 2.391477058794133984e-02, -2.321441003109018728e-03, 2.104629707739474540e-02, 7.691739888161140681e-02, -2.776941532864575859e-02, 1.104613936163257731e-01, 6.209221753567258084e-02
1403638182445096960, -4.510637421048428131e+00, 6.130130835828814462e+00, 2.895080954524305028e-01, -5.978911102537036726e-01, -5.843098487607578662e-01, -3.705545230793067524e-01, 4.047191203121512926e-01, 6.617410447195424261e-01, 1.156094252958619339e+00, 6.115955125244244145e-02, -2.322483161129540886e-03, 2.104687259675221828e-02, 7.691676682627451855e-02, -2.769303218048619133e-02, 1.107787718805427896e-01, 6.243839873001936353e-02
1403638182495097088, -4.478982078220536067e+00, 6.177998330463180920e+00, 2.977322645409015145e-01, -5.969479268278222728e-01, -5.872092821643145610e-01, -3.717244365950266305e-01, 4.008233711176851233e-01, 6.763530922363305553e-01, 1.168903590267253767e+00, 1.129275676901365932e-01, -2.322181161988902745e-03, 2.104620270800075868e-02, 7.691661584133693830e-02, -2.747945906889442610e-02, 1.113375240520128040e-01, 6.311983102839158200e-02
1403638182545096960, -4.446343023074469158e+00, 6.235807428462487145e+00, 3.054921495127738695e-01, -5.945791357890876094e-01, -5.908255910932578292e-01, -3.747278991474755627e-01, 3.962067311317715723e-01, 6.847006859517140720e-01, 1.196577426783784759e+00, 1.551988505363285364e-01, -2.316211997579243915e-03, 2.104726407470907876e-02, 7.691528946560570457e-02, -2.756762443236037211e-02, 1.115699974092679292e-01, 6.293454810851585590e-02
1403638182595097088, -4.416746405240534301e+00, 6.273839047776635702e+00, 3.206636099781300375e-01, -5.921069444415691940e-01, -5.942609312774186359e-01, -3.774378099515424689e-01, 3.921785454615625000e-01, 6.765869898330946208e-01, 1.212210291754278302e+00, 1.965474248320466244e-01, -2.301789758478153380e-03, 2.104727733666340861e-02, 7.690823209537248073e-02, -2.710943924052710077e-02, 1.125467744049314517e-01, 6.432569548447279739e-02
1403638182645096960, -4.410161513233559205e+00, 6.270528702556285694e+00, 3.388722067842597774e-01, -5.902256465111590522e-01, -5.965684572772963490e-01, -3.786277326459805970e-01, 3.903598366297883482e-01, 6.495380678968419863e-01, 1.174854659557605263e+00, 2.332910020314344079e-01, -2.295649827210262395e-03, 2.104184320776742237e-02, 7.692800994795312430e-02, -2.643135295349496178e-02, 1.116854736126424996e-01, 6.644040263910108712e-02
1403638182695097088, -4.381289088386030706e+00, 6.317499873986803571e+00, 3.546468809582335457e-01, -5.886982746019310264e-01, -5.984082797616571137e-01, -3.789073727041885609e-01, 3.895780731815033371e-01, 6.379196433405436295e-01, 1.183089945055015191e+00, 2.665636476610656058e-01, -2.296978398873062051e-03, 2.103930257807901452e-02, 7.692941672429184918e-02, -2.610629296025428897e-02, 1.125784613647911186e-01, 6.739172381022395797e-02
1403638182745096960, -4.354180832117689803e+00, 6.364953896977838532e+00, 3.704909759688840842e-01, -5.880928515461223416e-01, -5.988848279846314959e-01, -3.780237652106234747e-01, 3.906171958659172549e-01, 6.259371501418999895e-01, 1.197435832878936290e+00, 2.556327141433737404e-01, -2.289965632431911671e-03, 2.104110309737657752e-02, 7.692763276260922156e-02, -2.580774940380039031e-02, 1.136987945060915772e-01, 6.823156991569080676e-02
1403638182795097088, -4.324105977826575575e+00, 6.425823275775757182e+00, 3.833034306440120664e-01, -5.869443720890992200e-01, -5.992134493919503146e-01, -3.780600831701235731e-01, 3.918036748859473062e-01, 6.091701628324311946e-01, 1.223180309352641215e+00, 2.405223361443410424e-01, -2.293736012908556381e-03, 2.103856615690290893e-02, 7.692922222756111428e-02, -2.591962203946725218e-02, 1.138199729973916191e-01, 6.794009571070946940e-02
1403638182845096960, -4.295271740663995530e+00, 6.481354477206989095e+00, 3.966930720428585855e-01, -5.857983707430055587e-01, -5.992364414062790745e-01, -3.780785796600757420e-01, 3.934622519731712509e-01, 6.061546932977913693e-01, 1.241120038490885147e+00, 2.247538713057069260e-01, -2.292370591034193546e-03, 2.103786439753507417e-02, 7.692574266598403709e-02, -2.577864349571218350e-02, 1.140094017785869412e-01, 6.837815672308091008e-02
1403638182895097088, -4.267638366660540861e+00, 6.536170757637719042e+00, 4.084932268330286886e-01, -5.843521216272221652e-01, -5.985104344335077098e-01, -3.786819658109192299e-01, 3.961285480668567671e-01, 5.919807367604003057e-01, 1.251350492994023345e+00, 1.853700309719033268e-01, -2.284737701476332976e-03, 2.103915819860605052e-02, 7.692294595297299864e-02, -2.556465856329463368e-02, 1.143251118723528775e-01, 6.899345442871862577e-02
1403638182945096960, -4.240038894514269963e+00, 6.595506911415672135e+00, 4.171216725102528389e-01, -5.827521971081855989e-01, -5.973961401650390579e-01, -3.795432118764879292e-01, 3.993302878570256786e-01, 5.889115562422538863e-01, 1.267826246186148920e+00, 1.589068743755953084e-01, -2.286713940367809776e-03, 2.103309367191133136e-02, 7.692499872016703155e-02, -2.545353608320729405e-02, 1.146242451364164194e-01, 6.927784823970230266e-02
1403638182995097088, -4.234564243211073276e+00, 6.610174083472365680e+00, 4.242633984134539515e-01, -5.796368963851553646e-01, -5.957998630453416045e-01, -3.826615460779277944e-01, 4.032539307897531344e-01, 5.665120314411737912e-01, 1.230992202209338915e+00, 1.415034622623962957e-01, -2.280493067076505131e-03, 2.103712793983207249e-02, 7.695388731670416149e-02, -2.576118491240923097e-02, 1.100121216191402435e-01, 6.868376999877050249e-02
1403638183045096960, -4.209410400568731170e+00, 6.666081025754520439e+00, 4.325718660926177184e-01, -5.772276469264261411e-01, -5.943817819477750231e-01, -3.846960099491260610e-01, 4.068507353337226240e-01, 5.596721217977832508e-01, 1.239247950191353809e+00, 1.209233154797055704e-01, -2.281038220843121557e-03, 2.103821506246681891e-02, 7.695566495500724691e-02, -2.575700488550382652e-02, 1.106945412931284040e-01, 6.875740044313040367e-02
1403638183095097088, -4.181774728277885878e+00, 6.723513262618052266e+00, 4.409687149426625985e-01, -5.740764831839071380e-01, -5.939144206777946522e-01, -3.878704390572937921e-01, 4.089723399835972772e-01, 5.585176068794126536e-01, 1.238913449081544771e+00, 9.912990220476343428e-02, -2.275133275606059172e-03, 2.103730844051466750e-02, 7.695254785656975571e-02, -2.578845692257876465e-02, 1.105714364675666889e-01, 6.882605303386001017e-02
1403638183145096960, -4.156929701259895360e+00, 6.774487920250282791e+00, 4.491706583532002472e-01, -5.708660413109259979e-01, -5.943904308672809389e-01, -3.915531588866834611e-01, 4.092653202230309706e-01, 5.511447722976979824e-01, 1.228198404891687634e+00, 7.377069450400126904e-02, -2.272044753332587690e-03, 2.103930443221798188e-02, 7.695143585391206464e-02, -2.556487237584451760e-02, 1.110081926509765143e-01, 6.957167590133098156e-02
1403638183195097088, -4.131573892149916105e+00, 6.828792372310256376e+00, 4.550216858960366983e-01, -5.691953983966792086e-01, -5.946463869265096180e-01, -3.929788302019462942e-01, 4.098535250213220515e-01, 5.372446045143672855e-01, 1.226513386170982045e+00, 4.655344707100737833e-02, -2.268678015911191736e-03, 2.104113098381642927e-02, 7.694874535643642099e-02, -2.544702204902028753e-02, 1.112977242800622935e-01, 6.999831582854447454e-02
1403638183245096960, -4.103274588714983295e+00, 6.888640792380115840e+00, 4.585221133724997067e-01, -5.680709511720513083e-01, -5.974077181306149953e-01, -3.935102406972237898e-01, 4.068772581735992655e-01, 5.342106271816493557e-01, 1.214495546182384311e+00, 1.598130585242937829e-02, -2.270371222874916200e-03, 2.104211098742640729e-02, 7.694879028692480638e-02, -2.548611135964904198e-02, 1.107824321559181535e-01, 7.001619337173713153e-02
1403638183295097088, -4.076062520232739850e+00, 6.949166689371647720e+00, 4.610868756882335884e-01, -5.684900237504334486e-01, -5.995358923571373344e-01, -3.924306725696538045e-01, 4.041954649650238984e-01, 5.136929620033826582e-01, 1.207350969798317575e+00, -1.971238486961534794e-02, -2.274565773127634489e-03, 2.104388079908057693e-02, 7.695013473285393368e-02, -2.563303552729465085e-02, 1.104751884912977961e-01, 6.976893884146385949e-02
1403638183345096960, -4.052896955596906992e+00, 7.008055694058993090e+00, 4.609249143891374634e-01, -5.704540717803234795e-01, -6.017846318309740816e-01, -3.891391494996662703e-01, 4.012581852224139101e-01, 5.011589134928777778e-01, 1.202893105101473514e+00, -2.010023312227327691e-02, -2.275535080395751659e-03, 2.104472040283737050e-02, 7.695224357646415769e-02, -2.551308991223936659e-02, 1.111846096341284340e-01, 7.009368382645413120e-02
1403638183395097088, -4.039328650638567275e+00, 7.043616582311871710e+00, 4.569724708557641457e-01, -5.722177280752382966e-01, -6.038918911724797667e-01, -3.863289274790119854e-01, 3.982855950765166186e-01, 4.771815434229387254e-01, 1.200314439138768563e+00, -4.209853513379233775e-02, -2.258635008152501834e-03, 2.104015315156970711e-02, 7.695496897680258186e-02, -2.529189793466934608e-02, 1.106110530310300544e-01, 7.065767448198596867e-02
1403638183445096960, -4.012961880549590354e+00, 7.106914070342802425e+00, 4.569629763527466304e-01, -5.735714921361723118e-01, -6.065779619500859532e-01, -3.840628143466363054e-01, 3.944295553344173144e-01, 4.693268904232936745e-01, 1.212564902852320436e+00, -5.240441974830206684e-02, -2.261124003691606255e-03, 2.104561614095599650e-02, 7.695299192142875111e-02, -2.550896363361467370e-02, 1.100229505979013617e-01, 7.023436800776157451e-02
1403638183495097088, -3.984714944360935984e+00, 7.177548774659428865e+00, 4.561647658938686734e-01, -5.743162331006045340e-01, -6.086376312489443219e-01, -3.829737823942692687e-01, 3.912188393002479225e-01, 4.472168745717399752e-01, 1.232877191165272945e+00, -7.202472495468718872e-02, -2.259958132025504957e-03, 2.105060805610089666e-02, 7.695036083317213782e-02, -2.591427800017447394e-02, 1.091276360620082181e-01, 6.933856362692070174e-02
1403638183545096960, -3.955256279914180606e+00, 7.247301749624065259e+00, 4.548047732040982893e-01, -5.744117750393105126e-01, -6.108023940559728082e-01, -3.823270566090525846e-01, 3.883266278486954270e-01, 4.481023400665019030e-01, 1.255970495532076292e+00, -8.307564235830118549e-02, -2.263226720794443789e-03, 2.105685520019598411e-02, 7.694489272211395281e-02, -2.618618824679314408e-02, 1.078222552585270944e-01, 6.880140791978538173e-02
1403638183595097088, -3.930492329012050146e+00, 7.314254982718662035e+00, 4.527619945641406241e-01, -5.751592917463012045e-01, -6.110478335607468781e-01, -3.813910171521980863e-01, 3.877540796100318321e-01, 4.251393866470949412e-01, 1.277686048779652639e+00, -9.019147901650101384e-02, -2.260162023369560215e-03, 2.106310270385586617e-02, 7.694219625518623762e-02, -2.642661039980473414e-02, 1.072142285111145898e-01, 6.830438592861076685e-02
1403638183645096960, -3.905859315917215024e+00, 7.386248399840697587e+00, 4.510540758150833884e-01, -5.744832689067568277e-01, -6.097438229238556495e-01, -3.824027072598023547e-01, 3.898071492838254271e-01, 4.030435680732737391e-01, 1.305460080898276143e+00, -6.892710782909972078e-02, -2.261047756288844454e-03, 2.106930896429743197e-02, 7.694344087345253436e-02, -2.678723719924697849e-02, 1.064728303603205417e-01, 6.750512554922924457e-02
1403638183695097088, -3.885251525986044285e+00, 7.454316380144088150e+00, 4.489188831926663736e-01, -5.710179713484416775e-01, -6.086652073236330507e-01, -3.873176078247850818e-01, 3.917272168993050641e-01, 3.842767374985823770e-01, 1.336694267497364752e+00, -1.555835217879494338e-02, -2.258713939064002207e-03, 2.106933340215207812e-02, 7.694275306212873533e-02, -2.683850419251022565e-02, 1.063184290129242510e-01, 6.738681155403378198e-02
1403638183745096960, -3.863042981472189830e+00, 7.526325614420762200e+00, 4.497264663540881391e-01, -5.688678425037763109e-01, -6.051901470803829897e-01, -3.905318892206028347e-01, 3.970127291960677263e-01, 3.713685807335189715e-01, 1.337918207046701502e+00, 8.351264004905181032e-03, -2.260195792863085949e-03, 2.107435324932316334e-02, 7.694103124163605145e-02, -2.698662725093509823e-02, 1.057114183546805086e-01, 6.706134861593823770e-02
1403638183795097088, -3.837495680526293640e+00, 7.608041841939085614e+00, 4.518796404030213654e-01, -5.655463454304368032e-01, -6.037414947389834197e-01, -3.953523662630984981e-01, 3.991867297278105520e-01, 3.559450527824593036e-01, 1.337010990831385415e+00, 4.307616219389449885e-02, -2.262503882820113797e-03, 2.107658262799139495e-02, 7.693751330422647638e-02, -2.746631117006318942e-02, 1.046602350485740934e-01, 6.595014582679251114e-02
1403638183845096960, -3.815553020608016155e+00, 7.691843062841619449e+00, 4.520357326822820321e-01, -5.619782942731200714e-01, -6.014184449602776317e-01, -4.002622922026606855e-01, 4.028229738583786745e-01, 3.371464849896654847e-01, 1.336611318308342344e+00, 6.459940644850109548e-02, -2.263731592383743350e-03, 2.107816948372397137e-02, 7.693448468635263882e-02, -2.790182839841430507e-02, 1.040713808874508400e-01, 6.478238670388625220e-02
1403638183895097088, -3.801764281601334172e+00, 7.750353855267374747e+00, 4.589971743593823650e-01, -5.603473937583234310e-01, -5.994068027920408381e-01, -4.028893875997801022e-01, 4.054656883564281000e-01, 3.170110114412262314e-01, 1.304342788095736783e+00, 1.033283305246391337e-01, -2.272841747019322105e-03, 2.108240243628013710e-02, 7.693805947176021731e-02, -2.770348453107290138e-02, 1.044607076520586431e-01, 6.537174418698595002e-02
1403638183945096960, -3.788084958848167094e+00, 7.810618175716345313e+00, 4.671388574187554932e-01, -5.596643792265634243e-01, -5.986336342897082829e-01, -4.039480665552767635e-01, 4.064966347318205164e-01, 2.960183115451633928e-01, 1.295322509400744337e+00, 1.334531906095217102e-01, -2.274794822597407846e-03, 2.108233075075331003e-02, 7.694275040382346498e-02, -2.769720073372720220e-02, 1.046201892883064782e-01, 6.546391407991469791e-02
1403638183995097088, -3.780811741392784864e+00, 7.868234952456846010e+00, 4.719556256677096551e-01, -5.600446362049039672e-01, -5.986746847121638959e-01, -4.038070152483126951e-01, 4.060523633463508641e-01, 2.678967284659213854e-01, 1.259928055455289186e+00, 1.722410930002607754e-01, -2.281125012253997462e-03, 2.107997139189132438e-02, 7.694762971385500638e-02, -2.753577356762392306e-02, 1.054266454696742850e-01, 6.579830383466248045e-02
1403638184045096960, -3.762698895006583832e+00, 7.942725076120831673e+00, 4.791667892423070452e-01, -5.615378258791472454e-01, -5.988021770215732342e-01, -4.019170386727353161e-01, 4.056771091960750808e-01, 2.501726327817986872e-01, 1.262216224142373333e+00, 1.770639171573256954e-01, -2.283221382846077532e-03, 2.107160657332971324e-02, 7.694105360755520984e-02, -2.690544442157847757e-02, 1.084899781448603467e-01, 6.730291856765829861e-02
1403638184095097088, -3.750264327839245571e+00, 8.009799230509676349e+00, 4.892697265235087523e-01, -5.637103030707929507e-01, -6.004146924335688196e-01, -3.992587272330295756e-01, 4.028962149859428021e-01, 2.299290442370270637e-01, 1.260410987196677546e+00, 2.049269825246404220e-01, -2.277183539435984928e-03, 2.107386060380357640e-02, 7.693983595445769152e-02, -2.710563044100232008e-02, 1.082576407879714264e-01, 6.682247844673577797e-02
1403638184145096960, -3.740530136915850790e+00, 8.065591847398025038e+00, 5.013166836692953821e-01, -5.658233830763510497e-01, -6.027872378546338394e-01, -3.965546291730465134e-01, 3.990436957590506317e-01, 2.116419939148382612e-01, 1.245267119998168415e+00, 1.789648150858961784e-01, -2.282383950077498252e-03, 2.107728573368262970e-02, 7.694082796209529562e-02, -2.705361682407575116e-02, 1.082753142865667678e-01, 6.706718627319822879e-02
1403638184195097088, -3.732449883543621283e+00, 8.129526829710775004e+00, 5.094975099040404132e-01, -5.691823150776718077e-01, -6.039490027935994210e-01, -3.925073815915367526e-01, 3.965035304049569498e-01, 1.925410068501725580e-01, 1.247185290943226388e+00, 1.473611506841443208e-01, -2.271507822985570618e-03, 2.108129092299673712e-02, 7.693865319815669512e-02, -2.724525829423965137e-02, 1.083439723577774572e-01, 6.659749132379096104e-02
1403638184245096960, -3.722520457182676434e+00, 8.194925025106238436e+00, 5.162334960090092517e-01, -5.711168015095310357e-01, -6.052707012886194837e-01, -3.901313010088084399e-01, 3.940438366074012766e-01, 1.812028120768408579e-01, 1.257760266222229140e+00, 1.171084686561240651e-01, -2.274339152274050795e-03, 2.108719935325670952e-02, 7.693644349500776414e-02, -2.741454318782034910e-02, 1.081894267884701277e-01, 6.617444262515621844e-02
1403638184295097088, -3.714598132232151517e+00, 8.256813253744383019e+00, 5.226387090131567881e-01, -5.722675594986884606e-01, -6.053374254093930595e-01, -3.891068988249078986e-01, 3.932839470802305115e-01, 1.683049613422744062e-01, 1.264323008702224582e+00, 9.393778747094663761e-02, -2.278989494970715384e-03, 2.109228388276491312e-02, 7.693650888283232181e-02, -2.749816919685833458e-02, 1.082298313557868152e-01, 6.600047077021449493e-02
1403638184345096960, -3.705492778875618232e+00, 8.320775486060012938e+00, 5.285648386187596914e-01, -5.715615773412220380e-01, -6.050539150405219724e-01, -3.905745366383054917e-01, 3.932920728048354131e-01, 1.504179342472826142e-01, 1.274567099365647493e+00, 8.573393527296259420e-02, -2.269838523423966213e-03, 2.109098020501220042e-02, 7.693175497690728226e-02, -2.749352458091048820e-02, 1.080317055769753620e-01, 6.610981083799956359e-02
1403638184395097088, -3.699826788903759489e+00, 8.379178897700800377e+00, 5.321831043138505191e-01, -5.706727181710331553e-01, -6.031937588990317067e-01, -3.921879213205201054e-01, 3.958264421824685408e-01, 1.280775200509547684e-01, 1.282568055843094301e+00, 6.265346592812809368e-02, -2.268885568406025371e-03, 2.108830709520618726e-02, 7.693224398561467059e-02, -2.733454465093512406e-02, 1.081866972652881786e-01, 6.653308632564218505e-02
1403638184445096960, -3.692745459839802624e+00, 8.442242914119262309e+00, 5.383156223130057816e-01, -5.694694747332239571e-01, -6.021952900611221571e-01, -3.941332043300034282e-01, 3.971452721861749025e-01, 1.163148352969062410e-01, 1.284525754709002321e+00, 4.758909950525452848e-02, -2.269862738759674623e-03, 2.109159148646597495e-02, 7.693432402439828732e-02, -2.748755943873128910e-02, 1.078945769772447355e-01, 6.628075828593014973e-02
1403638184495097088, -3.687785041376001161e+00, 8.505690205830475747e+00, 5.416332552774381082e-01, -5.678050480060610194e-01, -6.013872690162487267e-01, -3.967942023611395475e-01, 3.981019230003794984e-01, 9.713980402436048212e-02, 1.280751384630138823e+00, 3.676609796508751443e-02, -2.266951555979061957e-03, 2.108926752316078387e-02, 7.693745829767545397e-02, -2.756207671892415070e-02, 1.078403670282595539e-01, 6.617067463736198141e-02
1403638184545096960, -3.687444047363181099e+00, 8.544469513639532110e+00, 5.423003777440839057e-01, -5.672994556420456469e-01, -6.003956448924666622e-01, -3.976580659548534791e-01, 3.994552037506124975e-01, 7.215045490467897338e-02, 1.256322426275896520e+00, 3.348689051917055209e-02, -2.281857085658020590e-03, 2.107393429378729560e-02, 7.694279833946950087e-02, -2.657113244027894949e-02, 1.087704826348509235e-01, 6.871926144240408929e-02
1403638184595097088, -3.682707895020026712e+00, 8.607891021303995416e+00, 5.474585272434906447e-01, -5.668104470161148267e-01, -5.996501584088110848e-01, -3.987010758637158925e-01, 4.002287555621100723e-01, 5.881443959876166139e-02, 1.254832572932022217e+00, 4.178516452928358882e-02, -2.291486441652974739e-03, 2.107781216578277772e-02, 7.694642806936251300e-02, -2.670153971440831359e-02, 1.084828651466655802e-01, 6.850251602181037236e-02
1403638184645096960, -3.681098211171124568e+00, 8.664418860774036446e+00, 5.482946926783119901e-01, -5.665251875430058481e-01, -5.985039766708707409e-01, -3.992008230044152839e-01, 4.018468672281937937e-01, 3.817934101460170732e-02, 1.235339294832163981e+00, 3.448741669064477045e-02, -2.293452945178624247e-03, 2.107236608799311836e-02, 7.694540348369473259e-02, -2.642338759268007126e-02, 1.086599141006160674e-01, 6.919970661586917482e-02
1403638184695097088, -3.675813433104584416e+00, 8.735946492448896095e+00, 5.524036489857191423e-01, -5.664851525459595472e-01, -5.989518281057307769e-01, -3.994161538266052802e-01, 4.010212159177435343e-01, 2.608752474710525349e-02, 1.247011658122834321e+00, 3.944741491195449812e-02, -2.304451992383809572e-03, 2.107963908028270134e-02, 7.694882137804540112e-02, -2.677173988827242015e-02, 1.082203772503726180e-01, 6.842286441521733265e-02
1403638184745096960, -3.677497769997865262e+00, 8.800777364648222800e+00, 5.543377406077111269e-01, -5.673883619789819033e-01, -5.977960657479309825e-01, -3.986321753206795715e-01, 4.022470624705746789e-01, 6.760180024699014717e-04, 1.245310964452035263e+00, 4.192417007262286277e-02, -2.291036403705433867e-03, 2.108051852257319600e-02, 7.694609042347883010e-02, -2.692204258865343522e-02, 1.084555198793709235e-01, 6.805451204463008885e-02
1403638184795097088, -3.684727888419835562e+00, 8.863616107713115255e+00, 5.522208351568955731e-01, -5.671912495032617185e-01, -5.974680121351070294e-01, -3.989416029342279235e-01, 4.027054238652878482e-01, -9.524468284197003948e-03, 1.236859033604766900e+00, 4.070631073904494579e-02, -2.276214329724621233e-03, 2.107608123195374092e-02, 7.694395519615146450e-02, -2.696942057307982060e-02, 1.092717876325422915e-01, 6.778277130431341335e-02
1403638184845096960, -3.679811269761246173e+00, 8.937508617628864727e+00, 5.572868044607118820e-01, -5.679997824690254937e-01, -5.974441722612903183e-01, -3.985773715002887685e-01, 4.019611760780914533e-01, -2.696245325970922715e-02, 1.238738662279443403e+00, 4.767241785491452971e-02, -2.272667956602977303e-03, 2.107868953261738884e-02, 7.693975806152482388e-02, -2.738546265309409894e-02, 1.085872257574172772e-01, 6.684083285268621610e-02
1403638184895097088, -3.678203544165720817e+00, 9.002597766594472972e+00, 5.622105501508515291e-01, -5.671244749917824235e-01, -5.978036934711083994e-01, -4.000687318154039218e-01, 4.011802384978734870e-01, -3.877008580230230372e-02, 1.237529947939709496e+00, 5.730979010884053315e-02, -2.265149928279581396e-03, 2.107557754557978433e-02, 7.693306305109448573e-02, -2.754332639407668440e-02, 1.082543522400900987e-01, 6.653627302978556979e-02
1403638184945096960, -3.680394867942815562e+00, 9.065084335027416174e+00, 5.673902839931840303e-01, -5.660787212710073346e-01, -5.969846857543877894e-01, -4.015958830153893988e-01, 4.023492426288459156e-01, -4.702158984545219689e-02, 1.232923046012125212e+00, 6.629646610639061688e-02, -2.279801020649453638e-03, 2.108294411771752946e-02, 7.694024503923879710e-02, -2.766267067825741582e-02, 1.081950788643939870e-01, 6.629216050413327954e-02
1403638184995097088, -3.682169105234425199e+00, 9.132141096280410153e+00, 5.703021812458881623e-01, -5.666284020757759166e-01, -5.964510328462159228e-01, -4.012120085547669079e-01, 4.027497282049796734e-01, -6.713652574537490314e-02, 1.223368909176520747e+00, 7.139741083486259021e-02, -2.265607209199366374e-03, 2.108351429249932102e-02, 7.693772685487088037e-02, -2.786504389430245754e-02, 1.080207597083069210e-01, 6.576000953485781897e-02
1403638185045096960, -3.688497305894343548e+00, 9.190665608809363007e+00, 5.727531575323343560e-01, -5.671136282756531477e-01, -5.961581594131805106e-01, -4.003507057995708274e-01, 4.033570303774297039e-01, -8.275213458533026145e-02, 1.220999158772828164e+00, 8.258910034411219570e-02, -2.283514073040527562e-03, 2.108761298984634242e-02, 7.694467503372327821e-02, -2.778450685789869701e-02, 1.082862963762445535e-01, 6.590635433889042993e-02
1403638185095097088, -3.686488534623129976e+00, 9.268862155795799751e+00, 5.759473156485376277e-01, -5.668084153644665779e-01, -5.972871372557886360e-01, -4.007744390754648389e-01, 4.016916042495208283e-01, -9.022107324999703581e-02, 1.222591091838124200e+00, 9.074013671140354620e-02, -2.292802421537645970e-03, 2.109267713520928886e-02, 7.694719724645129877e-02, -2.818989438259275962e-02, 1.077411071976351609e-01, 6.485495472612722023e-02
1403638185145096960, -3.686418253222130126e+00, 9.319064709138661584e+00, 5.807250749303501935e-01, -5.668322497672415583e-01, -5.981286530558052039e-01, -4.003071060758993660e-01, 4.008709715639118265e-01, -1.080064747373955109e-01, 1.214760897701024689e+00, 9.595238933280025861e-02, -2.301075425533967954e-03, 2.108914565091760812e-02, 7.693963161553016294e-02, -2.725543055383530464e-02, 1.081585415710382553e-01, 6.730245718704053193e-02
1403638185195097088, -3.693559162308759358e+00, 9.378702832037149051e+00, 5.842747833435998350e-01, -5.661240167355722219e-01, -5.985622999537228983e-01, -4.012799210430255670e-01, 4.002514156339666562e-01, -1.167995281518735967e-01, 1.207684273241546480e+00, 8.816564238099608430e-02, -2.311728649795318554e-03, 2.109030405604414571e-02, 7.694287135625296759e-02, -2.722448415406758526e-02, 1.083465447825628369e-01, 6.734765081751187266e-02
1403638185245096960, -3.696651049220941232e+00, 9.445588882594103453e+00, 5.908027905115377232e-01, -5.646243989687083076e-01, -6.004858522450097214e-01, -4.030109455759167680e-01, 3.977413821678791872e-01, -1.338964734110787980e-01, 1.207969903385280652e+00, 9.521976482232204220e-02, -2.311807897765512029e-03, 2.109286659364932939e-02, 7.694247829829685414e-02, -2.744842839765862172e-02, 1.079478298493499605e-01, 6.685192094371755767e-02
1403638185295097088, -3.704273463695865409e+00, 9.510730660707608308e+00, 5.935889305274189010e-01, -5.635947113621857518e-01, -6.009760497684067948e-01, -4.040593460216869159e-01, 3.973975765173496932e-01, -1.509254472255825152e-01, 1.206372761163747587e+00, 9.582412306564547233e-02, -2.312939227137701843e-03, 2.109683289844480752e-02, 7.693953103498328561e-02, -2.761996034093548366e-02, 1.080663400716391082e-01, 6.634916060929108017e-02
1403638185345096960, -3.711188290080629226e+00, 9.560472917053468578e+00, 5.928283711784008148e-01, -5.621336767533827716e-01, -6.017065935012169131e-01, -4.060229955677482905e-01, 3.963587161487396315e-01, -1.755570867512685485e-01, 1.192960671136094053e+00, 9.253522761844255873e-02, -2.316818960255579048e-03, 2.108188514446629469e-02, 7.693585937734936930e-02, -2.694901881963014320e-02, 1.084157463200493693e-01, 6.794098041563269297e-02
1403638185395097088, -3.714684120161104275e+00, 9.631643637913615663e+00, 6.023797578861845858e-01, -5.592885349048827281e-01, -6.024315384793385020e-01, -4.079781647753045748e-01, 3.972737006598117682e-01, -2.064047411531125809e-01, 1.191256950300626505e+00, 9.984347439681041936e-02, -2.318736215435314180e-03, 2.108799066634688482e-02, 7.693452974117538645e-02, -2.744610445480336752e-02, 1.076746644272860987e-01, 6.684390229360491487e-02
1403638185445096960, -3.720120577159468755e+00, 9.698836087316610843e+00, 6.110850259231923598e-01, -5.554226232089046755e-01, -6.037547035751240632e-01, -4.095891040004294714e-01, 3.990272339362048171e-01, -2.300022324703767940e-01, 1.186707534410402110e+00, 1.006708087166174881e-01, -2.315466690500041658e-03, 2.109198911542994534e-02, 7.692940926066371699e-02, -2.773792509320287258e-02, 1.071249446478288736e-01, 6.621695358018357680e-02
1403638185495097088, -3.730399726166972574e+00, 9.764331074796981369e+00, 6.166274856619246014e-01, -5.498523409544097129e-01, -6.061961292803530466e-01, -4.110078416394026823e-01, 4.015734180736978409e-01, -2.664534228695271678e-01, 1.173999032471435999e+00, 1.112566457316435664e-01, -2.315576624107217908e-03, 2.109053808025052740e-02, 7.693219872905192325e-02, -2.789900123069621526e-02, 1.069621578191769090e-01, 6.579386791323241224e-02
1403638185545096960, -3.746815283931671736e+00, 9.824664328708381689e+00, 6.192411881888326697e-01, -5.442595154526272960e-01, -6.095095968776086393e-01, -4.109297777619928538e-01, 4.042478805162071365e-01, -2.923881071305461377e-01, 1.165813117122359577e+00, 1.144923238225740852e-01, -2.308821681039122196e-03, 2.108883826648240423e-02, 7.693108652796537550e-02, -2.794326943950638242e-02, 1.074037316446284918e-01, 6.556704004988740675e-02
1403638185595097088, -3.761161667730375413e+00, 9.892837413959936654e+00, 6.228837234825154168e-01, -5.386361086425710543e-01, -6.127868403112400886e-01, -4.095748749014003764e-01, 4.081811517662931044e-01, -3.345332986112830032e-01, 1.151568784250830868e+00, 1.018067806724160806e-01, -2.302229902693003066e-03, 2.108677689884412565e-02, 7.693063853947589015e-02, -2.819141191333047330e-02, 1.074283236808125236e-01, 6.485345694575490871e-02
1403638185645096960, -3.775225435609491864e+00, 9.964625539554372580e+00, 6.286305717095748147e-01, -5.330561937021469632e-01, -6.165027995015830431e-01, -4.086202545289779331e-01, 4.108587106915994047e-01, -3.642177235480181241e-01, 1.145664094643201514e+00, 1.124919611266842201e-01, -2.297501212634469464e-03, 2.109261969511985399e-02, 7.693161651146054880e-02, -2.862910552314958459e-02, 1.072073635728286872e-01, 6.374063325373875710e-02
1403638185695097088, -3.786369496756876618e+00, 1.003433907229248945e+01, 6.335665277354574076e-01, -5.294923789150794979e-01, -6.182373926502537920e-01, -4.054124663687371233e-01, 4.160061046579528465e-01, -3.889599111348837068e-01, 1.132773188652606233e+00, 1.012438283711744602e-01, -2.296150061340493289e-03, 2.109177899804888859e-02, 7.691646584345329662e-02, -2.745542376852400102e-02, 1.088200019976125199e-01, 6.671962333556799574e-02
1403638185745096960, -3.805485699790676524e+00, 1.009066516684831427e+01, 6.387734863207266134e-01, -5.271826687131417888e-01, -6.191951169853538994e-01, -4.012244340180646796e-01, 4.215386037563671473e-01, -4.127832803925132188e-01, 1.109739918498448219e+00, 1.085190651178450233e-01, -2.289353378479805703e-03, 2.108990141362070483e-02, 7.691406136078926536e-02, -2.738377766888137194e-02, 1.087254025446529326e-01, 6.688817950037270754e-02
1403638185795097088, -3.827225592474683413e+00, 1.015055389694231280e+01, 6.431132270250616845e-01, -5.280383835720422470e-01, -6.197405597667986488e-01, -3.936654755027722552e-01, 4.267605856352437721e-01, -4.377793001153085228e-01, 1.092607527020277525e+00, 9.529504790272723402e-02, -2.285544726711986191e-03, 2.109067812531751143e-02, 7.691583274086274957e-02, -2.753894216930838357e-02, 1.089501596953771911e-01, 6.644655597992553397e-02
1403638185845096960, -3.838948462388235505e+00, 1.021944485615286169e+01, 6.542730433531472878e-01, -5.324638363393329188e-01, -6.186711602749548344e-01, -3.820036703442490911e-01, 4.333606515113750390e-01, -4.339583336943080849e-01, 1.073134326441772979e+00, 7.250833834348531515e-02, -2.297476554559074128e-03, 2.109511631597186382e-02, 7.691762277856477314e-02, -2.813769907172784107e-02, 1.078164019660728667e-01, 6.515519496956362344e-02
1403638185895097088, -3.857042976438652460e+00, 1.028630005817200299e+01, 6.594135643491857435e-01, -5.363663156515350305e-01, -6.182232528910291958e-01, -3.716479614976894719e-01, 4.381654684406842692e-01, -4.283990457608083391e-01, 1.072717341866562979e+00, 6.144263579430502692e-02, -2.297951600326642030e-03, 2.110189810278094782e-02, 7.691567077746125358e-02, -2.858039692329569434e-02, 1.076026967208170843e-01, 6.406614681957631396e-02
1403638185945096960, -3.874317334224386400e+00, 1.034538959645393241e+01, 6.636785647724452453e-01, -5.405160549289360628e-01, -6.177378116321438073e-01, -3.616913245489638551e-01, 4.420653528495595563e-01, -4.148633609643161968e-01, 1.068538916446907239e+00, 3.053448272820120588e-02, -2.299300755718730865e-03, 2.110737058118400747e-02, 7.691429460465097623e-02, -2.878586943637879286e-02, 1.071667913419824675e-01, 6.361888948469703042e-02
1403638185995097088, -3.893739996640505296e+00, 1.039760837737627774e+01, 6.652345544803024424e-01, -5.416818194502681649e-01, -6.179580393571240116e-01, -3.569881526915714143e-01, 4.441487666410949275e-01, -3.857413812695310584e-01, 1.063349894500520865e+00, 9.221449042759852568e-03, -2.293898177030117072e-03, 2.110746871421193688e-02, 7.691280527130406330e-02, -2.876235591656928561e-02, 1.071024654880738947e-01, 6.369123759144425245e-02
1403638186045096960, -3.909833727330233710e+00, 1.045412087108594434e+01, 6.593972920551384176e-01, -5.409431758809158941e-01, -6.203173550915244139e-01, -3.560036278111243235e-01, 4.425474849385576670e-01, -3.679971644333444036e-01, 1.069404019877588263e+00, -1.628176624811960085e-02, -2.277583149925851373e-03, 2.109900014481040295e-02, 7.689739207752432915e-02, -2.746497074435067659e-02, 1.086947429262856424e-01, 6.683185365111482534e-02
1403638186095097088, -3.928309343826049460e+00, 1.050798926197424521e+01, 6.560533118533117269e-01, -5.395561359539241542e-01, -6.230618412714780119e-01, -3.565651766746000262e-01, 4.399254401473929876e-01, -3.474759249840653208e-01, 1.067227296804257763e+00, -4.366680050999976331e-02, -2.263920859384926064e-03, 2.109544080075212782e-02, 7.689298413735157212e-02, -2.741491210655741181e-02, 1.087732721757697502e-01, 6.689090654084278720e-02
1403638186145096960, -3.946954543766213241e+00, 1.056048689571815125e+01, 6.539623077389246086e-01, -5.373724078742415644e-01, -6.250934765032586382e-01, -3.589871932245465858e-01, 4.377410604333023536e-01, -3.350769168578680013e-01, 1.062809920021661414e+00, -6.593519436146384749e-02, -2.259033414100515298e-03, 2.108935773389358434e-02, 7.689323737141082193e-02, -2.740950591376760739e-02, 1.090725747595859274e-01, 6.690757853394808941e-02
1403638186195097088, -3.958719264532619242e+00, 1.062172554174002492e+01, 6.565282423177200011e-01, -5.353054703630132360e-01, -6.274438460377648186e-01, -3.612632689621727566e-01, 4.350300265125797150e-01, -3.234228370739423708e-01, 1.065332836695114915e+00, -4.937889608178155920e-02, -2.253250082728715416e-03, 2.109568549395431439e-02, 7.688796821871207721e-02, -2.786313797449401289e-02, 1.082685923931094030e-01, 6.595401865754091375e-02
1403638186245096960, -3.977936125688443791e+00, 1.068062758863259276e+01, 6.561202854154792874e-01, -5.346130073359883772e-01, -6.284570494392958118e-01, -3.620557600925143893e-01, 4.337583382265483012e-01, -3.240401344308487253e-01, 1.069390408953117433e+00, -2.171749714642578002e-02, -2.252202137880865169e-03, 2.109927735816368582e-02, 7.689161477325315297e-02, -2.816773261160588834e-02, 1.088904326774343401e-01, 6.520291670150574204e-02
1403638186295097088, -3.993181653510490925e+00, 1.073221863064213366e+01, 6.577998416356140021e-01, -5.330822757262740907e-01, -6.297520831826413090e-01, -3.637356986222333166e-01, 4.323562681185694201e-01, -3.202954723995717345e-01, 1.070570750856379316e+00, 1.281562101113378933e-02, -2.260925788215237438e-03, 2.110103929354796223e-02, 7.689392741245960894e-02, -2.818209443947343462e-02, 1.086636677790413646e-01, 6.524519176680418364e-02
1403638186345096960, -4.006120802133965597e+00, 1.079237573081034185e+01, 6.640348503328181717e-01, -5.322568177902615716e-01, -6.308008070827720859e-01, -3.649951456118206150e-01, 4.307801822035382533e-01, -3.176323325517804719e-01, 1.084164463002655676e+00, 6.303629546569479436e-02, -2.261933301939680549e-03, 2.110665011218541137e-02, 7.689221009103758275e-02, -2.854341268541714383e-02, 1.082366934080800230e-01, 6.446929343274174218e-02
1403638186395097088, -4.020816666332939882e+00, 1.084352815717976348e+01, 6.696797841665028672e-01, -5.321545133852617626e-01, -6.312306308183310843e-01, -3.653269905094050918e-01, 4.299949471862758998e-01, -3.212721322666425294e-01, 1.072718915924584460e+00, 8.905635235513212344e-02, -2.271643713256413840e-03, 2.110912238065453320e-02, 7.689083189770622162e-02, -2.861497322956782843e-02, 1.078453280301121531e-01, 6.438418935164146040e-02
1403638186445096960, -4.034374492162447368e+00, 1.089256639673705784e+01, 6.698211178480666383e-01, -5.317239304678240686e-01, -6.310491851016901688e-01, -3.659771869246973286e-01, 4.302409631834546722e-01, -3.105867368159481723e-01, 1.045343012397024207e+00, 8.988767158677436753e-02, -2.279585346815971979e-03, 2.110120758950735642e-02, 7.688792703325739164e-02, -2.828224042049783463e-02, 1.076310547313600319e-01, 6.511796521556748041e-02
1403638186495097088, -4.050059700246547045e+00, 1.094500908882291945e+01, 6.757149717417133550e-01, -5.312447607961384710e-01, -6.304048486901476789e-01, -3.673934231365281744e-01, 4.305703235368524839e-01, -3.135201939906080981e-01, 1.040175280736183483e+00, 1.152292926713055637e-01, -2.280372523569957049e-03, 2.110126397617669708e-02, 7.688858536680437394e-02, -2.828309120248079581e-02, 1.076356955704683843e-01, 6.512263847876791079e-02
1403638186545096960, -4.065918145024483010e+00, 1.099680095556938575e+01, 6.815319437445758188e-01, -5.307926059018807097e-01, -6.312868055427464098e-01, -3.686855990460212729e-01, 4.287273116138065610e-01, -3.168055467226388866e-01, 1.036791795566294416e+00, 1.130067217122563694e-01, -2.281266795475639462e-03, 2.110102813477397060e-02, 7.688895192698752545e-02, -2.827894833398987909e-02, 1.076403350616226828e-01, 6.513933490311704655e-02
1403638186595097088, -4.082125617188189892e+00, 1.105011129330953601e+01, 6.872821987101594976e-01, -5.302060644743418205e-01, -6.317404782342144198e-01, -3.700722856260248439e-01, 4.275885882090004197e-01, -3.311031927813016251e-01, 1.035418998968220761e+00, 8.114548839774135547e-02, -2.289734624514482963e-03, 2.109716934688268819e-02, 7.689193639612330877e-02, -2.773657546392555018e-02, 1.080610779433103519e-01, 6.661829463217740221e-02
1403638186645096960, -4.098783287637283834e+00, 1.110254292986401126e+01, 6.912425942831793568e-01, -5.297397339350791157e-01, -6.326713070540369577e-01, -3.713100084711513649e-01, 4.257131770688823424e-01, -3.423975181841865112e-01, 1.046609978722639500e+00, 4.738430882113315451e-02, -2.291932230808802623e-03, 2.109756363215383249e-02, 7.689377784982519282e-02, -2.780270976947210593e-02, 1.080322584429754124e-01, 6.648378605276152042e-02
1403638186695097088, -4.116580093959417930e+00, 1.115413078371652666e+01, 6.951423976016452011e-01, -5.281380296956811327e-01, -6.335797524691353377e-01, -3.742140364326961843e-01, 4.238051129789042748e-01, -3.595952725287239748e-01, 1.044486420426801176e+00, 2.515442879311614865e-02, -2.297840791904628022e-03, 2.109605483198613921e-02, 7.689797513459925571e-02, -2.784978628333603656e-02, 1.081314404397725609e-01, 6.643569574595893645e-02
1403638186745096960, -4.133349411925077099e+00, 1.120501647491957797e+01, 6.987241979728393559e-01, -5.253089786025871843e-01, -6.353545494080706790e-01, -3.770291356746812150e-01, 4.221659678353725798e-01, -3.778832479621857532e-01, 1.046839877167680566e+00, -1.079207628256332804e-02, -2.294145675606930682e-03, 2.109762757140749845e-02, 7.689661212868020845e-02, -2.788565684006113696e-02, 1.077308256594810554e-01, 6.646881684793430611e-02
1403638186795097088, -4.152535216709229537e+00, 1.125252961245762862e+01, 7.013509659327997747e-01, -5.215953553367269624e-01, -6.379256531191813684e-01, -3.791998115414358383e-01, 4.209473236766795301e-01, -3.968015441911438845e-01, 1.043821221761146001e+00, -2.147065467022654314e-02, -2.286138526619616897e-03, 2.109971870492410861e-02, 7.689325411710000446e-02, -2.788348496089936707e-02, 1.073964593256511307e-01, 6.661166292803329114e-02
1403638186845096960, -4.171160106057460126e+00, 1.130745125834371656e+01, 7.052709003338620830e-01, -5.170799492453697077e-01, -6.411189009294937513e-01, -3.803843986159800572e-01, 4.205978961537053529e-01, -4.227215275833082209e-01, 1.042752060593991503e+00, -4.673561452598810895e-02, -2.295148726222757170e-03, 2.110360207145272129e-02, 7.689573857013078106e-02, -2.816116020875310266e-02, 1.069640923264413568e-01, 6.611563349645212251e-02
1403638186895097088, -4.191930437993939940e+00, 1.136231658928153188e+01, 7.040717813640046119e-01, -5.127168323078667989e-01, -6.456917195703537615e-01, -3.793343582837082062e-01, 4.198917691167022292e-01, -4.533059851076829405e-01, 1.042188446601898910e+00, -5.990767774426761227e-02, -2.299914597560363729e-03, 2.110860537103677673e-02, 7.689832667049832648e-02, -2.825885120254306021e-02, 1.067350417157927472e-01, 6.593518849013645100e-02
1403638186945096960, -4.216836226023583656e+00, 1.141583022272296866e+01, 7.027100339239680249e-01, -5.079743873924625897e-01, -6.496861627432670705e-01, -3.765703916660252948e-01, 4.219770749859261261e-01, -4.941789986458891004e-01, 1.036778550986718006e+00, -6.444075992551975829e-02, -2.301134978380717407e-03, 2.110945379711303901e-02, 7.689920711757881888e-02, -2.830235333055619237e-02, 1.069580970918302953e-01, 6.589384300825609775e-02
1403638186995097088, -4.240220167957283515e+00, 1.146385296546602639e+01, 7.017263400400713946e-01, -5.024792644085747106e-01, -6.547376887039477733e-01, -3.719703442573257246e-01, 4.248190330283200256e-01, -5.370817600482480358e-01, 1.030275691382418035e+00, -3.529069364145007159e-02, -2.304832726231596275e-03, 2.111180123790072985e-02, 7.689730534430906650e-02, -2.818017072830397707e-02, 1.066244878396452878e-01, 6.626715785861815589e-02
1403638187045096960, -4.266584160955920524e+00, 1.151127892666540120e+01, 6.992399361909227284e-01, -4.966827098996300371e-01, -6.579155518916469658e-01, -3.649948487580659262e-01, 4.327033309854989018e-01, -5.740754188930539126e-01, 1.026912642461450087e+00, -9.095689340269265790e-04, -2.314607374763046760e-03, 2.111076231910058443e-02, 7.689620245257727804e-02, -2.787490518294097330e-02, 1.064323367032938561e-01, 6.702125992570237556e-02
1403638187095097088, -4.297686248117600805e+00, 1.156256896741623130e+01, 6.993104852140862304e-01, -4.892442190548021430e-01, -6.615557761160373307e-01, -3.579708391702909887e-01, 4.414078924449379993e-01, -6.032694296801031086e-01, 1.029093729884497765e+00, 5.564928003684312119e-02, -2.315002630532577571e-03, 2.110710117007806585e-02, 7.689615135446573047e-02, -2.782294574894909889e-02, 1.068068006076815651e-01, 6.710216399774369955e-02
1403638187145096960, -4.329268542442153311e+00, 1.161263682986242962e+01, 6.995495270116793840e-01, -4.801779025918342936e-01, -6.648790702790466911e-01, -3.512722371674819044e-01, 4.516335009304889847e-01, -6.272670080345034149e-01, 1.012808152205428636e+00, 8.235988868989693734e-02, -2.318149474862412664e-03, 2.110255941372700048e-02, 7.689812006296986580e-02, -2.772771877416148334e-02, 1.069730468037417004e-01, 6.725766337792433991e-02
1403638187195097088, -4.361679330101825514e+00, 1.166581460630681377e+01, 7.043887794440615302e-01, -4.709967531469619884e-01, -6.686487328436956368e-01, -3.434919680986758816e-01, 4.616104401367435162e-01, -6.376019883592891624e-01, 9.867661897159868412e-01, 1.168023027906380934e-01, -2.326443244420624019e-03, 2.110097061676537503e-02, 7.690338650529796038e-02, -2.788340457626309332e-02, 1.071388181466095962e-01, 6.683724364512352856e-02
1403638187245096960, -4.379819115169699906e+00, 1.168681773786458855e+01, 7.144648639914693566e-01, -4.607388067767498319e-01, -6.721481281146528541e-01, -3.362351858114890346e-01, 4.721043800095680587e-01, -6.313990423650480688e-01, 9.577786173422003779e-01, 1.601655041199895879e-01, -2.326825288988627980e-03, 2.109979498973917067e-02, 7.690002844821970662e-02, -2.777024649566756098e-02, 1.057689218034819079e-01, 6.729073563547131875e-02
1403638187295097088, -4.407601750682379027e+00, 1.173874804215954804e+01, 7.252775716811736828e-01, -4.494107733847670372e-01, -6.759204196144876775e-01, -3.306450640540634089e-01, 4.814928709031578435e-01, -6.257014807867411488e-01, 9.401875958170734515e-01, 1.917068206546630738e-01, -2.324916712824757342e-03, 2.109904213880823762e-02, 7.689488712398508119e-02, -2.787263522181194011e-02, 1.050925346150705236e-01, 6.710657738240079218e-02
1403638187345096960, -4.438702312865085098e+00, 1.177898505957820241e+01, 7.370516754063016762e-01, -4.392183445831335797e-01, -6.798610781935775504e-01, -3.248618205795346658e-01, 4.892248538952905235e-01, -6.172345421893484785e-01, 9.048627621505933583e-01, 2.333678324758151068e-01, -2.328583384843211940e-03, 2.109767547053637698e-02, 7.689684923841040576e-02, -2.777129246143490715e-02, 1.049935198758268490e-01, 6.742910909682296727e-02
1403638187395097088, -4.469149630365267356e+00, 1.182902526224419759e+01, 7.478688407519078485e-01, -4.295027935575781997e-01, -6.825757211264095181e-01, -3.205088315367156659e-01, 4.968821028795138428e-01, -6.083598622467353279e-01, 8.817217730970248191e-01, 2.603174629811397245e-01, -2.331868128320642268e-03, 2.109908294126290607e-02, 7.689817911161886399e-02, -2.785732367074454305e-02, 1.050548496322227660e-01, 6.714025005447135652e-02
1403638187445096960, -4.497206423184498369e+00, 1.186742294375035911e+01, 7.589883218775269613e-01, -4.208182760821507218e-01, -6.855201435573421431e-01, -3.169846137607738590e-01, 5.024886724407833238e-01, -6.001284953077555828e-01, 8.511930051953506826e-01, 2.663585969791924524e-01, -2.326324088783074048e-03, 2.109909337426409473e-02, 7.689603886977741665e-02, -2.786439108608228937e-02, 1.062593413190878883e-01, 6.698114449238662393e-02
1403638187495097088, -4.528143573097898944e+00, 1.190641727877205369e+01, 7.722962329506993795e-01, -4.147790394343460196e-01, -6.886358659117655101e-01, -3.126061637772931112e-01, 5.059806112830002034e-01, -5.759339350412504555e-01, 8.113616335334861152e-01, 2.728722698543801783e-01, -2.311719297249666127e-03, 2.109921037825815068e-02, 7.689283174415058320e-02, -2.792104506305442824e-02, 1.063494390578518106e-01, 6.683646642806953531e-02
1403638187545096960, -4.554368556799229140e+00, 1.194387142018885228e+01, 7.876303882206352469e-01, -4.100770919705085116e-01, -6.924942445995995177e-01, -3.084760555184290487e-01, 5.070808840897398362e-01, -5.546032210486621095e-01, 7.729471453954650517e-01, 2.540071124967648308e-01, -2.310726592944798222e-03, 2.109961679465982912e-02, 7.689000552228278385e-02, -2.797621732563378844e-02, 1.058120728285979473e-01, 6.679994772472971909e-02
1403638187595097088, -4.579454307539717384e+00, 1.197189039049173687e+01, 8.033005080225189554e-01, -4.074687242300182310e-01, -6.968002974989971898e-01, -3.037856366955806187e-01, 5.061154721179061955e-01, -5.400024747442629947e-01, 7.424323924018343401e-01, 2.505599902913097643e-01, -2.308701473654119207e-03, 2.109744875841038786e-02, 7.688766284820210128e-02, -2.783676199611255855e-02, 1.052783661271010085e-01, 6.730789601237455178e-02
1403638187645096960, -4.602265294373881765e+00, 1.200475481226101593e+01, 8.174962481031926576e-01, -4.062750996202175169e-01, -7.009606842246798308e-01, -2.992359603629957121e-01, 5.040362116212353527e-01, -5.204318917231163244e-01, 7.134503448467006681e-01, 2.361647901327586230e-01, -2.304149161209869366e-03, 2.110015893999414235e-02, 7.688198265706049084e-02, -2.784354890128704768e-02, 1.043812005193986009e-01, 6.741566710059927747e-02
1403638187695097088, -4.629241696495641101e+00, 1.204460492715159425e+01, 8.278728807085551367e-01, -4.046380255921859237e-01, -7.043647316170222883e-01, -2.968174774874746125e-01, 5.020336424552743759e-01, -5.193521701123656742e-01, 7.020705803747019358e-01, 2.147738529473570968e-01, -2.312761626995448166e-03, 2.110610917789479749e-02, 7.688319925242859121e-02, -2.793443262948992062e-02, 1.045349545935439356e-01, 6.713421907761110696e-02
1403638187745096960, -4.655097718672771556e+00, 1.209059797517035406e+01, 8.322618059552681080e-01, -4.029177103961248396e-01, -7.070750776894968448e-01, -2.960196889435242618e-01, 5.000744913683515813e-01, -5.162124815230475505e-01, 6.943214959834682620e-01, 1.846966515693570787e-01, -2.316950811251177259e-03, 2.110900439287792182e-02, 7.688132340626760430e-02, -2.771325102556842015e-02, 1.061592616460075578e-01, 6.740329138635839379e-02
1403638187795097088, -4.678859800997911655e+00, 1.212547136859572916e+01, 8.415318568373275632e-01, -4.012468036788819914e-01, -7.091951120217100391e-01, -2.960548256483566676e-01, 4.983922509753900831e-01, -5.145633839971186507e-01, 6.813699061326653483e-01, 1.504451777138193502e-01, -2.324966945825130381e-03, 2.111135859718420854e-02, 7.688152326627666067e-02, -2.778280916598110939e-02, 1.056189218313359213e-01, 6.729563548245755256e-02
1403638187845096960, -4.702279285229819195e+00, 1.216382845208539898e+01, 8.486499722311700022e-01, -3.994035946308452933e-01, -7.100195375165101463e-01, -2.977003264729873311e-01, 4.977183345615041610e-01, -5.079175694619340042e-01, 6.633292170485821648e-01, 1.353438682215728772e-01, -2.323503750060494383e-03, 2.111340735644238326e-02, 7.687830427562571123e-02, -2.788404651366680267e-02, 1.051046173886124868e-01, 6.705837616374399346e-02
1403638187895097088, -4.727554626527433967e+00, 1.219426958964434426e+01, 8.554405105805239495e-01, -3.965688776563017215e-01, -7.115521071728305724e-01, -3.012849433031858926e-01, 4.956350542396311676e-01, -5.207800697752825725e-01, 6.320637869635713502e-01, 1.165050879622798602e-01, -2.321506481971399079e-03, 2.111333637443038244e-02, 7.687767560508478037e-02, -2.788406922046890793e-02, 1.049640119736256622e-01, 6.709513973675280962e-02
1403638187945096960, -4.748439099629745641e+00, 1.221387303641862943e+01, 8.655380502227933981e-01, -3.946069809587280375e-01, -7.110631199383160572e-01, -3.043236045261328293e-01, 4.960460802893700283e-01, -5.236062922335960046e-01, 6.021737008318754913e-01, 1.073490160289031214e-01, -2.318618391952962429e-03, 2.111365359100084854e-02, 7.687578494750939295e-02, -2.783195120856632107e-02, 1.036978238582116768e-01, 6.748162233788546072e-02
1403638187995097088, -4.768210982803307019e+00, 1.224365469594086875e+01, 8.701943522251209817e-01, -3.921375937128368516e-01, -7.101110704094177883e-01, -3.088116866637969360e-01, 4.965941174228284960e-01, -5.196090888220342707e-01, 5.716330930157349499e-01, 9.240286012190426779e-02, -2.326807994283174637e-03, 2.111298620454655009e-02, 7.687133754988599577e-02, -2.758947488125252159e-02, 1.051595048044546704e-01, 6.802100705656499713e-02
1403638188045096960, -4.791966169822297061e+00, 1.226453654166844487e+01, 8.752985255980856305e-01, -3.898730233300358172e-01, -7.090766216478608941e-01, -3.131497499719028688e-01, 4.971384157400115522e-01, -5.324734307457786864e-01, 5.278235932213032333e-01, 7.426028015683774908e-02, -2.332160590761011079e-03, 2.111228472033855816e-02, 7.687131457676528445e-02, -2.742012551235797208e-02, 1.047086363596781422e-01, 6.852377952507912595e-02
1403638188095097088, -4.817617184484857873e+00, 1.228261144413279737e+01, 8.797157335903662556e-01, -3.876223445332321882e-01, -7.083005880484299910e-01, -3.177286094107598657e-01, 4.970993117584386889e-01, -5.337732998699621367e-01, 4.846526154477232562e-01, 4.735977594964969895e-02, -2.331160186904854097e-03, 2.110864591551338959e-02, 7.687246793108490350e-02, -2.730454579035999224e-02, 1.047183153297819858e-01, 6.889718686844883977e-02
1403638188145096960, -4.846966666555337255e+00, 1.231040033036566506e+01, 8.814810025756532053e-01, -3.853148970097187709e-01, -7.075646610849237739e-01, -3.224758011857600803e-01, 4.968843307810872911e-01, -5.537602101897186602e-01, 4.445547441830529634e-01, 2.018113098627393256e-02, -2.333278021397753622e-03, 2.110758496417505445e-02, 7.687421034309407930e-02, -2.742682033099315062e-02, 1.051573604805389611e-01, 6.856306062980814520e-02
1403638188195097088, -4.873960476491048688e+00, 1.232536711101117355e+01, 8.848191524856644508e-01, -3.842833669661525064e-01, -7.052969642545748874e-01, -3.253292353449487861e-01, 4.990424578293004565e-01, -5.660644445313244288e-01, 3.948318552570516671e-01, -2.125703726234897360e-03, -2.333717054771090350e-03, 2.110636756863113264e-02, 7.687446202813284779e-02, -2.738375284195781675e-02, 1.050980433278218551e-01, 6.881487859432638965e-02
1403638188245096960, -4.904174320021760458e+00, 1.235096512137083558e+01, 8.868267504661575540e-01, -3.844691499857020855e-01, -7.011721767076950496e-01, -3.265538604331968409e-01, 5.038885070692133983e-01, -5.777606233919591050e-01, 3.516951547935739941e-01, -2.712930219786413924e-02, -2.340900356299201873e-03, 2.110827508732146182e-02, 7.687823400713146571e-02, -2.776814622395484822e-02, 1.049424165121770197e-01, 6.794599745352349063e-02
1403638188295097088, -4.935582892969409663e+00, 1.237681876970978045e+01, 8.887226552678993974e-01, -3.852200752360102065e-01, -6.947328184459521383e-01, -3.261852190217293668e-01, 5.124012173102761025e-01, -5.906132917866185883e-01, 3.067084040851006943e-01, -4.243320347671301895e-02, -2.335467241174566354e-03, 2.111096153294294078e-02, 7.687931011374161960e-02, -2.822398640653970420e-02, 1.047973255960609890e-01, 6.692394593012694626e-02
1403638188345096960, -4.964208846115576890e+00, 1.238907560067705482e+01, 8.857982360487631768e-01, -3.860448284445908707e-01, -6.879823015350643445e-01, -3.254209737306343331e-01, 5.212973557020103010e-01, -5.830372443657785286e-01, 2.557721189703534015e-01, -5.758759792903326430e-02, -2.338885657320198021e-03, 2.111181979229720049e-02, 7.687943465701341239e-02, -2.816446901279080761e-02, 1.047529856549537092e-01, 6.706538156191173272e-02
1403638188395097088, -4.999489431855412391e+00, 1.240825684184129862e+01, 8.791514987436944706e-01, -3.860805679980485183e-01, -6.815767261538432376e-01, -3.261678923239619832e-01, 5.291592079862711406e-01, -5.725666989008023622e-01, 1.998816457243678679e-01, -8.123326465625939352e-02, -2.338906537229388984e-03, 2.110780538973284007e-02, 7.688213643183403057e-02, -2.820569482484591370e-02, 1.060551064590630893e-01, 6.678458581557329687e-02
1403638188445096960, -5.031676623549591554e+00, 1.242207194978894691e+01, 8.763653373713454764e-01, -3.865924284523735155e-01, -6.761243807784246274e-01, -3.262604800869291499e-01, 5.356829427130705978e-01, -5.518820670834575504e-01, 1.324009421725208246e-01, -1.043638864859636611e-01, -2.332113542283359084e-03, 2.110564450516572502e-02, 7.688388776080379294e-02, -2.845049986550454019e-02, 1.065669163296091154e-01, 6.619433614356630413e-02
1403638188495097088, -5.069543837144120602e+00, 1.244545039901761463e+01, 8.685322461386310033e-01, -3.872985628057283303e-01, -6.715913736771891296e-01, -3.255858967158645201e-01, 5.412565693926773003e-01, -5.310393118455074557e-01, 8.146993078142977796e-02, -1.135184410426132856e-01, -2.328215954539814610e-03, 2.110137514719475499e-02, 7.688804182953611066e-02, -2.880950556886373304e-02, 1.081600095952358759e-01, 6.511736453375181755e-02
1403638188545096960, -5.099492517875979125e+00, 1.246655740374777466e+01, 8.657696044088724063e-01, -3.872711957577320008e-01, -6.675585713136156230e-01, -3.260220510201946031e-01, 5.459818651298655734e-01, -5.045187069392189638e-01, 1.874168095393744307e-02, -1.209490866492527600e-01, -2.333051484077704185e-03, 2.110307188593761596e-02, 7.689652081729704547e-02, -2.941122275673827002e-02, 1.080220073819418702e-01, 6.366847852792083262e-02
1403638188595097088, -5.126707222155229893e+00, 1.247474629080969599e+01, 8.622318076318028490e-01, -3.871898961762225144e-01, -6.662753705647673774e-01, -3.246243200465960821e-01, 5.484342856825357160e-01, -4.722113538665820842e-01, -5.839066997510886786e-02, -9.981223675166792098e-02, -2.336097144397039985e-03, 2.110348220484637577e-02, 7.690099081555493155e-02, -2.971555320230483827e-02, 1.080494668058376850e-01, 6.295817527575399419e-02
1403638188645096960, -5.188763267399195911e+00, 1.252191162393018864e+01, 8.565330693946826557e-01, -3.862399755154666270e-01, -6.682595864185530976e-01, -3.230959654403673942e-01, 5.475918220624492738e-01, -4.673080625087859263e-01, -1.009114074178032450e-01, -6.689453765675887342e-02, -2.331296318744341747e-03, 2.112357680781220062e-02, 7.691173818059925116e-02, -2.868818860310239083e-02, 1.060407107428990164e-01, 6.568394062345515871e-02
1403638188695097088, -5.225174072157086513e+00, 1.253963741743190319e+01, 8.533650551185822941e-01, -3.851101289044658316e-01, -6.711350805896297844e-01, -3.200215115079171890e-01, 5.466755202030952887e-01, -4.462604922685370346e-01, -1.628708671178933365e-01, -1.506476343799109836e-02, -2.327954836607368152e-03, 2.113192851716591200e-02, 7.691696201402842270e-02, -2.869655096402871572e-02, 1.048365697061663659e-01, 6.568955161516894237e-02
1403638188745096960, -5.244023883228074112e+00, 1.252835472704047781e+01, 8.522172863494159589e-01, -3.842036864556968578e-01, -6.753954038126097625e-01, -3.153158388077024754e-01, 5.447976666797035294e-01, -3.935061361717483996e-01, -2.496160802382371424e-01, 7.117411078206352555e-03, -2.326581352645383256e-03, 2.113231963512591377e-02, 7.691645165392346772e-02, -2.860540241006098022e-02, 1.044704780233520203e-01, 6.591260954543079476e-02
1403638188795097088, -5.261901296294432484e+00, 1.251987409950076113e+01, 8.543944560862730686e-01, -3.831633350252988124e-01, -6.808210177388314133e-01, -3.115198359526116789e-01, 5.409473101009103502e-01, -3.526112120281629791e-01, -3.055719669623367940e-01, 4.153957293554152302e-02, -2.321187244377071694e-03, 2.113367115387160960e-02, 7.691248268925113263e-02, -2.858485425142139047e-02, 1.041974500705882406e-01, 6.602677082075579518e-02
1403638188845096960, -5.285717104715441650e+00, 1.251645614867015155e+01, 8.621963387498460252e-01, -3.821514858852358421e-01, -6.851233591844815285e-01, -3.075796479017425811e-01, 5.384802547281731799e-01, -3.590545474567457540e-01, -3.164870432274688450e-01, 1.199006923055973561e-01, -2.322255428224155420e-03, 2.113250267225852061e-02, 7.691759421153611387e-02, -2.916391295025000038e-02, 1.045983277055760330e-01, 6.466203149824774343e-02
1403638188895097088, -5.306276345916141501e+00, 1.250434036985295627e+01, 8.718590999598024860e-01, -3.810226534621162231e-01, -6.885967085380603203e-01, -3.042653601486320358e-01, 5.367298213746476421e-01, -3.370264295569841417e-01, -3.565916632862423108e-01, 1.841729594258859071e-01, -2.320898271363166371e-03, 2.113162280347061564e-02, 7.691749996430684300e-02, -2.938790981696058624e-02, 1.049311470242946243e-01, 6.412405639668918023e-02
1403638188945096960, -5.322285402840856605e+00, 1.249001023568586888e+01, 8.820019035479929048e-01, -3.804919471908163597e-01, -6.917088125549575306e-01, -3.009425874845418902e-01, 5.349750982941736677e-01, -3.232925467799174779e-01, -3.774924923635576413e-01, 2.394622845729540705e-01, -2.317806101013662225e-03, 2.113182035223066732e-02, 7.691462942338558872e-02, -2.948089810299384800e-02, 1.045231570998467058e-01, 6.389328145064626652e-02
1403638188995097088, -5.339168440620224665e+00, 1.247052071407209439e+01, 8.942130603688149826e-01, -3.791188074780927897e-01, -6.947490095392705456e-01, -2.986056412662905224e-01, 5.333173675819482540e-01, -2.965775869413548871e-01, -4.407275401617905541e-01, 2.745351183466521738e-01, -2.318460872767665049e-03, 2.113183899527749932e-02, 7.691468447650984253e-02, -2.945276552021259056e-02, 1.048480850224790123e-01, 6.391193633452373069e-02
1403638189045096960, -5.359262347890142664e+00, 1.244820617893330272e+01, 9.058282415803325938e-01, -3.774760359150828859e-01, -6.971739627519748517e-01, -2.948007445750139288e-01, 5.334349341471371631e-01, -2.864154758477402973e-01, -4.839571520630231438e-01, 3.087520210252499009e-01, -2.314681460961306742e-03, 2.112844739959413715e-02, 7.691473871351066360e-02, -2.935030463761998526e-02, 1.061326505299067108e-01, 6.400250114940363166e-02
1403638189095097088, -5.371689679443480081e+00, 1.241676033693032188e+01, 9.185202085052825982e-01, -3.744415690128726770e-01, -6.992114910010902573e-01, -2.909514593294799112e-01, 5.350178039666124707e-01, -2.668852095766183763e-01, -5.222398923575576335e-01, 3.113079078578439018e-01, -2.312374309496584464e-03, 2.112572758947224225e-02, 7.691364942253475778e-02, -2.902194563977503888e-02, 1.063990151207700463e-01, 6.472833380307774220e-02
1403638189145096960, -5.382190716418662646e+00, 1.238211002268108629e+01, 9.319906752755438006e-01, -3.704089420835759983e-01, -7.019203184976559040e-01, -2.865723083716789632e-01, 5.366389793699325450e-01, -2.468178507530742194e-01, -5.633350573419958485e-01, 2.866927428514322029e-01, -2.314064746400489817e-03, 2.112605288844581972e-02, 7.691261776747997103e-02, -2.876700269079107350e-02, 1.065051163996952460e-01, 6.532725510090788001e-02
1403638189195097088, -5.388233667449306985e+00, 1.235057897041335195e+01, 9.481923786176843505e-01, -3.660647585743647126e-01, -7.048257612355145474e-01, -2.804678017319772176e-01, 5.390315862918442225e-01, -2.211891933595229176e-01, -6.008082857406434885e-01, 2.570304111924366364e-01, -2.314990118302766298e-03, 2.112959558620623041e-02, 7.691053936216905862e-02, -2.886276451199650331e-02, 1.053606339390391056e-01, 6.522230165218456666e-02
1403638189245096960, -5.399117427133762526e+00, 1.231605933562349620e+01, 9.644156139365601677e-01, -3.608668397489562807e-01, -7.088510703198133145e-01, -2.738480879258713419e-01, 5.406593278723679230e-01, -1.976064473009789269e-01, -6.268971405870480407e-01, 2.344821410623300073e-01, -2.319807391580348994e-03, 2.113085860888487891e-02, 7.691196678779652074e-02, -2.898090423995826684e-02, 1.054679994125235498e-01, 6.504154549970651844e-02
1403638189295097088, -5.407433395107137386e+00, 1.227520397608625302e+01, 9.721460264797607831e-01, -3.549519306811586006e-01, -7.137006437161438344e-01, -2.669214998943882367e-01, 5.416580387652435435e-01, -1.778952666571400609e-01, -6.576824548624566891e-01, 2.072709936979451051e-01, -2.317592690329951452e-03, 2.113541271137936439e-02, 7.691038923579443520e-02, -2.850275256204123225e-02, 1.040893135737312181e-01, 6.623983585726636591e-02
1403638189345096960, -5.416480586598421354e+00, 1.224088339308690898e+01, 9.801822710768979263e-01, -3.492716329221423055e-01, -7.199912919531517019e-01, -2.596744992736835234e-01, 5.405469640785096619e-01, -1.464962543170555687e-01, -6.771046506610676197e-01, 1.646952908985824804e-01, -2.317826601273924141e-03, 2.113443294240636289e-02, 7.691290922219343185e-02, -2.839136838269944521e-02, 1.044300074444940302e-01, 6.646512218207052680e-02
1403638189395097088, -5.420488827760085115e+00, 1.220133458421902439e+01, 9.839545694257725295e-01, -3.447465880159696350e-01, -7.280441742692331797e-01, -2.523378476999742492e-01, 5.361222630912864107e-01, -1.257807168608446879e-01, -6.966358487408346178e-01, 1.457704284706054232e-01, -2.326082237999136607e-03, 2.113510141022429539e-02, 7.691335116813434458e-02, -2.847543466641380694e-02, 1.050921544542166020e-01, 6.600934677410823237e-02
1403638189445096960, -5.427706414711477301e+00, 1.216681364064750248e+01, 9.907204569721076437e-01, -3.408105815514817505e-01, -7.359671656674031670e-01, -2.451091729485052884e-01, 5.311515526650842922e-01, -1.123500782166556161e-01, -7.030295386252713996e-01, 1.643722087974081036e-01, -2.327714169962791495e-03, 2.113413680193440558e-02, 7.691467568433896229e-02, -2.845098438654364639e-02, 1.054089414726299273e-01, 6.601593281713170891e-02
1403638189495097088, -5.433228951523292771e+00, 1.213098850011447993e+01, 9.989232303749946418e-01, -3.373226285833201277e-01, -7.429130172413538347e-01, -2.388825090290689901e-01, 5.265252509984342799e-01, -1.009770571888382457e-01, -7.120665854164173192e-01, 1.963826138089208584e-01, -2.332982813387557766e-03, 2.113503755574211093e-02, 7.691563427685818577e-02, -2.837652544987126144e-02, 1.055634115296840425e-01, 6.616523084930053811e-02
1403638189545096960, -5.446961253633172184e+00, 1.209445011787760826e+01, 1.006474110090772589e+00, -3.346231128861730242e-01, -7.481883840300113109e-01, -2.332202089519128663e-01, 5.233066485927289069e-01, -1.022757353188904345e-01, -7.052555001085222264e-01, 2.379117674202081700e-01, -2.331899392937083603e-03, 2.113354072330362460e-02, 7.692128752611999964e-02, -2.842915122137249992e-02, 1.056250414023259809e-01, 6.587310959518617726e-02
1403638189595097088, -5.460127087580842975e+00, 1.206504807479231545e+01, 1.018092402008396347e+00, -3.320361370175602400e-01, -7.518468177988254508e-01, -2.290948445215915952e-01, 5.215303620057641920e-01, -1.185044085582852291e-01, -6.833719589088864677e-01, 3.002742259988307461e-01, -2.339306029337254612e-03, 2.113158040604357774e-02, 7.692670786497306235e-02, -2.847269854322711027e-02, 1.071409088493678607e-01, 6.560444483844943275e-02
1403638189645096960, -5.471081265576903441e+00, 1.203140379295274798e+01, 1.031135404091385599e+00, -3.303492495361017856e-01, -7.550662965080457978e-01, -2.249009403211934544e-01, 5.197728621727005782e-01, -1.388135869754122398e-01, -6.626062742007925443e-01, 3.007370725179440152e-01, -2.339972270152557935e-03, 2.112905775068268932e-02, 7.692783096417984967e-02, -2.832155464189334976e-02, 1.083489358443861378e-01, 6.584916051693513739e-02
1403638189695097088, -5.477130098322412266e+00, 1.199512549438773590e+01, 1.043276791508154888e+00, -3.301544178310783506e-01, -7.583975819395172291e-01, -2.200155015614853604e-01, 5.171308801140800382e-01, -1.359050711661874966e-01, -6.497739206510549925e-01, 2.769495103052952434e-01, -2.342716614823577796e-03, 2.112926849081423267e-02, 7.692693034837266852e-02, -2.802433014660551946e-02, 1.085491906374210225e-01, 6.650956911616340284e-02
1403638189745096960, -5.483269087775769712e+00, 1.196078642017392646e+01, 1.054621538518387025e+00, -3.310805187448062625e-01, -7.613115128535359322e-01, -2.151021747120342720e-01, 5.143165610190710835e-01, -1.399301747336544055e-01, -6.272014062802866441e-01, 2.512487347930333903e-01, -2.342930071698038144e-03, 2.112946009595854935e-02, 7.692495536898209807e-02, -2.781175487756564965e-02, 1.085913379149299474e-01, 6.697650693383035148e-02
1403638189795097088, -5.486204028773109975e+00, 1.192733325916912257e+01, 1.067266718265995173e+00, -3.315871296483234310e-01, -7.636168416364332856e-01, -2.118389517961400126e-01, 5.119214325682185374e-01, -1.372098637357219986e-01, -6.021379868641991706e-01, 2.105481498873620350e-01, -2.339375399928456112e-03, 2.113002067613834953e-02, 7.692298323285370887e-02, -2.778512071576800038e-02, 1.078365061730959945e-01, 6.711093270390772192e-02
1403638189845096960, -5.496640231140314192e+00, 1.189898774011000882e+01, 1.076061952594626669e+00, -3.320777178051037004e-01, -7.663093999136635359e-01, -2.094178225676902594e-01, 5.085651074664111482e-01, -1.568726012046433582e-01, -5.722108774502839834e-01, 1.892837194968807479e-01, -2.344399216815088068e-03, 2.113003078346702840e-02, 7.692572509862999341e-02, -2.775478489372868243e-02, 1.084651672429569197e-01, 6.711226812841747380e-02
1403638189895097088, -5.501839186847899299e+00, 1.186894281423127850e+01, 1.084630713572428684e+00, -3.319112440806637476e-01, -7.689730843490901746e-01, -2.085399472480997385e-01, 5.050013980190878327e-01, -1.687851867832844965e-01, -5.413983006805958009e-01, 1.656564769284984695e-01, -2.344636849719663324e-03, 2.113068804758606520e-02, 7.692449279614915758e-02, -2.765496080099351037e-02, 1.081400318033026720e-01, 6.737948167819408918e-02
1403638189945096960, -5.489104242855710858e+00, 1.180269960127253093e+01, 1.088111148764498104e+00, -3.320993377121231882e-01, -7.704747858242546599e-01, -2.078702249337801566e-01, 5.028604218729265662e-01, -1.717771235004112995e-01, -5.408013595466621970e-01, 1.387509840640990533e-01, -2.333474387897639234e-03, 2.112201028412481751e-02, 7.691649014025613018e-02, -2.771976495113969222e-02, 1.063766013543328559e-01, 6.718837907058854142e-02
1403638189995097088, -5.489342711384474605e+00, 1.176513176474337463e+01, 1.092280292994335822e+00, -3.316720130339078088e-01, -7.702082991202386930e-01, -2.088477767020806009e-01, 5.031455633342523104e-01, -1.786680322649436825e-01, -5.102242084941738254e-01, 1.111911202362367290e-01, -2.334902046956957231e-03, 2.112340815701463023e-02, 7.691317565099550779e-02, -2.725605500227397046e-02, 1.059826625278744994e-01, 6.833589044383267530e-02
1403638190045096960, -5.496991241821072904e+00, 1.173691516338263696e+01, 1.096170284716159848e+00, -3.305092824195429713e-01, -7.680614569941254244e-01, -2.111237392776645350e-01, 5.062331273514178998e-01, -2.003868578121483224e-01, -4.846146334623416818e-01, 8.926729435720101580e-02, -2.338591200701858452e-03, 2.112403025407656038e-02, 7.691373752360586291e-02, -2.707838969386201777e-02, 1.060807398292957365e-01, 6.873355612964932027e-02
1403638190095097088, -5.507937884404606521e+00, 1.170335896814417431e+01, 1.100903819878882084e+00, -3.291532965427170776e-01, -7.649550434906103868e-01, -2.134097588520925959e-01, 5.108406440760487888e-01, -2.210821867812821917e-01, -4.624348361605410962e-01, 8.048053385146847205e-02, -2.336513314710900700e-03, 2.111328353663532303e-02, 7.692172568860770887e-02, -2.802546470032886428e-02, 1.074641949965794430e-01, 6.627796209323387477e-02
1403638190145096960, -5.525334552158120083e+00, 1.168435903552872901e+01, 1.102524891151877684e+00, -3.271366393124725547e-01, -7.612394918182163739e-01, -2.173197675462585077e-01, 5.160117963276855679e-01, -2.345722043502197762e-01, -4.388204644334545712e-01, 3.991224680564840060e-02, -2.342785461273891486e-03, 2.111237129274661298e-02, 7.692568368835007997e-02, -2.807205308955266695e-02, 1.085749012851603135e-01, 6.603414448867998832e-02
1403638190195097088, -5.541148836143688250e+00, 1.166585071247801864e+01, 1.104154300135754552e+00, -3.253266488091713926e-01, -7.575889381644048681e-01, -2.209948016645830460e-01, 5.209442100482117866e-01, -2.485623803185295910e-01, -4.236114962021913510e-01, 1.241631974648515699e-02, -2.344143427408294442e-03, 2.110932844388216725e-02, 7.692907143975447060e-02, -2.822479712466896898e-02, 1.090231923543956288e-01, 6.564552772034247530e-02
1403638190245096960, -5.555416170523572283e+00, 1.164473749649320133e+01, 1.102618873433111490e+00, -3.212747262300502116e-01, -7.537482508270679782e-01, -2.273729040397689527e-01, 5.262581943964995679e-01, -2.509755178620443061e-01, -4.258117655937572188e-01, 2.687231580152175643e-04, -2.344745460911018629e-03, 2.110856197952830013e-02, 7.693024152207372790e-02, -2.810493658393652117e-02, 1.095855605479810618e-01, 6.585061588226820417e-02
1403638190295097088, -5.571939464573196332e+00, 1.162641143015007472e+01, 1.099745184387454167e+00, -3.141029265222233802e-01, -7.517619191200748396e-01, -2.353217453384124636e-01, 5.299217344872355628e-01, -2.593166340039372852e-01, -4.310429321706844563e-01, -4.343642556007270422e-02, -2.347445944674463741e-03, 2.111087850874661387e-02, 7.693273969542717416e-02, -2.815958924761239462e-02, 1.101604502239103417e-01, 6.560919785836846763e-02
1403638190345096960, -5.587048770626647176e+00, 1.160941632072615270e+01, 1.095710322143128357e+00, -3.063195000635868248e-01, -7.507998162123495911e-01, -2.418707824752492075e-01, 5.328850949699258654e-01, -2.703607879045251683e-01, -4.474624712142452609e-01, -6.492465055867718826e-02, -2.345262404181667169e-03, 2.111146698222671550e-02, 7.693323103027098486e-02, -2.823335412898089411e-02, 1.102003239524271538e-01, 6.534615022869316725e-02
1403638190395097088, -5.597224695048981680e+00, 1.158199848663670295e+01, 1.090457205189193202e+00, -2.974054120084576036e-01, -7.503733259921696597e-01, -2.477764237003725889e-01, 5.358140875394956648e-01, -2.692220524513336821e-01, -4.791803059607897541e-01, -8.740897839837571959e-02, -2.343677708526534058e-03, 2.111223847864888634e-02, 7.693246539393365502e-02, -2.801264021409366478e-02, 1.102283760932225160e-01, 6.585988204913707789e-02
1403638190445096960, -5.616515862264115810e+00, 1.156420464330067688e+01, 1.083713529816905163e+00, -2.896558238709940891e-01, -7.516828518849042462e-01, -2.516488343367162539e-01, 5.364189203008827844e-01, -2.772875463580970479e-01, -5.053408550935064580e-01, -1.117629394637692231e-01, -2.343569304611162456e-03, 2.111369252296107016e-02, 7.693356995086741978e-02, -2.817868186791464349e-02, 1.107059723018124081e-01, 6.534483042355215821e-02
1403638190495097088, -5.629926126372449602e+00, 1.153693271125434450e+01, 1.079269313651470830e+00, -2.846067906882451259e-01, -7.529502139794954640e-01, -2.523878407775385635e-01, 5.369965807991904372e-01, -2.821034930083954340e-01, -5.519452127747497272e-01, -1.548439311574626998e-01, -2.341383094849013025e-03, 2.111210307228429672e-02, 7.693298501535847378e-02, -2.832285763955844429e-02, 1.104430669640274337e-01, 6.507536752037555716e-02
1403638190545096960, -5.642566690945161945e+00, 1.150933603016784623e+01, 1.071094935231874379e+00, -2.819736371244443984e-01, -7.543775697256115409e-01, -2.496208571550708188e-01, 5.376753462219184820e-01, -2.902860670116145791e-01, -5.909137134492792320e-01, -1.722278084439344548e-01, -2.336721358284610250e-03, 2.111387526554232841e-02, 7.693184996435209477e-02, -2.834002051553708226e-02, 1.101821909123804899e-01, 6.503646708420433853e-02
1403638190595097088, -5.663047313116728709e+00, 1.148552402812872231e+01, 1.063292296603904674e+00, -2.800249767666914691e-01, -7.563382367545404827e-01, -2.464919250184767208e-01, 5.373827452668463733e-01, -3.039266393257412102e-01, -6.207508929323007907e-01, -1.800169945949884609e-01, -2.337658057185280219e-03, 2.111298558898101752e-02, 7.693353413722486822e-02, -2.856726282743457523e-02, 1.104269329454504872e-01, 6.446559639576711354e-02
1403638190645096960, -5.684931959921853739e+00, 1.145444939044293697e+01, 1.056289912243010498e+00, -2.785644927618706745e-01, -7.575543381925063935e-01, -2.434640011095649814e-01, 5.378090071965671015e-01, -3.141894823946480009e-01, -6.518306077721783831e-01, -1.766896986155971905e-01, -2.338739543015319177e-03, 2.112062620496513166e-02, 7.693672944678531245e-02, -2.830907105951674038e-02, 1.078043015906553770e-01, 6.531511213967436391e-02
1403638190695097088, -5.701722900553499507e+00, 1.142275985840251096e+01, 1.046180173180971229e+00, -2.782250594927049292e-01, -7.583355039646925144e-01, -2.397953980367855398e-01, 5.385315652561843969e-01, -3.129988083260817899e-01, -6.874937522083069963e-01, -1.616257343925250334e-01, -2.338160544573369189e-03, 2.111970518717421960e-02, 7.693744356699545872e-02, -2.824296078147087163e-02, 1.080054708618199133e-01, 6.542249452901673090e-02
1403638190745096960, -5.722171752487457574e+00, 1.139722902860547649e+01, 1.037024520577514153e+00, -2.768018258634658557e-01, -7.589232809829944415e-01, -2.373988990986261038e-01, 5.394978827460020776e-01, -3.165473197522465365e-01, -7.286721806638217780e-01, -1.280385208488525328e-01, -2.337309023441942919e-03, 2.112178836468989185e-02, 7.694076818283862584e-02, -2.836376275256694349e-02, 1.079062071261197298e-01, 6.503923613994805342e-02
1403638190795097088, -5.737493779701860142e+00, 1.135239289751207181e+01, 1.031430099565213698e+00, -2.786364890659143723e-01, -7.585322289082391256e-01, -2.315769200073768963e-01, 5.416296657204221487e-01, -3.043066931568206845e-01, -7.630583202174703317e-01, -1.505015239192827037e-01, -2.337462590102688722e-03, 2.111998760260034094e-02, 7.694222191013581902e-02, -2.829820863055435703e-02, 1.083743828814177218e-01, 6.525469187442915764e-02
1403638190845096960, -5.754149872075253747e+00, 1.130914860988102433e+01, 1.025382894308861870e+00, -2.809291237559228827e-01, -7.587247973371726850e-01, -2.255344694785783866e-01, 5.427243429296423338e-01, -3.154176729030157000e-01, -7.843130952398288391e-01, -8.755260342572238064e-02, -2.335518722676890955e-03, 2.111703147165263153e-02, 7.694201832583279221e-02, -2.817539473772854436e-02, 1.089185572570098987e-01, 6.555423253317718690e-02
1403638190895097088, -5.767388755887504104e+00, 1.126321409019852737e+01, 1.025195927318392153e+00, -2.827708896633099878e-01, -7.587402195474625133e-01, -2.204112223794920389e-01, 5.438499758658326133e-01, -3.109779203490081745e-01, -8.003844236533128598e-01, -4.465978927187790742e-02, -2.338207715762036579e-03, 2.111759639623693799e-02, 7.694257177907594392e-02, -2.814922034784465149e-02, 1.088510015326298874e-01, 6.573063125211255076e-02
1403638190945096960, -5.771645503634728946e+00, 1.120460634903010266e+01, 1.030772519450910751e+00, -2.830568044700712549e-01, -7.594376429810274498e-01, -2.180147525802515474e-01, 5.436937368813303806e-01, -2.779828789781775833e-01, -8.328045585046879307e-01, -6.595241078199485900e-03, -2.338507943581206745e-03, 2.111352250129476180e-02, 7.693760251454673238e-02, -2.799833965571249528e-02, 1.086073207051794776e-01, 6.635468240159542175e-02
1403638190995097088, -5.780286680041155201e+00, 1.115854582936201211e+01, 1.032529410243548273e+00, -2.839680719517844176e-01, -7.585790625623899386e-01, -2.151438120603668402e-01, 5.455575864068664682e-01, -2.604453799165791783e-01, -8.584952070015088310e-01, 3.158176881142234216e-02, -2.337858165928866951e-03, 2.111443227158837227e-02, 7.693801718275271317e-02, -2.799981555188710974e-02, 1.082256554671140875e-01, 6.640278524443220254e-02
1403638191045096960, -5.791230941599911475e+00, 1.110837475119922679e+01, 1.040660115096539995e+00, -2.834516514339615045e-01, -7.566460963320765787e-01, -2.146591520652735563e-01, 5.486923497183169296e-01, -2.392986373113698551e-01, -8.757527307191053101e-01, 6.967305093194307852e-02, -2.332331479615821438e-03, 2.111359380327339219e-02, 7.693811139992698389e-02, -2.877202061202590450e-02, 1.069306380597436629e-01, 6.461645002310832664e-02
1403638191095097088, -5.816614490620452216e+00, 1.107786896468571136e+01, 1.041761177869745092e+00, -2.831249216763639387e-01, -7.555720614555057058e-01, -2.143292958366460610e-01, 5.504671576214130724e-01, -2.287099004969310179e-01, -8.824269222071062790e-01, 1.006713836118731387e-01, -2.333229849844381532e-03, 2.111813070526551844e-02, 7.694175282949605732e-02, -2.919757494356028937e-02, 1.077000292955850036e-01, 6.337475751809563962e-02
1403638191145096960, -5.830112428951650827e+00, 1.103979028891769687e+01, 1.045441806748713898e+00, -2.835966042903799722e-01, -7.566991088274338528e-01, -2.133386063440642355e-01, 5.490592534307254802e-01, -2.212772157787862293e-01, -8.828243437528848769e-01, 1.094353265442831458e-01, -2.333174192769337744e-03, 2.111844149247616223e-02, 7.694466727325882660e-02, -2.924157369059618428e-02, 1.077845290839516967e-01, 6.323730928385679073e-02
1403638191195097088, -5.845397040761064034e+00, 1.100404068719505268e+01, 1.054790623013045270e+00, -2.845632450615556142e-01, -7.593259278580879457e-01, -2.116918461926837469e-01, 5.455588484279438877e-01, -2.124807924903845124e-01, -8.848749576776853143e-01, 1.433699017326316161e-01, -2.329449337057128665e-03, 2.111975916826263136e-02, 7.694673082513994733e-02, -2.964334278659597546e-02, 1.076217990393516372e-01, 6.230567563608715304e-02
1403638191245096960, -5.852649214547170686e+00, 1.096052235374946271e+01, 1.064977800593345236e+00, -2.861870167658809860e-01, -7.628242858976551632e-01, -2.097669956630084098e-01, 5.405496349179170767e-01, -2.008082198951253727e-01, -8.919621785449105555e-01, 1.772496874413130863e-01, -2.328053307512783533e-03, 2.112115706261045306e-02, 7.694390483674606873e-02, -2.976090942717467269e-02, 1.070558440179202181e-01, 6.208073161716932270e-02
1403638191295097088, -5.856310151093200744e+00, 1.090654339006316143e+01, 1.079085641375667759e+00, -2.886125711323311305e-01, -7.662172349456093379e-01, -2.066590514233402620e-01, 5.356360416565481009e-01, -1.861751274637724052e-01, -9.062441756692308781e-01, 1.936441240892149140e-01, -2.325659835105541463e-03, 2.111873136520878158e-02, 7.694240314673025938e-02, -2.969393791111182498e-02, 1.068138937254852761e-01, 6.241443271009429472e-02
1403638191345096960, -5.871687984413771488e+00, 1.086192765338426902e+01, 1.092493800250275315e+00, -2.887810163498927829e-01, -7.690006747565988343e-01, -2.065002399527348098e-01, 5.316024244858950087e-01, -1.955693236050146111e-01, -8.990715953962338247e-01, 2.198954657897188303e-01, -2.321185954315312019e-03, 2.112053782020027054e-02, 7.694177741207866572e-02, -2.992921862610183753e-02, 1.072350066565150861e-01, 6.185891245610528055e-02
1403638191395097088, -5.891751101859758144e+00, 1.082864379302803215e+01, 1.100173907796675454e+00, -2.894447675464231207e-01, -7.709207913545488289e-01, -2.065550945699238805e-01, 5.284296101700614035e-01, -1.977126458557365019e-01, -8.878408427111619261e-01, 1.834551351828898336e-01, -2.320770292603289032e-03, 2.112487241666285639e-02, 7.694352236567270076e-02, -3.022345736769110891e-02, 1.076925893459492051e-01, 6.100988299887890459e-02
1403638191445096960, -5.903554572762449659e+00, 1.078322994099993437e+01, 1.108373710523706146e+00, -2.901801401910950040e-01, -7.719629817961275453e-01, -2.062341078468453992e-01, 5.266271296996802853e-01, -2.136975312732771748e-01, -8.864334932876574147e-01, 1.598091026888344979e-01, -2.323160169508599760e-03, 2.112327700933212468e-02, 7.694542378191282506e-02, -3.024814148840442724e-02, 1.079044122011720980e-01, 6.092511558468666905e-02
1403638191495097088, -5.923997954848820413e+00, 1.075757258273749706e+01, 1.116877943005976093e+00, -2.914113630686914758e-01, -7.721898684443987415e-01, -2.054488911499061377e-01, 5.259210755156551453e-01, -2.316775673254767298e-01, -8.557347951407724418e-01, 1.382409363700273230e-01, -2.323941979281886859e-03, 2.113129228145977853e-02, 7.694328747163112214e-02, -3.077083126327038662e-02, 1.076299483137806573e-01, 5.960841622422151376e-02
1403638191545096960, -5.943180385490901330e+00, 1.072263425302348061e+01, 1.124387137849881313e+00, -2.914776161791512443e-01, -7.722601743965314958e-01, -2.063272152584851860e-01, 5.254370586009680100e-01, -2.456978562625310725e-01, -8.445924592856742796e-01, 1.054093865625881088e-01, -2.318637491230818738e-03, 2.113379804374187002e-02, 7.694520456194559044e-02, -3.110120879522964774e-02, 1.078777874263850967e-01, 5.877746215528451695e-02
1403638191595097088, -5.956561400362473613e+00, 1.068465896145742278e+01, 1.129233792095573063e+00, -2.909584229930457511e-01, -7.722861793538114972e-01, -2.077584124735259163e-01, 5.251225526626834839e-01, -2.559697172761001838e-01, -8.351050156401754743e-01, 6.748990213003451533e-02, -2.320180542032094367e-03, 2.113483006357520788e-02, 7.694733116762747516e-02, -3.124574932713831965e-02, 1.076828422898015447e-01, 5.842008999326544355e-02
1403638191645096960, -5.953432791163061566e+00, 1.067602924763378169e+01, 1.136790821934393625e+00, -2.909941552211830484e-01, -7.725799470947408709e-01, -2.086965364792532918e-01, 5.242979903029966193e-01, -2.621660218595296410e-01, -7.944998248411947461e-01, 4.538790064439340854e-02, -2.318666268586501173e-03, 2.116059304377979414e-02, 7.693764578942539900e-02, -2.977079441240138361e-02, 1.020643662209367725e-01, 6.258122092933875169e-02
1403638191695097088, -5.963248522961557718e+00, 1.062922390531531924e+01, 1.138377397902638810e+00, -2.893718916357760351e-01, -7.735451424742841864e-01, -2.114138298378552550e-01, 5.226815602629028001e-01, -2.734874767718348809e-01, -7.931402571648371591e-01, 1.120004196865713106e-02, -2.316751091811389360e-03, 2.115864628532765357e-02, 7.694425173015455310e-02, -2.966756748713653136e-02, 1.023685245827445078e-01, 6.284248843338319235e-02
1403638191745096960, -5.972490198224410740e+00, 1.058058201026471146e+01, 1.136562006110188427e+00, -2.875632260699407805e-01, -7.743188651056580607e-01, -2.144774068385584542e-01, 5.212841145762465711e-01, -2.891910437676872836e-01, -7.918429694300470612e-01, -1.409998950539223701e-02, -2.328804903829853699e-03, 2.115507005233119991e-02, 7.695254261931222528e-02, -2.938440492500815626e-02, 1.026242130462319962e-01, 6.353470904321613377e-02
1403638191795097088, -5.993301919065130434e+00, 1.054218365355588638e+01, 1.135336763493915102e+00, -2.856855193044386954e-01, -7.749478367516678956e-01, -2.173491492026480010e-01, 5.201912933859511590e-01, -3.173579622739763351e-01, -7.942999328718228780e-01, -4.099526928844613588e-02, -2.331688540708305550e-03, 2.115677140983843879e-02, 7.695817837554952412e-02, -2.954959157153528790e-02, 1.030093836574160898e-01, 6.309969599575560029e-02
1403638191845096960, -6.016851070778024280e+00, 1.050700223262760957e+01, 1.131331121925458483e+00, -2.848119155453868734e-01, -7.757745730922243066e-01, -2.190494321753964080e-01, 5.187227879808068431e-01, -3.424681031237678530e-01, -7.931429565549102945e-01, -6.095848731807090859e-02, -2.331600674974514727e-03, 2.115586440013590003e-02, 7.696278282807775262e-02, -2.969177019807871243e-02, 1.036967828937240266e-01, 6.267855957122352162e-02
1403638191895097088, -6.041842490123844556e+00, 1.048542762444787613e+01, 1.129955001226197853e+00, -2.847100952974580546e-01, -7.754776971186408963e-01, -2.197105992776712535e-01, 5.189429212084201160e-01, -3.675494817634292755e-01, -7.829316516907253165e-01, -7.616300253375696272e-02, -2.328950667446505821e-03, 2.116188319029867551e-02, 7.696228252192903463e-02, -2.990968193017383772e-02, 1.023576526692632216e-01, 6.222366663591494262e-02
1403638191945096960, -6.063236611778108909e+00, 1.044530873937458715e+01, 1.130108772878073653e+00, -2.851520486387774667e-01, -7.754273420958611718e-01, -2.194689633553738584e-01, 5.188777509307700431e-01, -3.923344855266228115e-01, -7.825075976894402263e-01, -6.593338000974148516e-02, -2.327166744986986467e-03, 2.116235607613839442e-02, 7.696468013519187912e-02, -3.010136821133748558e-02, 1.023694458020955045e-01, 6.184657690038374012e-02
1403638191995097088, -6.080493578051831882e+00, 1.039886834967025564e+01, 1.130848854140811266e+00, -2.852429116023753042e-01, -7.753705681741892564e-01, -2.190651849160962505e-01, 5.190832381685147601e-01, -4.079989044370286866e-01, -7.889545474260372115e-01, -4.315066082228186800e-02, -2.325463036479322870e-03, 2.116096543934809296e-02, 7.696560549868339263e-02, -3.008437087915529287e-02, 1.024994586714270961e-01, 6.199486065834723669e-02
1403638192045096960, -6.110453106093303610e+00, 1.036054291734929222e+01, 1.132015354807677010e+00, -2.842103471161986361e-01, -7.752692447796724062e-01, -2.204975501340018240e-01, 5.191944790497580176e-01, -4.403116913181591707e-01, -7.875326482596957112e-01, 8.708801814375366143e-03, -2.327052345484869039e-03, 2.116449360893979739e-02, 7.696997808862854340e-02, -3.038855627962008116e-02, 1.027037260341694264e-01, 6.126442129207281678e-02
1403638192095097088, -6.130183974426935301e+00, 1.032027174114897505e+01, 1.136981631501819523e+00, -2.842827478134349883e-01, -7.754396484150077873e-01, -2.205442449428744733e-01, 5.188804361162883128e-01, -4.644690115900340088e-01, -7.924468278942605748e-01, 4.224040630262564794e-02, -2.324006461663872484e-03, 2.116625222565582040e-02, 7.696805938031167638e-02, -3.052433501596348367e-02, 1.025554974075385956e-01, 6.102546704551461976e-02
1403638192145096960, -6.152803051732789186e+00, 1.028142766934795560e+01, 1.144035075421694581e+00, -2.850032465862284980e-01, -7.747441708585331988e-01, -2.191760828479039636e-01, 5.201023590251079298e-01, -5.028495160302570710e-01, -7.804942700606443129e-01, 1.054000610375780689e-01, -2.324144844189259505e-03, 2.116893098566757780e-02, 7.696374158685563571e-02, -3.069191268591568711e-02, 1.021049998241990303e-01, 6.069318365195463388e-02
1403638192195097088, -6.170897050641289461e+00, 1.024038045781363948e+01, 1.157171940801838383e+00, -2.856679425131621319e-01, -7.737280471192192755e-01, -2.182076933311717093e-01, 5.216551909954174615e-01, -5.152372092588738406e-01, -7.823974747175221900e-01, 1.619747883910165054e-01, -2.319031479663394985e-03, 2.117359620502022935e-02, 7.695452842238943714e-02, -3.031014428284068557e-02, 1.002720385958727617e-01, 6.195429918742523939e-02
1403638192245096960, -6.198955243194775200e+00, 1.020738016523075053e+01, 1.165521433492744841e+00, -2.855812450044171169e-01, -7.720846170524141572e-01, -2.178617481726473626e-01, 5.242756482003644303e-01, -5.451129638201851479e-01, -7.758887859898107031e-01, 2.281520093189314535e-01, -2.321529409630274272e-03, 2.117525549695672277e-02, 7.695473973463518025e-02, -3.041966289309661065e-02, 1.000234802498511377e-01, 6.163289227342762938e-02
1403638192295097088, -6.214282994748629108e+00, 1.015919028462261942e+01, 1.178738910063490408e+00, -2.861990742128869836e-01, -7.689619096030304579e-01, -2.168362772207318434e-01, 5.289326047620823701e-01, -5.530374034454593746e-01, -7.735737081919842328e-01, 2.623756150523289254e-01, -2.319290457548961720e-03, 2.117089392091280400e-02, 7.694979022567499660e-02, -2.995430287136723740e-02, 9.950904560059369020e-02, 6.289772185314375375e-02
1403638192345096960, -6.240144292526640157e+00, 1.011892200084447602e+01, 1.191144389427414074e+00, -2.858713652132932048e-01, -7.663352406106601622e-01, -2.165765360549185004e-01, 5.330126317262492419e-01, -5.684516075265205748e-01, -7.736090557175462346e-01, 3.094444705346133251e-01, -2.320639155854952850e-03, 2.116983599212362774e-02, 7.694826809440544202e-02, -2.972377306678427450e-02, 9.961871866892182958e-02, 6.342588026927314937e-02
1403638192395097088, -6.266167985354204717e+00, 1.007998354244487338e+01, 1.205594422655894560e+00, -2.859271050925778490e-01, -7.646010667188377630e-01, -2.163836593518198292e-01, 5.355455268334422536e-01, -5.703752788986383715e-01, -7.792930864601063101e-01, 3.272389780784025204e-01, -2.326466204866037453e-03, 2.116336333439787151e-02, 7.694788585645841172e-02, -2.987295986270356585e-02, 1.012699022844658486e-01, 6.292000817278031732e-02
1403638192445096960, -6.288971030196571554e+00, 1.003932619301288298e+01, 1.222680124460891138e+00, -2.859898572799726701e-01, -7.637204253347716909e-01, -2.159978430372899438e-01, 5.369225691500538744e-01, -5.602360600462030771e-01, -7.923575358466173890e-01, 3.651299992654549187e-01, -2.323505187892292451e-03, 2.116316783207255678e-02, 7.694533591428290298e-02, -2.965782675091906129e-02, 1.008750722580303016e-01, 6.349175926893563249e-02
1403638192495097088, -6.321093935769988903e+00, 9.987983939179617465e+00, 1.238567306611732644e+00, -2.859089328095476001e-01, -7.623544750106483470e-01, -2.157644841297800820e-01, 5.389966826977271586e-01, -5.609140285648578361e-01, -8.040136385336287272e-01, 4.035675051940860181e-01, -2.323970587688892631e-03, 2.115858131660706271e-02, 7.694487759896613543e-02, -2.931535797579762695e-02, 1.020215802162731111e-01, 6.423184402145880323e-02
1403638192545096960, -6.355559600499756989e+00, 9.947706992920254621e+00, 1.256895549236219933e+00, -2.853770419280060033e-01, -7.610167728178391933e-01, -2.165682760968808684e-01, 5.408434128458695644e-01, -5.588624291788937271e-01, -8.172294721911619320e-01, 4.249195586381269707e-01, -2.326996439443718839e-03, 2.115892158490034411e-02, 7.694639157868565782e-02, -2.937794105677395476e-02, 1.025775607522964178e-01, 6.397436544114960821e-02
1403638192595097088, -6.373967668689576094e+00, 9.892161612378931324e+00, 1.275818646810155554e+00, -2.845629829942965539e-01, -7.588441787799242721e-01, -2.176474167578599794e-01, 5.438832806952614840e-01, -5.545175358808579480e-01, -8.298954825395972179e-01, 4.280936895052652180e-01, -2.327807556791957038e-03, 2.115313265552120486e-02, 7.694661188856743994e-02, -2.936900316243299183e-02, 1.025902190724566065e-01, 6.392116369303837975e-02
1403638192645096960, -6.405343099310197630e+00, 9.851972495894880666e+00, 1.296272457866443295e+00, -2.830839947655853783e-01, -7.549986956300480667e-01, -2.199590811611894514e-01, 5.490522963427159064e-01, -5.480860518578484220e-01, -8.435633223926771729e-01, 4.151576150369748475e-01, -2.330365427546339952e-03, 2.115325315860279096e-02, 7.694672094356945491e-02, -2.940463587960278138e-02, 1.027480222540997634e-01, 6.377240998561478635e-02
1403638192695097088, -6.417336918213925934e+00, 9.824567677456970571e+00, 1.313724135080548194e+00, -2.836759656609925129e-01, -7.515774557389327537e-01, -2.192361945225208830e-01, 5.537100013026489131e-01, -5.157555095244465981e-01, -8.419029580342830554e-01, 3.805551689739877230e-01, -2.326217591746013950e-03, 2.115479226381672059e-02, 7.694336924903781572e-02, -2.937737044778895162e-02, 1.023875550387739197e-01, 6.372281084243099081e-02
1403638192745096960, -6.444683188134661123e+00, 9.777951625779397915e+00, 1.332031906413642330e+00, -2.828184313497816293e-01, -7.481826841821813678e-01, -2.207813298748193265e-01, 5.581146928342788360e-01, -4.967644341035204469e-01, -8.638313474659831126e-01, 3.522038893323556907e-01, -2.328084986503741773e-03, 2.115404130574135427e-02, 7.694381539979196216e-02, -2.928863696152069970e-02, 1.030570417277375111e-01, 6.391543862132192944e-02
1403638192795097088, -6.475639382943981559e+00, 9.735969080398842124e+00, 1.347742488541238570e+00, -2.830378841317716110e-01, -7.445065205999159552e-01, -2.202939273326224856e-01, 5.630898529637931027e-01, -4.750066140052011665e-01, -8.793820685110147473e-01, 3.167917447597783931e-01, -2.331811988020371720e-03, 2.115570669806614637e-02, 7.694544298337878396e-02, -2.951138955631409100e-02, 1.035505942880826508e-01, 6.325259904579838555e-02
1403638192845096960, -6.501331457550957538e+00, 9.689049761616752576e+00, 1.362478413939261612e+00, -2.833621581447543503e-01, -7.414148892930066959e-01, -2.196110626720744752e-01, 5.672572876730875846e-01, -4.500351952536180700e-01, -9.061883075453389669e-01, 3.023738336498140722e-01, -2.332352540358453939e-03, 2.115554457335488275e-02, 7.694584246431324104e-02, -2.948326127875406169e-02, 1.040862714238353776e-01, 6.327505375225686568e-02
1403638192895097088, -6.533381145721939731e+00, 9.645129550273464858e+00, 1.375108630064091342e+00, -2.843159581214209086e-01, -7.361449218548853368e-01, -2.177131368749095908e-01, 5.743309847264468360e-01, -4.253613458845697526e-01, -9.298262587738560514e-01, 2.896813721166529576e-01, -2.337963140605822318e-03, 2.115718141700309932e-02, 7.694977378361028686e-02, -2.970943979736808890e-02, 1.049560424013141480e-01, 6.255116000334041970e-02
1403638192945096960, -6.555453703452299941e+00, 9.599864631324807718e+00, 1.388380383540936513e+00, -2.861539294851432325e-01, -7.291716341336903495e-01, -2.140580328712252678e-01, 5.836127270530662159e-01, -3.831970066927956053e-01, -9.443232882670330453e-01, 2.702915473108821742e-01, -2.338907627434071157e-03, 2.115719150711387400e-02, 7.695202825223587673e-02, -2.972637585533046203e-02, 1.052094232756526637e-01, 6.246713064128537468e-02
1403638192995097088, -6.570026238953319719e+00, 9.551825030487018253e+00, 1.401177248888454185e+00, -2.874585465448988297e-01, -7.236029322377560691e-01, -2.106879149649026617e-01, 5.910811982823999111e-01, -3.198040338821221962e-01, -9.647038279053878895e-01, 2.507500131259413623e-01, -2.340728882524153402e-03, 2.115792938598149223e-02, 7.694857754649732373e-02, -2.961423555762564275e-02, 1.048496235104735830e-01, 6.277174088749920555e-02
1403638193045096960, -6.578124748545084444e+00, 9.496462694317447273e+00, 1.413734581513843125e+00, -2.881515923359284637e-01, -7.204671059122885746e-01, -2.057353999270350453e-01, 5.962958614224177500e-01, -2.457438926777541777e-01, -9.965855892697711438e-01, 2.580411705672858158e-01, -2.332540409593006347e-03, 2.115901371554365640e-02, 7.694820204486720050e-02, -2.933064299782749129e-02, 1.031289295532777234e-01, 6.359999883042659341e-02
1403638193095097088, -6.589625937850025927e+00, 9.444410880074302739e+00, 1.426972642176161044e+00, -2.866795994648564938e-01, -7.213607353997004701e-01, -2.021638526367975364e-01, 5.971459397511801326e-01, -1.758249276300367925e-01, -1.017038383673321444e+00, 2.700769474668934800e-01, -2.330780892271963525e-03, 2.115816839426798435e-02, 7.694903060240922132e-02, -2.935838993949028627e-02, 1.032477195818116145e-01, 6.352646043878290572e-02
1403638193145096960, -6.593422718962146156e+00, 9.393439094805616563e+00, 1.441939412351112448e+00, -2.837548050798502364e-01, -7.260127441541854854e-01, -1.989715075399620670e-01, 5.939688923732288073e-01, -1.046940394555432308e-01, -1.034837549386739441e+00, 3.028852891239198764e-01, -2.335488481566062348e-03, 2.115931967848682510e-02, 7.694702305349113147e-02, -2.934609885107645685e-02, 1.026432111150493431e-01, 6.361960454283580035e-02
1403638193195097088, -6.597071626223844909e+00, 9.337082347632714274e+00, 1.458400591179410455e+00, -2.803270940498258090e-01, -7.316123028839709441e-01, -1.969486537683777516e-01, 5.893822073911094694e-01, -4.433973182750285125e-02, -1.050278256364296947e+00, 3.508110869893764083e-01, -2.329302517961946879e-03, 2.115580104498754332e-02, 7.694695787982978874e-02, -2.938749197863021675e-02, 1.031945891184271186e-01, 6.349799340663672687e-02
1403638193245096960, -6.595421090311229584e+00, 9.283083591722563810e+00, 1.477372067609292294e+00, -2.763320983641865958e-01, -7.366748822202737745e-01, -1.958777969736469060e-01, 5.853055424068202006e-01, 2.153290261966667174e-02, -1.072558198558732467e+00, 3.948947368842150585e-01, -2.329968276978798807e-03, 2.115509899941264357e-02, 7.694683172023925044e-02, -2.929800781373258917e-02, 1.031598911017514442e-01, 6.375152946393192188e-02
1403638193295097088, -6.583792754141835957e+00, 9.234535603451558217e+00, 1.498392454279995789e+00, -2.728786550830293312e-01, -7.409892255955756735e-01, -1.945103741351180693e-01, 5.819260447042757800e-01, 1.041097089555170913e-01, -1.090883873644879598e+00, 4.508794042628529453e-01, -2.331422220685402773e-03, 2.115923276905914974e-02, 7.694174657409894036e-02, -2.913380767218992640e-02, 1.018879023260900185e-01, 6.422381179415269370e-02
1403638193345096960, -6.587386868456150957e+00, 9.168904546660437305e+00, 1.520325686719519842e+00, -2.684230874462949501e-01, -7.452624072724174376e-01, -1.958108104051044518e-01, 5.780926543044949684e-01, 1.327510087495167024e-01, -1.104048599921456431e+00, 5.068491213389827443e-01, -2.328127899686656052e-03, 2.115635620477395590e-02, 7.694291945300801849e-02, -2.901575352282222825e-02, 1.036297870030578328e-01, 6.438194894987674111e-02
1403638193395097088, -6.587899729634225210e+00, 9.107456519157182129e+00, 1.547399617191722809e+00, -2.637769863165747575e-01, -7.475222816908441148e-01, -1.973503739845976213e-01, 5.767884965510317041e-01, 1.629235809243486377e-01, -1.114896740038129774e+00, 5.390069243902232410e-01, -2.330500969400777205e-03, 2.115561238006392550e-02, 7.694452319628675152e-02, -2.916104624777386689e-02, 1.047684463982215819e-01, 6.398898287660048645e-02
1403638193445096960, -6.582554119452930230e+00, 9.040929499792294877e+00, 1.573832482167000446e+00, -2.600221888629726252e-01, -7.489965855136542228e-01, -1.990014698196137521e-01, 5.760130130452170150e-01, 1.864170780679466066e-01, -1.128023925047587195e+00, 5.390778736416766970e-01, -2.337581313312619806e-03, 2.115512954537214149e-02, 7.694308314901104895e-02, -2.893238239957268004e-02, 1.057745039440076418e-01, 6.452820322068193726e-02
1403638193495097088, -6.574892106452766782e+00, 8.993184366051343304e+00, 1.597805543893891844e+00, -2.573855157177659114e-01, -7.491255040096493900e-01, -1.992060463102739987e-01, 5.769580805001499613e-01, 2.166871926498047662e-01, -1.138549644652535164e+00, 5.184599807661494086e-01, -2.332239534506896916e-03, 2.115587722570578741e-02, 7.694161610831527776e-02, -2.903567681612109416e-02, 1.053524818150520515e-01, 6.416679026688665299e-02
1403638193545096960, -6.561220145342638865e+00, 8.945946379099824597e+00, 1.621616112515799957e+00, -2.553252500636947198e-01, -7.495300877637087744e-01, -1.991533725521767162e-01, 5.773660870002090828e-01, 2.538179465804790147e-01, -1.149246731865548155e+00, 4.692254426010352697e-01, -2.332265235294078091e-03, 2.115805066843342089e-02, 7.694168303675059939e-02, -2.915988857601563636e-02, 1.044256937670125646e-01, 6.383124316335574144e-02
1403638193595097088, -6.548649216590885835e+00, 8.886079255463281257e+00, 1.644299630226120357e+00, -2.545835952713129124e-01, -7.511898012096975830e-01, -1.981076114655224152e-01, 5.758944780571290112e-01, 2.755819688669173817e-01, -1.171630559527702564e+00, 4.348602201984466675e-01, -2.330311541175248118e-03, 2.115673323491976468e-02, 7.694307097862054801e-02, -2.914691603815067894e-02, 1.045410239707587202e-01, 6.385964465597858408e-02
1403638193645096960, -6.531812531140308131e+00, 8.805168819097922039e+00, 1.665122743860093069e+00, -2.544049277488089067e-01, -7.544044225858190789e-01, -1.968308077262042322e-01, 5.721972850773853203e-01, 3.050940515892393012e-01, -1.209080001252109238e+00, 3.942866032171574164e-01, -2.327231191492796364e-03, 2.115109743810771742e-02, 7.694604165759759418e-02, -2.907395298570406364e-02, 1.045171368993115524e-01, 6.407591310702769050e-02
1403638193695097088, -6.516910325133846271e+00, 8.739978070470305838e+00, 1.682606457375989129e+00, -2.553901765946056113e-01, -7.587725480332255801e-01, -1.944215979727332566e-01, 5.667806633009558892e-01, 3.295337853686609586e-01, -1.221658111934962099e+00, 3.542992620969482864e-01, -2.328454911625039980e-03, 2.115075517171378580e-02, 7.694508012620118742e-02, -2.888159567409472744e-02, 1.049751637811847521e-01, 6.451521200210914853e-02
1403638193745096960, -6.501273785386412207e+00, 8.673737215651925681e+00, 1.698666707508272644e+00, -2.573908231892046428e-01, -7.626246725471422794e-01, -1.905024340414635253e-01, 5.620163659401972156e-01, 3.481112136946165059e-01, -1.236427328777355061e+00, 3.223651352826878980e-01, -2.324429816926958190e-03, 2.115028408506590754e-02, 7.694135229852923363e-02, -2.873524842222949238e-02, 1.054011365341805812e-01, 6.485292344699583600e-02
1403638193795097088, -6.492327934610296225e+00, 8.604276849192457277e+00, 1.714904870991512453e+00, -2.584638281333757059e-01, -7.660234374355979758e-01, -1.885669013663943405e-01, 5.575366055740806903e-01, 3.608794615072969392e-01, -1.244111704888513525e+00, 2.919107375629713674e-01, -2.325943130323692831e-03, 2.114805031068084373e-02, 7.694395300124839965e-02, -2.887776531462150215e-02, 1.064076037850387318e-01, 6.447961820709849357e-02
1403638193845096960, -6.462329204455096843e+00, 8.546533191406480157e+00, 1.726898638508968187e+00, -2.589450331573023845e-01, -7.683216155532344160e-01, -1.879618076635033996e-01, 5.543462128820757506e-01, 3.817585230562347554e-01, -1.241386084616638019e+00, 2.610167661018757967e-01, -2.325582884333818063e-03, 2.114963776473115925e-02, 7.693856696089761138e-02, -2.851487947026403597e-02, 1.053931885186814160e-01, 6.539769616949918374e-02
1403638193895097088, -6.437690968116212886e+00, 8.478065706068282026e+00, 1.738088657829657269e+00, -2.599460458528733975e-01, -7.701284714586054125e-01, -1.867927943390844114e-01, 5.517595877529312132e-01, 3.925735086995565948e-01, -1.247031751008891520e+00, 2.444145923511481799e-01, -2.325761843637392991e-03, 2.114692816301538478e-02, 7.694121251004995554e-02, -2.812385068464157145e-02, 1.057319476619755644e-01, 6.635071347832638411e-02
1403638193945096960, -6.411396535569030775e+00, 8.417640106085306329e+00, 1.748467340702027029e+00, -2.603266215835418063e-01, -7.718872141219148553e-01, -1.865413339933904846e-01, 5.492017020020742990e-01, 3.984043690803625304e-01, -1.242005438097212089e+00, 2.146932221091457094e-01, -2.329297309837493907e-03, 2.114636956457261255e-02, 7.694176795288394655e-02, -2.793287862665644675e-02, 1.052425966720078182e-01, 6.683593790813728563e-02
1403638193995097088, -6.394649771765255508e+00, 8.350792059194965589e+00, 1.758850704967923173e+00, -2.615319997781380690e-01, -7.723493366267610849e-01, -1.850122240417754471e-01, 5.484961187277134220e-01, 3.848730710920802989e-01, -1.242532086684206449e+00, 1.906294103656288041e-01, -2.329243136109650832e-03, 2.114469320912701344e-02, 7.694393851640676796e-02, -2.792456619026994699e-02, 1.057858036085054104e-01, 6.684826516880626457e-02
1403638194045096960, -6.369153961508798645e+00, 8.292501182829099093e+00, 1.766425820892741916e+00, -2.615008748463536481e-01, -7.724212430284900233e-01, -1.853461679077743895e-01, 5.482969212158841366e-01, 3.942799715945229377e-01, -1.224086533399729726e+00, 1.753306896500077816e-01, -2.327027008422920956e-03, 2.114487312546309630e-02, 7.694105108259169379e-02, -2.777006411773734473e-02, 1.052620405986575275e-01, 6.722792390594227452e-02
1403638194095097088, -6.337557536371198452e+00, 8.205612687163501562e+00, 1.775633039614359587e+00, -2.604655221729291759e-01, -7.700489377157750948e-01, -1.879032545232388052e-01, 5.512483217403610913e-01, 4.001690431183185237e-01, -1.241479370812540894e+00, 1.462445799357995624e-01, -2.320682189085425395e-03, 2.113114502461510211e-02, 7.694252953682101381e-02, -2.873273350444802143e-02, 1.054849846679941777e-01, 6.474678640339745495e-02
1403638194145096960, -6.306197644391638768e+00, 8.141363744110977407e+00, 1.781168430520743140e+00, -2.602244066629662012e-01, -7.673378821420645535e-01, -1.891204369461626789e-01, 5.547155064859199403e-01, 4.067333691355379255e-01, -1.239179050115359892e+00, 1.169491214536382689e-01, -2.305456222325505660e-03, 2.113190828183772463e-02, 7.693351691426913996e-02, -2.834331816021849054e-02, 1.050852863072912202e-01, 6.575010439111629579e-02
1403638194195097088, -6.282775519717975321e+00, 8.074878977550811854e+00, 1.785798298206440426e+00, -2.593332190436537510e-01, -7.646829363897302834e-01, -1.911786732529234256e-01, 5.580833299679252013e-01, 4.252211203261087591e-01, -1.239091503454829768e+00, 9.401865334240593064e-02, -2.307883833288189041e-03, 2.113217507811143703e-02, 7.693401313641616557e-02, -2.817974988070806597e-02, 1.051959666995914977e-01, 6.615992546532384333e-02
1403638194245096960, -6.275910914894477166e+00, 8.012244104264034661e+00, 1.787945636137234784e+00, -2.590817958673866106e-01, -7.621802580885167488e-01, -1.922976244408329538e-01, 5.612303456377464306e-01, 4.244096999272713999e-01, -1.252547876084792344e+00, 5.483276795295639189e-02, -2.303878494770452562e-03, 2.113276081006750656e-02, 7.693693030740522687e-02, -2.844144334253538575e-02, 1.059266357149247634e-01, 6.538095555986141172e-02
1403638194295097088, -6.258034351058200606e+00, 7.951085077970520665e+00, 1.788741839885919616e+00, -2.588905066257028431e-01, -7.615670728115719879e-01, -1.927350740837308063e-01, 5.620004363043141771e-01, 4.357175398676836897e-01, -1.259843835301092785e+00, 2.209202539902069273e-02, -2.311961470800328374e-03, 2.113391876215350504e-02, 7.694381801133103049e-02, -2.849611560464420171e-02, 1.060563344854766610e-01, 6.519086266417117859e-02
1403638194345096960, -6.237153687262963153e+00, 7.881782978451139954e+00, 1.790522216940080735e+00, -2.603045176409680139e-01, -7.632418685070894160e-01, -1.910888326931657055e-01, 5.596324385464740425e-01, 4.507290210620842896e-01, -1.255261499437315020e+00, 1.072419903268142030e-02, -2.318405565573771789e-03, 2.113183722282077973e-02, 7.694483193722717607e-02, -2.841691559799741640e-02, 1.064935947119711040e-01, 6.541632917103212819e-02
1403638194395097088, -6.208645343747232204e+00, 7.814073010987110379e+00, 1.792683178768646801e+00, -2.615843779057203111e-01, -7.650865249704495996e-01, -1.898261382838316857e-01, 5.569400863365524534e-01, 4.666941149065841343e-01, -1.272623076378190277e+00, 5.831517287034912456e-02, -2.326596415206550784e-03, 2.113172909262736252e-02, 7.694384877761829833e-02, -2.822560950362589319e-02, 1.062661181085312878e-01, 6.593521527664766846e-02
1403638194445096960, -6.175124295050514966e+00, 7.752702130727589847e+00, 1.797422056152649716e+00, -2.632942792190028913e-01, -7.668653554303568320e-01, -1.880034851168372878e-01, 5.542998635712816924e-01, 4.874172348862411130e-01, -1.268084594923009290e+00, 7.422966385799760480e-02, -2.323106789913429501e-03, 2.113223740200053866e-02, 7.693770104475333715e-02, -2.812617076992807164e-02, 1.055574154785201557e-01, 6.626989457131031436e-02
1403638194495097088, -6.146265997068631748e+00, 7.681738045664860515e+00, 1.801001071927834429e+00, -2.647738721213780955e-01, -7.685516462056549702e-01, -1.864893651492448012e-01, 5.517652403356537727e-01, 4.927795425638529236e-01, -1.264885040770103997e+00, 1.222687012310419569e-01, -2.336392887471983558e-03, 2.112279025967851373e-02, 7.694893336877427215e-02, -2.881658752865524920e-02, 1.060088060223404738e-01, 6.441148122334990067e-02
1403638194545096960, -6.113222038450881968e+00, 7.625261877153262091e+00, 1.806993343752460346e+00, -2.651032686290525353e-01, -7.704907933064608638e-01, -1.867381506391689872e-01, 5.488105843440305165e-01, 5.183784834345472881e-01, -1.268781312635663294e+00, 1.470319776851188032e-01, -2.335421816122192247e-03, 2.112326636357701737e-02, 7.694541102007003419e-02, -2.869131240316764517e-02, 1.053504071181784324e-01, 6.474596940385428379e-02
1403638194595097088, -6.081513498024412101e+00, 7.566070858876162930e+00, 1.813877834636755004e+00, -2.662582202028765388e-01, -7.721476670388635055e-01, -1.857555846858902904e-01, 5.462503118707024985e-01, 5.335615920119216593e-01, -1.267927687628719990e+00, 1.531765366059185673e-01, -2.331669662375523543e-03, 2.112447241268302495e-02, 7.694300855923301430e-02, -2.863191923661356775e-02, 1.047687341311207554e-01, 6.490037600825737663e-02
1403638194645096960, -6.054201345208409357e+00, 7.503482559256736018e+00, 1.821930151152927335e+00, -2.671641148368567587e-01, -7.746283770745865382e-01, -1.850662171399965195e-01, 5.425170121274747181e-01, 5.163905471195197050e-01, -1.247146227924531336e+00, 1.763418277146105440e-01, -2.334053089887161078e-03, 2.112313658567934252e-02, 7.694477041827109398e-02, -2.861873930048315640e-02, 1.048009937436472638e-01, 6.492568860912745210e-02
1403638194695097088, -6.025230157161315603e+00, 7.445038088041251889e+00, 1.829645145380178306e+00, -2.684558494962926423e-01, -7.775470401240960339e-01, -1.839013238693066321e-01, 5.380821130130585273e-01, 5.097746651540578933e-01, -1.230979811505246602e+00, 1.626926292838771493e-01, -2.331907609707176490e-03, 2.112331011963620997e-02, 7.694313174401035127e-02, -2.857436562280668210e-02, 1.044689451021925258e-01, 6.503048182616194550e-02
1403638194745096960, -5.997643363623128110e+00, 7.380833910421765509e+00, 1.840212446612850217e+00, -2.693290986437186785e-01, -7.795255092922791507e-01, -1.835075694160988868e-01, 5.349082061002342625e-01, 4.996395428483010326e-01, -1.217596780140330015e+00, 1.541047656995014337e-01, -2.331896754796521261e-03, 2.112360980230312824e-02, 7.694159201965750094e-02, -2.857235813197043714e-02, 1.043056729257518106e-01, 6.511868984764776491e-02
1403638194795097088, -5.972049977005459809e+00, 7.314051894278673416e+00, 1.846945201538687353e+00, -2.696641697574729823e-01, -7.814788616146038924e-01, -1.836970201114165313e-01, 5.318152209186395307e-01, 4.901051673368221340e-01, -1.205903389816320503e+00, 1.315544452028110656e-01, -2.335686565186747676e-03, 2.112010044103026368e-02, 7.694492918859814623e-02, -2.836835796713933072e-02, 1.049704622898589429e-01, 6.562881339269273362e-02
1403638194845096960, -5.951071536617297042e+00, 7.253846376335837398e+00, 1.852148334097766247e+00, -2.706195215949001032e-01, -7.832126856399727055e-01, -1.831484145776166861e-01, 5.289608887451644481e-01, 4.719032975221942872e-01, -1.188779520135894829e+00, 9.861358605430714519e-02, -2.332702257063817147e-03, 2.111931921383021493e-02, 7.694818839584860459e-02, -2.842279588160100470e-02, 1.052068350226489646e-01, 6.546527900613743900e-02
1403638194895097088, -5.924886531898104991e+00, 7.198061761818352444e+00, 1.856467061556112963e+00, -2.706887231628920532e-01, -7.844267624959526675e-01, -1.840303677566511864e-01, 5.268159955581392939e-01, 4.579672864268796162e-01, -1.169744349466991240e+00, 6.289031838739392311e-02, -2.320711184151975828e-03, 2.111852409742441886e-02, 7.694303824207694709e-02, -2.839003187779680359e-02, 1.049175911384978566e-01, 6.555854622830445400e-02
1403638194945096960, -5.908902584853369611e+00, 7.146575042813477552e+00, 1.855698439468582928e+00, -2.704237136077669579e-01, -7.854221203864982792e-01, -1.846024286520113189e-01, 5.252666477722917060e-01, 4.305666061913643872e-01, -1.147442968992933299e+00, 3.692805490704980514e-02, -2.325108066461620705e-03, 2.111900571402437754e-02, 7.694725438804256301e-02, -2.850090932924545517e-02, 1.046298240749578556e-01, 6.517617230122624283e-02
1403638194995097088, -5.885939976748628233e+00, 7.099311961756835210e+00, 1.855218795146212019e+00, -2.710306958789919229e-01, -7.860332427968919067e-01, -1.840053859398960434e-01, 5.242481483559687794e-01, 4.238829778477550825e-01, -1.119721865679043526e+00, 1.117278127456024879e-03, -2.324155251925256321e-03, 2.112081705368907408e-02, 7.694729319400971101e-02, -2.856266744011738343e-02, 1.039143209544291652e-01, 6.500791111544479417e-02
1403638195045096960, -5.855927394336819525e+00, 7.042385695296633941e+00, 1.856790299173848302e+00, -2.710416353882054707e-01, -7.867189836779228118e-01, -1.843014993504497323e-01, 5.231086215539174633e-01, 3.963957801049833862e-01, -1.106546724462706743e+00, -2.663121309833466760e-02, -2.328559945217591708e-03, 2.111995552699278203e-02, 7.694655407799962099e-02, -2.842544595854313433e-02, 1.035167234201839342e-01, 6.545008163955753910e-02
1403638195095097088, -5.841000803478273440e+00, 7.001485241528010661e+00, 1.855147771915156341e+00, -2.710379270405656738e-01, -7.871195013118484907e-01, -1.839691643472261273e-01, 5.226247978516933568e-01, 3.774593375449727950e-01, -1.072772172938009971e+00, -5.475389641641447563e-02, -2.332752357770826422e-03, 2.111741960988329503e-02, 7.694486356315895226e-02, -2.862339131169554587e-02, 1.058003277029491429e-01, 6.482972820361722344e-02
1403638195145096960, -5.824088209953663053e+00, 6.959532403839919112e+00, 1.851076207150590625e+00, -2.712672760440589248e-01, -7.882882469163944306e-01, -1.838576174478475100e-01, 5.207802619411712186e-01, 3.513666181011027567e-01, -1.044163861361603107e+00, -8.006759188418186013e-02, -2.332710179302564107e-03, 2.111706714529063347e-02, 7.694755040858844430e-02, -2.870167370849488128e-02, 1.059118630422584417e-01, 6.459701310128794505e-02
1403638195195097088, -5.811515235540168689e+00, 6.909400868389893979e+00, 1.846756212026991140e+00, -2.732316130590238812e-01, -7.903163402108568381e-01, -1.813648887727053460e-01, 5.175435683508639029e-01, 3.241420491158847339e-01, -1.033139397486951605e+00, -1.159343064916920490e-01, -2.327573884503694127e-03, 2.111829645906327171e-02, 7.694554459779683053e-02, -2.887137134331405411e-02, 1.058169754627410475e-01, 6.416617154211655405e-02
1403638195245096960, -5.800118800904723315e+00, 6.857440477796146183e+00, 1.840120959523705357e+00, -2.749693393947917897e-01, -7.942362802301968783e-01, -1.788630666812518200e-01, 5.114573266033739518e-01, 2.932677420198818719e-01, -1.003653741582523962e+00, -1.386049802792217733e-01, -2.327341082329732139e-03, 2.111839080141475478e-02, 7.694424405431568581e-02, -2.893839253027169142e-02, 1.058692217403419122e-01, 6.399063905157399701e-02
1403638195295097088, -5.778414858231093909e+00, 6.814419789105807368e+00, 1.834540512697865999e+00, -2.771038039442668688e-01, -7.980865863776074320e-01, -1.757809829093764376e-01, 5.053437726252977269e-01, 2.621584673640441898e-01, -9.647124125550248230e-01, -1.528193585776251306e-01, -2.312589404669810125e-03, 2.112380032849509731e-02, 7.693761938035377501e-02, -2.868172948373530484e-02, 1.055288904234471942e-01, 6.472236146020682312e-02
1403638195345096960, -5.765460995577943670e+00, 6.778531755536912229e+00, 1.826994963424980467e+00, -2.784378726516190117e-01, -8.005671584127261875e-01, -1.739792251953971303e-01, 5.012941303712055152e-01, 2.167457225672624332e-01, -9.146930409968585529e-01, -1.598983262367391356e-01, -2.311033162514923925e-03, 2.112753357591222111e-02, 7.693607260910716172e-02, -2.892680388655550008e-02, 1.047943334683164446e-01, 6.411102406427021672e-02
1403638195395097088, -5.754876744861751270e+00, 6.746111239398685733e+00, 1.816608640616288017e+00, -2.780031339120900835e-01, -8.004748662627985123e-01, -1.743458415110781812e-01, 5.015553544369806271e-01, 1.688774395808184670e-01, -8.622461931552658498e-01, -1.561799845072211479e-01, -2.320232088891137703e-03, 2.112892118423907381e-02, 7.693952195713964215e-02, -2.896919248946158362e-02, 1.042654545967680313e-01, 6.393986301466715594e-02
1403638195445096960, -5.745466966663058450e+00, 6.698463937267622015e+00, 1.806530205743791750e+00, -2.773568044005687572e-01, -7.972603288585695669e-01, -1.757470841257015581e-01, 5.065196279536893220e-01, 1.257746845938097491e-01, -8.266593191647771954e-01, -1.443754967072731210e-01, -2.318767607143319351e-03, 2.112652246762593972e-02, 7.694204193245371415e-02, -2.865817922801186177e-02, 1.048293801500460448e-01, 6.467297989864020935e-02
1403638195495097088, -5.737022341379865331e+00, 6.642615152503545950e+00, 1.796054187642633915e+00, -2.754044607507975528e-01, -7.918893314813507667e-01, -1.784802094197241173e-01, 5.149839653135552808e-01, 1.014914976775154742e-01, -8.157042343503132509e-01, -1.730795147444622595e-01, -2.319461010192925155e-03, 2.112305769133234271e-02, 7.694120769993335884e-02, -2.817479125492629993e-02, 1.058251044668718360e-01, 6.584565210644849342e-02
1403638195545096960, -5.733361766230332890e+00, 6.603282640507627477e+00, 1.788104813941326698e+00, -2.744567694731349095e-01, -7.869459402246362645e-01, -1.799076579224327121e-01, 5.225158404060097350e-01, 8.032380900091845577e-02, -7.886504693389935206e-01, -1.880907122461200343e-01, -2.311169650952168541e-03, 2.112331411025772029e-02, 7.693681910346754360e-02, -2.830904463227423493e-02, 1.051885982799885821e-01, 6.555473618115335854e-02
1403638195595097088, -5.733750381663516471e+00, 6.584411083359973382e+00, 1.777862717441518470e+00, -2.722902828880829906e-01, -7.825504282335823403e-01, -1.831111862160145209e-01, 5.290965153908395724e-01, 5.437889949959841956e-02, -7.579420088637517372e-01, -2.192778291811173508e-01, -2.291502519622532017e-03, 2.112843238591588860e-02, 7.693313891448277930e-02, -2.869469019291473466e-02, 1.047275626301937684e-01, 6.453686851458818874e-02
1403638195645096960, -5.725993376880430752e+00, 6.550200720432398427e+00, 1.767794130349825910e+00, -2.715068674389744530e-01, -7.800826431121723470e-01, -1.839939441567661760e-01, 5.328239102764057433e-01, 4.979161099967983894e-02, -7.454049467359090686e-01, -2.286889975666495656e-01, -2.277210881831563064e-03, 2.112783226190734567e-02, 7.692704212779452599e-02, -2.870397874591954293e-02, 1.041025733543063797e-01, 6.456080377071803100e-02
1403638195695097088, -5.716551218207349905e+00, 6.502975873436325216e+00, 1.755641075275908181e+00, -2.709263632927023657e-01, -7.799363797901037731e-01, -1.844768368149436455e-01, 5.331664335192628501e-01, 4.364261215678540834e-02, -7.353705896810228682e-01, -2.101109551462752856e-01, -2.273631559885413555e-03, 2.112434876241867793e-02, 7.692662016294901650e-02, -2.837574818458655362e-02, 1.043611973312899566e-01, 6.539698577543992530e-02
1403638195745096960, -5.716658937159687426e+00, 6.476155348281038115e+00, 1.746095555084053341e+00, -2.715355704781176605e-01, -7.803465680451893149e-01, -1.834169261626084624e-01, 5.326217221464765172e-01, 3.276042169638010426e-02, -7.128861700584772088e-01, -1.799887236790518319e-01, -2.276615070875397627e-03, 2.112675640430147425e-02, 7.692537434436348687e-02, -2.854786988223575322e-02, 1.038224965057638477e-01, 6.497230174958429361e-02
1403638195795097088, -5.709931389473593910e+00, 6.441215299073006939e+00, 1.735500199281436284e+00, -2.719145596867965642e-01, -7.816747367052145901e-01, -1.823236348977838872e-01, 5.308532475033271858e-01, 2.002404915206152866e-02, -6.971914207350166093e-01, -1.520287395225069504e-01, -2.282733904102736151e-03, 2.112603220645071708e-02, 7.692430914257955554e-02, -2.837412523025097111e-02, 1.035287867127072797e-01, 6.538985121218962582e-02
1403638195845096960, -5.716247185609082848e+00, 6.439007370642533701e+00, 1.737533720053709096e+00, -2.727966556620596283e-01, -7.836387943335744177e-01, -1.809067482364956625e-01, 5.279819818114201979e-01, -3.678693303451461682e-03, -6.560370204613186207e-01, -1.095742337099184505e-01, -2.293702965661297780e-03, 2.113017810958603068e-02, 7.692049089567327969e-02, -2.875809007739861881e-02, 1.050197324970141288e-01, 6.450759303169323333e-02
1403638195895097088, -5.717844043244495467e+00, 6.426934924271100691e+00, 1.734864512590134522e+00, -2.728330257414460225e-01, -7.865457733193547130e-01, -1.802626057475325838e-01, 5.238447093436522373e-01, -1.962368769987475614e-02, -6.226685416559719632e-01, -8.063142849018579972e-02, -2.287776949748279633e-03, 2.113289266865964536e-02, 7.691737920610548784e-02, -2.922585915778576349e-02, 1.037609806218410674e-01, 6.337853791416549198e-02
1403638195945096960, -5.723386392056363015e+00, 6.414620689936100462e+00, 1.732262553389257942e+00, -2.737223591452312421e-01, -7.888875238084654962e-01, -1.786659241910960039e-01, 5.203950733973741194e-01, -5.320202791289039418e-02, -5.743013370500653636e-01, -5.524041526777477562e-02, -2.290521079478323018e-03, 2.113718014088239450e-02, 7.692001568402247191e-02, -2.961399747825557704e-02, 1.033623500372912590e-01, 6.237755329418315231e-02
1403638195995097088, -5.730440957000994651e+00, 6.384036250704099302e+00, 1.733150792264187112e+00, -2.742553602843132987e-01, -7.908619086219196292e-01, -1.778479038053199235e-01, 5.173891784317389275e-01, -9.306158403938299961e-02, -5.495869754470276147e-01, -5.411836791976107688e-03, -2.280372059765232821e-03, 2.113621018568050125e-02, 7.691892106416700625e-02, -2.976674126136156368e-02, 1.037121790190949217e-01, 6.203165795848775144e-02
1403638196045096960, -5.727875522153098586e+00, 6.347580926819904157e+00, 1.733317284828763016e+00, -2.743613130978793668e-01, -7.914464233788265357e-01, -1.773304560110713912e-01, 5.166162387759180019e-01, -1.176507841053698739e-01, -5.212474433934730644e-01, 4.131821114243826309e-02, -2.288548115151905864e-03, 2.113364433804142475e-02, 7.691836731773027402e-02, -2.942861966600066048e-02, 1.033313246130960206e-01, 6.293641374830374891e-02
1403638196095097088, -5.734016246026424568e+00, 6.327129975667124206e+00, 1.737086376283139000e+00, -2.738860206250062213e-01, -7.910317816917913358e-01, -1.778098911417181627e-01, 5.173381975766717655e-01, -1.636718943302273299e-01, -4.793664690828433050e-01, 9.420399542033569551e-02, -2.303877922040634130e-03, 2.113466384253127536e-02, 7.691981271754523564e-02, -2.952297370992933850e-02, 1.026858425242129086e-01, 6.271878966736883776e-02
1403638196145096960, -5.735185593103478752e+00, 6.279659967987585745e+00, 1.743242985397059464e+00, -2.729063885300892500e-01, -7.895199523616283077e-01, -1.792576338027387639e-01, 5.196605128791291772e-01, -1.965119184802446572e-01, -4.625854502053058925e-01, 1.567535502556332283e-01, -2.305246090665571349e-03, 2.113227576290083176e-02, 7.691951190825897788e-02, -2.906930329142805650e-02, 1.031895690296613100e-01, 6.388850287140263040e-02
1403638196195097088, -5.742766156159659907e+00, 6.251968104176181207e+00, 1.751453888453772256e+00, -2.715385266892120231e-01, -7.865921802297834997e-01, -1.805849650087663627e-01, 5.243363814743267071e-01, -2.074223923788338364e-01, -4.465185210517655934e-01, 1.915921967728292930e-01, -2.304653045729907965e-03, 2.113107076301404957e-02, 7.691972180550854521e-02, -2.889390055650634809e-02, 1.033292673972353304e-01, 6.434941550256818854e-02
1403638196245096960, -5.748979706543134505e+00, 6.223722217626797004e+00, 1.760086234567611152e+00, -2.703070884557567943e-01, -7.836454727270926179e-01, -1.823252409892399117e-01, 5.287639903615967141e-01, -2.053644990787369951e-01, -4.400980701477382184e-01, 2.004422919730865504e-01, -2.304628464802980364e-03, 2.112997331570714080e-02, 7.691620739978394239e-02, -2.868489114762676553e-02, 1.032235917700573269e-01, 6.487483457376291840e-02
1403638196295097088, -5.754740062967185210e+00, 6.190990625808790782e+00, 1.767129684226528052e+00, -2.694829397763260914e-01, -7.817030775057357550e-01, -1.831550120797413583e-01, 5.317645017652463668e-01, -2.181189515919025879e-01, -4.391733853269239596e-01, 1.903596218963771736e-01, -2.321274664900738107e-03, 2.112602775260622595e-02, 7.692270895970095002e-02, -2.834387720987707054e-02, 1.033601395869649248e-01, 6.571040107559818211e-02
1403638196345096960, -5.755275995388297261e+00, 6.146943347038302363e+00, 1.775461800908828769e+00, -2.681024024389833116e-01, -7.799924593276653662e-01, -1.851361611036843324e-01, 5.342821979536811483e-01, -2.146384059079437800e-01, -4.430374441050966006e-01, 1.592634753543953063e-01, -2.325564167275217999e-03, 2.111924087198005159e-02, 7.692035000796394739e-02, -2.790106967211261613e-02, 1.033692586446636474e-01, 6.686790818259727431e-02
1403638196395097088, -5.763516743472390402e+00, 6.124679459151625593e+00, 1.781400668725619418e+00, -2.692710137775903290e-01, -7.799680365035084328e-01, -1.833396522856089728e-01, 5.343496561913767540e-01, -2.180875244047028871e-01, -4.436289736376051729e-01, 1.108444757983118867e-01, -2.329854676939813359e-03, 2.111864693439127055e-02, 7.691909168464854119e-02, -2.774836030323033637e-02, 1.029984619001770990e-01, 6.729530628080999943e-02
1403638196445096960, -5.776752904100476371e+00, 6.108866286299124759e+00, 1.786436999382326807e+00, -2.695386212178787488e-01, -7.799862283567231547e-01, -1.833888834360000164e-01, 5.341712578171123882e-01, -2.265927308027442522e-01, -4.239139200711439237e-01, 7.818177287348113125e-02, -2.318505093657859031e-03, 2.111864445528277914e-02, 7.691574391686112344e-02, -2.785857587853467557e-02, 1.028825604889352235e-01, 6.701722920213838697e-02
1403638196495097088, -5.789835480183703531e+00, 6.102101072449150898e+00, 1.791301450394628514e+00, -2.702289749127573804e-01, -7.804044026072032292e-01, -1.827267424319439781e-01, 5.334381005412949239e-01, -2.357642444710618401e-01, -4.055273595958744925e-01, 3.530121509233316579e-02, -2.321696013892221404e-03, 2.112313813322922937e-02, 7.691466812277675258e-02, -2.805943391565325976e-02, 1.022288198847071394e-01, 6.657007628042256597e-02
1403638196545096960, -5.796352716718554454e+00, 6.076130520397968304e+00, 1.792745323582939143e+00, -2.717343225579007537e-01, -7.811473491556319981e-01, -1.811863516235273919e-01, 5.321097469850403217e-01, -2.384486276156175533e-01, -4.020295176450928154e-01, 4.195489063454329627e-03, -2.327845815633740496e-03, 2.112038543074575003e-02, 7.691523768864849675e-02, -2.784346064063027842e-02, 1.020109391438636937e-01, 6.719009844974928314e-02
1403638196595097088, -5.804236913681988241e+00, 6.067085555090585558e+00, 1.797317662913615388e+00, -2.729255868173849908e-01, -7.832167560971668996e-01, -1.795545093535092507e-01, 5.290021882750938209e-01, -2.435799193261577456e-01, -3.807150301079684218e-01, -3.786545807134605868e-02, -2.347755511699372959e-03, 2.111460361386233511e-02, 7.692137839832645374e-02, -2.862783310997467703e-02, 1.051151538915337941e-01, 6.513020024576579581e-02
1403638196645096960, -5.816518551594252351e+00, 6.050628856981080439e+00, 1.797826068396171983e+00, -2.743451320928124715e-01, -7.865602667872517717e-01, -1.781908706161517975e-01, 5.237420250825804979e-01, -2.507321460512857980e-01, -3.586387113823398254e-01, -7.350350200937742773e-02, -2.349826013930397372e-03, 2.111637694808838478e-02, 7.692247883539517217e-02, -2.873002804652062883e-02, 1.048375202271017159e-01, 6.496938335757823646e-02
1403638196695097088, -5.829647584404654026e+00, 6.037107557733367713e+00, 1.796219545405949969e+00, -2.763523299774311992e-01, -7.891912012636501661e-01, -1.755511469760747123e-01, 5.196041111841461779e-01, -2.766406256380525286e-01, -3.245880693018733387e-01, -9.101241554129403666e-02, -2.366540746081329406e-03, 2.111903793978043425e-02, 7.693294482988792538e-02, -2.892433515844493666e-02, 1.046816722474255279e-01, 6.452132737065684187e-02
1403638196745096960, -5.841104551918923526e+00, 6.015027326173287392e+00, 1.790551923342760698e+00, -2.772786733589137076e-01, -7.906685134635813572e-01, -1.748681992430061172e-01, 5.170889207971098855e-01, -2.877734554440469217e-01, -3.053344672384635250e-01, -1.089349361232978264e-01, -2.353930815405193624e-03, 2.111419876029085874e-02, 7.692538837882106906e-02, -2.876260014894177486e-02, 1.046099627719204589e-01, 6.493657339943248452e-02
1403638196795097088, -5.854690961721389364e+00, 6.001430456902190791e+00, 1.788444233734084898e+00, -2.772559360795658345e-01, -7.913598930728058534e-01, -1.752235801956911476e-01, 5.159218569588280845e-01, -3.143973052138293034e-01, -2.808225918970481683e-01, -1.199498430865550552e-01, -2.361669984268529796e-03, 2.111900352782096479e-02, 7.692474074873602297e-02, -2.889571866003027775e-02, 1.041350342673682539e-01, 6.470332538453714422e-02
1403638196845096960, -5.866574594295335565e+00, 5.984971624187955364e+00, 1.785163281675609559e+00, -2.778178259811195372e-01, -7.912651333940433629e-01, -1.745148623022375611e-01, 5.160051424914895435e-01, -3.354698357891946481e-01, -2.496988231837396488e-01, -1.251095495026227911e-01, -2.355673125180370812e-03, 2.111795083718274665e-02, 7.691984534323621781e-02, -2.891429670750786732e-02, 1.038324878165765575e-01, 6.476021091670190744e-02
1403638196895097088, -5.884938308692778008e+00, 5.977691048938341467e+00, 1.781955521346808347e+00, -2.767793344085320850e-01, -7.889214721517923135e-01, -1.767252252004602175e-01, 5.193883957117887418e-01, -3.626959455189253667e-01, -2.162250339969104540e-01, -1.259653878486169110e-01, -2.355178568353167787e-03, 2.112126208352313808e-02, 7.691990306296521418e-02, -2.911430940276493740e-02, 1.036826009998609716e-01, 6.430011714137608136e-02
1403638196945096960, -5.904312145994881966e+00, 5.979719072608614461e+00, 1.776722013535001254e+00, -2.758645426397765554e-01, -7.867635245663747723e-01, -1.775832938584886167e-01, 5.228442256240496411e-01, -3.827724654338936494e-01, -1.859860080541736183e-01, -9.230277421594808296e-02, -2.362882996841480197e-03, 2.112295803129231320e-02, 7.692111831456445448e-02, -2.925761987848788867e-02, 1.031732755617008196e-01, 6.394537185048639050e-02
1403638196995097088, -5.923232830225700241e+00, 5.961685553122917369e+00, 1.771661443152907411e+00, -2.745046388305665830e-01, -7.839391286235909417e-01, -1.793690381647748688e-01, 5.271749178605038555e-01, -3.897259903477894305e-01, -1.684072302516609887e-01, -5.722414821347094477e-02, -2.360275992183961946e-03, 2.112195224306328070e-02, 7.692253993982667293e-02, -2.912557105370814151e-02, 1.034262351673550517e-01, 6.425043724182716298e-02
1403638197045096960, -5.942839263739511324e+00, 5.944990648900384755e+00, 1.771780458546159176e+00, -2.739662137074485582e-01, -7.818696541253858934e-01, -1.802246576143008705e-01, 5.302277156962490468e-01, -3.906740424449737237e-01, -1.668398963708506988e-01, -2.193433924328731105e-02, -2.372008844017989282e-03, 2.112563362410278117e-02, 7.692585062424900366e-02, -2.906904946243564838e-02, 1.034781387625047511e-01, 6.447984861300795623e-02
1403638197095097088, -5.956953095702295364e+00, 5.935636585673556453e+00, 1.773029423862653386e+00, -2.734275345959084613e-01, -7.805181502663702808e-01, -1.812616479809563419e-01, 5.321400336385105900e-01, -3.896818383458738322e-01, -1.548764206516954067e-01, -5.435852520604372677e-03, -2.366117198172312374e-03, 2.112669798557897591e-02, 7.692045479116529916e-02, -2.903575355151604212e-02, 1.030084069929744633e-01, 6.462598962642990275e-02
1403638197145096960, -5.975111669825524885e+00, 5.944692599669616051e+00, 1.775498276013345089e+00, -2.725763839058897853e-01, -7.795374562135560792e-01, -1.823476592410077091e-01, 5.336410783159524218e-01, -3.893186355467461723e-01, -1.283085696358376437e-01, 1.293393713323031172e-02, -2.385039643756039184e-03, 2.113069344392231111e-02, 7.692618840159828886e-02, -2.930339342348334611e-02, 1.022122229275457539e-01, 6.398972213201487014e-02
1403638197195097088, -5.994405614331424381e+00, 5.941357021186303378e+00, 1.778116690142463652e+00, -2.711364240278220650e-01, -7.793865199854791426e-01, -1.843946680260545035e-01, 5.338916542088767425e-01, -4.156096236409657640e-01, -1.106754186223593284e-01, 5.452043040040039507e-02, -2.391815446588101395e-03, 2.112820268886841241e-02, 7.692843217408987244e-02, -2.932256557466102198e-02, 1.019466080262192431e-01, 6.399822364159217514e-02
1403638197245096960, -6.017293925119360232e+00, 5.940693607181859015e+00, 1.784233573534703687e+00, -2.693661444339003896e-01, -7.787261322288369092e-01, -1.865032597246935042e-01, 5.350177803856568381e-01, -4.281651509186046312e-01, -1.013444512379114010e-01, 1.018516915421046332e-01, -2.396370850045067419e-03, 2.112910228463067003e-02, 7.693190628073884318e-02, -2.943751433611772189e-02, 1.018136662672194520e-01, 6.376416483553951076e-02
1403638197295097088, -6.041996911122821778e+00, 5.927456280505627007e+00, 1.789227510232815010e+00, -2.653214217949677600e-01, -7.774311762179823004e-01, -1.920680332940285784e-01, 5.369498858995925827e-01, -4.249539822927120292e-01, -1.104309902826958179e-01, 1.558822095347509595e-01, -2.408192250741997015e-03, 2.112539897037430878e-02, 7.693730057200381944e-02, -2.932825646211608892e-02, 1.021109922195496539e-01, 6.403738212703655175e-02
1403638197345096960, -6.065316305065407754e+00, 5.920777753786316211e+00, 1.796839176316577635e+00, -2.617760916412107952e-01, -7.762294079671088198e-01, -1.972916891709537990e-01, 5.385324256125679776e-01, -4.252007590188501274e-01, -1.249498073682014931e-01, 1.606415558182727188e-01, -2.399830458132337987e-03, 2.112482001281074800e-02, 7.693074133240188073e-02, -2.932932110256099290e-02, 1.021400621798606856e-01, 6.403316456807058021e-02
1403638197395097088, -6.090021504882945358e+00, 5.910343009148133930e+00, 1.805712788567349847e+00, -2.592844668667754204e-01, -7.752367279229694930e-01, -2.010664691081599509e-01, 5.397701880627322479e-01, -4.271676095922944394e-01, -1.346061797523630532e-01, 1.984208947243049082e-01, -2.382843742692184168e-03, 2.112463095833333471e-02, 7.692347547162964316e-02, -2.930750349765004481e-02, 1.027026206143529380e-01, 6.405366682608984452e-02
1403638197445096960, -6.110450879671957658e+00, 5.907061947358979381e+00, 1.814660537566562537e+00, -2.576282679530536579e-01, -7.739451348441328538e-01, -2.041593900943396711e-01, 5.412536810395970344e-01, -4.422819323633120359e-01, -1.477857156810999661e-01, 2.354692669347643319e-01, -2.351986898444629378e-03, 2.112136052642523895e-02, 7.690766127835443888e-02, -2.921169200258146026e-02, 1.026504177260286060e-01, 6.430717911681961552e-02
1403638197495097088, -6.132933606774866320e+00, 5.911001250293099751e+00, 1.826242053284217182e+00, -2.569220481653198829e-01, -7.731110628619903835e-01, -2.048239581494055717e-01, 5.425287935353763080e-01, -4.340949866406749735e-01, -1.718186492068372317e-01, 2.693842236138409563e-01, -2.347381898666300610e-03, 2.112189313108608218e-02, 7.690262537267443521e-02, -2.928645847498911534e-02, 1.023332320565958770e-01, 6.411667987202292196e-02
1403638197545096960, -6.153647926000398449e+00, 5.908240610068854259e+00, 1.839864516547586204e+00, -2.575863885178947266e-01, -7.719955462837467808e-01, -2.036344161340606362e-01, 5.442473275397021748e-01, -4.374115883080377798e-01, -1.850915452055750532e-01, 3.027237943104361118e-01, -2.349707792701881490e-03, 2.112001816512032448e-02, 7.690315116604340417e-02, -2.930426889507198665e-02, 1.020286211184361219e-01, 6.408170393417886301e-02
1403638197595097088, -6.176077758598578882e+00, 5.902444484495461552e+00, 1.853269726534646278e+00, -2.571769214861719388e-01, -7.716788360908818367e-01, -2.040150221922551188e-01, 5.447473503416156992e-01, -4.268855414875339371e-01, -2.052586200591641485e-01, 3.250253958164963652e-01, -2.341838311983914997e-03, 2.111506509228508466e-02, 7.690308512117929873e-02, -2.925503196247975293e-02, 1.020764352300822519e-01, 6.418023267525840847e-02
1403638197645096960, -6.202499485205774654e+00, 5.894336967646477632e+00, 1.868498662030178448e+00, -2.567992077483615687e-01, -7.713141678753666630e-01, -2.043488675456757997e-01, 5.453165701382496344e-01, -4.386699640149598900e-01, -2.212100357160510788e-01, 3.483438423430595399e-01, -2.353078115311706131e-03, 2.111680604759349697e-02, 7.690577995406813749e-02, -2.923849786579224910e-02, 1.022095253243055779e-01, 6.420137163515900192e-02
1403638197695097088, -6.215495149252427076e+00, 5.875560720037611873e+00, 1.888765693422072012e+00, -2.567014908662926809e-01, -7.715780789414757868e-01, -2.039806085061665331e-01, 5.451270714589935285e-01, -4.297861069899280850e-01, -2.358874371600133690e-01, 3.460794436844504274e-01, -2.370486533440367173e-03, 2.111543387433202981e-02, 7.691051313104965703e-02, -2.912574233998027964e-02, 1.017616348062126558e-01, 6.457495022895987091e-02
1403638197745096960, -6.233125291473966989e+00, 5.862352963708686637e+00, 1.906664990960039718e+00, -2.563851439356155670e-01, -7.720218956605988669e-01, -2.039715350702614172e-01, 5.446507720281046350e-01, -4.223844095425079992e-01, -2.451640296871321345e-01, 3.272769819541010428e-01, -2.364323120407583415e-03, 2.111596373352684144e-02, 7.690476785983045571e-02, -2.915122646890592334e-02, 1.014385170559572030e-01, 6.453143106215769587e-02
1403638197795097088, -6.253076259041531415e+00, 5.862428428879212561e+00, 1.920793081997959062e+00, -2.567543018323123483e-01, -7.716103530304161406e-01, -2.032995406962885554e-01, 5.453109097932633542e-01, -4.212080776410063176e-01, -2.600283877310612390e-01, 2.878176208499798605e-01, -2.369210713307825199e-03, 2.111679354785217858e-02, 7.690788475149964998e-02, -2.911294818856900030e-02, 1.014145039785832730e-01, 6.462504695150711465e-02
1403638197845096960, -6.271762007659614113e+00, 5.842509179788538454e+00, 1.931810775788687762e+00, -2.577253728164978774e-01, -7.700634156077955650e-01, -2.015899681322745329e-01, 5.476691089494469811e-01, -4.215651475101384049e-01, -2.803807925838844861e-01, 2.551039243691493597e-01, -2.357732764687969600e-03, 2.111195196430654814e-02, 7.690727617571913033e-02, -2.908697374358285709e-02, 1.015526676603719231e-01, 6.460793915603164905e-02
1403638197895097088, -6.290399327457119050e+00, 5.835733793452369866e+00, 1.953008513248607469e+00, -2.588890140344708990e-01, -7.678811469433336478e-01, -1.993764203247798961e-01, 5.509846328163126028e-01, -4.227601370659609947e-01, -2.825301787119542385e-01, 2.336419069920837033e-01, -2.361914333811014968e-03, 2.111234105138667938e-02, 7.690735056311517881e-02, -2.895530863801544855e-02, 1.047149710489519991e-01, 6.493634865288175351e-02
1403638197945096960, -6.316412181139636317e+00, 5.826362394312183390e+00, 1.963809037808081470e+00, -2.586839100624909737e-01, -7.635436749179083105e-01, -1.988710103582772559e-01, 5.572557872348340435e-01, -4.136115337622243149e-01, -2.921539188980440960e-01, 1.760373676664566678e-01, -2.361586914385853213e-03, 2.111370620714966492e-02, 7.690798698796512400e-02, -2.915314919985486503e-02, 1.047657085741236643e-01, 6.441577562496833553e-02
1403638197995097088, -6.343087645091519455e+00, 5.820735871956196128e+00, 1.969106272233480226e+00, -2.583897638881433312e-01, -7.587247893508062280e-01, -1.989583009525760782e-01, 5.639033768514500888e-01, -4.050167017455714724e-01, -3.016786108849153769e-01, 8.923524140876272492e-02, -2.355964046776847041e-03, 2.111577557244466094e-02, 7.690386775672351793e-02, -2.941050337010528773e-02, 1.048859479374667641e-01, 6.370433852783075057e-02
1403638198045096960, -6.365485132321806461e+00, 5.803233736905602846e+00, 1.973081401311840066e+00, -2.583847781142821209e-01, -7.556712296166243625e-01, -1.987209788561670187e-01, 5.680741780181344236e-01, -3.851069590087101702e-01, -3.162802864964819327e-01, -1.827660704336782349e-02, -2.356340010219635205e-03, 2.111373911591159225e-02, 7.690343686246234323e-02, -2.932050415366798182e-02, 1.056240746541284858e-01, 6.395278484633094840e-02
1403638198095097088, -6.385921662240669150e+00, 5.785906466679540117e+00, 1.968179580882801316e+00, -2.587477649797496060e-01, -7.560892738825060189e-01, -1.981149631595394700e-01, 5.675641509204958357e-01, -3.604675572837704456e-01, -3.341959276279659607e-01, -1.218638745514375732e-01, -2.348118618573999047e-03, 2.110990383296919640e-02, 7.690145130737628676e-02, -2.931842259465510317e-02, 1.058915212602594136e-01, 6.396601200323334679e-02
1403638198145096960, -6.398577679029110676e+00, 5.756669847401438389e+00, 1.961033625518227019e+00, -2.602904850259071812e-01, -7.571252304018971646e-01, -1.961839488104669404e-01, 5.661467187249118460e-01, -3.267081777635850171e-01, -3.642466457193450635e-01, -2.259021972605732009e-01, -2.341559285593877975e-03, 2.110727377153325326e-02, 7.689990449588492150e-02, -2.915398897845168993e-02, 1.061521616323369693e-01, 6.442342028099298790e-02
1403638198195097088, -6.411107557200506513e+00, 5.723129395486791005e+00, 1.955088673776051555e+00, -2.611800096952132111e-01, -7.588971011051018900e-01, -1.948699963679068892e-01, 5.638136899592394169e-01, -3.020608815865902796e-01, -3.882481536060379823e-01, -3.035787068442149517e-01, -2.335715414424578782e-03, 2.111036375074462623e-02, 7.690098449235249767e-02, -2.912862699889236240e-02, 1.059390535170228881e-01, 6.465894380867735769e-02
1403638198245096960, -6.421855411425794635e+00, 5.698554101048258325e+00, 1.944775743124655509e+00, -2.617291457848495151e-01, -7.609016523996361414e-01, -1.943084404973904611e-01, 5.610443472433426226e-01, -2.820290167916882362e-01, -4.069247714555143669e-01, -3.476425270072555085e-01, -2.338866535127560094e-03, 2.111760923146966881e-02, 7.690334902833767527e-02, -2.930778223902734750e-02, 1.053234270422103991e-01, 6.436581111307465575e-02
1403638198295097088, -6.437715385354354503e+00, 5.659523110303059212e+00, 1.935745639538206664e+00, -2.617021133598412819e-01, -7.625019782820506853e-01, -1.942016265157648358e-01, 5.589172257477698080e-01, -2.660358042504900045e-01, -4.210635778860243872e-01, -3.725955546709759370e-01, -2.344613866376138098e-03, 2.112480123871041116e-02, 7.689925160643856783e-02, -2.937714792190508975e-02, 1.054974482795742047e-01, 6.435812385981477812e-02
1403638198345096960, -6.456723960833567588e+00, 5.662805970390588861e+00, 1.916498888203155948e+00, -2.615476686792382321e-01, -7.635740635944723298e-01, -1.943158280866197907e-01, 5.574843723094768944e-01, -2.535883579586157288e-01, -4.205827627478375685e-01, -3.952609057921006031e-01, -2.344038804013785348e-03, 2.112855937864811101e-02, 7.689537786046383994e-02, -2.955789907767021260e-02, 1.052240740991552681e-01, 6.390395411075794341e-02
1403638198395097088, -6.481965180091902923e+00, 5.624295485105315073e+00, 1.902315021531851391e+00, -2.608724713229024217e-01, -7.665297549011677036e-01, -1.951358107937303521e-01, 5.534434965765799852e-01, -2.492682631377836633e-01, -4.312430378606629255e-01, -4.165581604427203155e-01, -2.340077545561008131e-03, 2.113337142743982461e-02, 7.689816313495499711e-02, -2.982922781257717551e-02, 1.052942454395092570e-01, 6.335886942647943332e-02
1403638198445096960, -6.505697206806366317e+00, 5.591464427827500749e+00, 1.885863871466038066e+00, -2.592207419616697206e-01, -7.689661586613041333e-01, -1.975685155275493099e-01, 5.499657584275225997e-01, -2.466277346760618050e-01, -4.418154666025154720e-01, -4.325372280317298923e-01, -2.330333959025023428e-03, 2.113957568067168641e-02, 7.689521142025214362e-02, -2.996672296645216255e-02, 1.060189506225945044e-01, 6.305947041041684575e-02
1403638198495097088, -6.528277911653473708e+00, 5.565219485096558394e+00, 1.866857027412391234e+00, -2.573035002002649341e-01, -7.701469120388673151e-01, -2.003480059205602903e-01, 5.482055446503116825e-01, -2.491446448170543115e-01, -4.562117973313306041e-01, -4.477644988999582298e-01, -2.320324752820435675e-03, 2.114129539849220543e-02, 7.689086267153658061e-02, -3.024984062900049758e-02, 1.061634459934285846e-01, 6.237335810224127475e-02
1403638198545096960, -6.547343637844327269e+00, 5.539011545132106917e+00, 1.847279926824259899e+00, -2.536816902792706774e-01, -7.722918157657888694e-01, -2.047881407185118963e-01, 5.452272633859097661e-01, -2.519386275572246814e-01, -4.751986828848502875e-01, -4.591225710472846555e-01, -2.316032053582260143e-03, 2.114348309928724967e-02, 7.689109181224866585e-02, -3.051623131588017401e-02, 1.060751249796769852e-01, 6.171887562028854218e-02
1403638198595097088, -6.574408291988003583e+00, 5.508666658157866713e+00, 1.826827102293719696e+00, -2.477504253609779106e-01, -7.731956749672860285e-01, -2.131216339894713985e-01, 5.434770869788306813e-01, -2.677098998217104509e-01, -4.907370282218713742e-01, -4.555540593305995589e-01, -2.324247547860076521e-03, 2.114890066218512096e-02, 7.689785561463530206e-02, -3.075989313393969957e-02, 1.061675084398421010e-01, 6.114241913189887717e-02
1403638198645096960, -6.584303016432398792e+00, 5.475460305668851113e+00, 1.806901317020853215e+00, -2.410073975021259363e-01, -7.733211050393952180e-01, -2.221301074430549471e-01, 5.427228742343904733e-01, -2.769948704303106246e-01, -5.324821551261698094e-01, -4.581301477440868353e-01, -2.342246835007038425e-03, 2.114693348419824370e-02, 7.691169627417382415e-02, -3.063867388335504358e-02, 1.057859228397346890e-01, 6.154449634294992255e-02
1403638198695097088, -6.593274561636380149e+00, 5.442795293258471112e+00, 1.784005281020506484e+00, -2.345519668846853811e-01, -7.733185048462856148e-01, -2.304602582736142991e-01, 5.420811140865267053e-01, -2.879739115015303441e-01, -5.800764483966056595e-01, -4.360907227120074392e-01, -2.353857512500078832e-03, 2.114287850572759558e-02, 7.692235487878508471e-02, -3.050765102162600675e-02, 1.055850499196461373e-01, 6.191248505436205279e-02
1403638198745096960, -6.606672259947577786e+00, 5.408050033701820247e+00, 1.762341381376186344e+00, -2.284710360080913216e-01, -7.730194330355991683e-01, -2.382679830210441552e-01, 5.417290006283527193e-01, -3.014807359085525107e-01, -6.425068622167542376e-01, -4.051343438400010766e-01, -2.359125078121743994e-03, 2.113901481516865938e-02, 7.692756622289383117e-02, -3.041604441555786215e-02, 1.056170405172604243e-01, 6.215218978071081202e-02
1403638198795097088, -6.617748142324254346e+00, 5.353674363082407517e+00, 1.744347632372901469e+00, -2.245653220378718007e-01, -7.718403842720757968e-01, -2.433616966404944515e-01, 5.427779674535632148e-01, -3.131191939164769678e-01, -7.262834613282693752e-01, -3.542698458177060972e-01, -2.356346622585541329e-03, 2.113575812039913265e-02, 7.692738645615541937e-02, -3.023350773701596536e-02, 1.059743223694707553e-01, 6.265437057318569425e-02
1403638198845096960, -6.638921010364675190e+00, 5.300489492354055976e+00, 1.728787707328880430e+00, -2.222984368414436529e-01, -7.715336709542830462e-01, -2.456191754704585284e-01, 5.431302055703318699e-01, -3.178904107047307304e-01, -8.058544464506613991e-01, -3.135581194525320359e-01, -2.349727421380794212e-03, 2.113544200787398700e-02, 7.692431317194914353e-02, -3.032576807287456697e-02, 1.062828657103710300e-01, 6.241805868083044606e-02
1403638198895097088, -6.657785587238190139e+00, 5.249681549509025658e+00, 1.714721575319427371e+00, -2.219465087355828037e-01, -7.714903134406636553e-01, -2.461713866840638809e-01, 5.430857132215480831e-01, -3.430961077296632022e-01, -8.791195823860361580e-01, -2.645755364063767101e-01, -2.338275441861546386e-03, 2.113542463129422511e-02, 7.692053375825845529e-02, -3.034711149844771319e-02, 1.065294670492173412e-01, 6.237260604077834308e-02
1403638198945096960, -6.673776358596162694e+00, 5.201300558844387467e+00, 1.704244682535533295e+00, -2.225109544516846727e-01, -7.721174022386259050e-01, -2.453781943914393748e-01, 5.423219837204400484e-01, -3.589450483447255147e-01, -9.484630619083384007e-01, -2.362080951626031877e-01, -2.331260574317955102e-03, 2.113620773633360928e-02, 7.691496950874304739e-02, -3.025263871187476236e-02, 1.066993125524750285e-01, 6.267480998144246696e-02
1403638198995097088, -6.699060263084764877e+00, 5.160744377293775997e+00, 1.693990173752365713e+00, -2.240736772118678000e-01, -7.726009263257090920e-01, -2.434530995160610611e-01, 5.418573466858513932e-01, -3.778439544756596047e-01, -1.013927416323401109e+00, -1.889973126599495679e-01, -2.328503542970892636e-03, 2.114040335012436211e-02, 7.691223557392709576e-02, -3.039645821828008271e-02, 1.067310350141047887e-01, 6.229533016768880327e-02
1403638199045096960, -6.723819937104172695e+00, 5.105356904179208399e+00, 1.688891781627352540e+00, -2.251767941654632676e-01, -7.729394678250306461e-01, -2.420485185609186629e-01, 5.415464016224165178e-01, -4.005788086954075178e-01, -1.078454993691290165e+00, -1.300136036430831199e-01, -2.325521613110634409e-03, 2.114445630622873232e-02, 7.690772702951427509e-02, -2.979446366930282517e-02, 1.039947092442604221e-01, 6.400780973439368360e-02
1403638199095097088, -6.745234843221317611e+00, 5.060975014471723377e+00, 1.685633436955985331e+00, -2.268048834566342431e-01, -7.732388788966980675e-01, -2.401055694442630339e-01, 5.413044397791748619e-01, -4.357575646424381444e-01, -1.126645953205819284e+00, -6.734006689166049942e-02, -2.329743376225428420e-03, 2.114679543484288340e-02, 7.691024316355703216e-02, -2.990875568883075500e-02, 1.038405793796514931e-01, 6.373043132747439887e-02
1403638199145096960, -6.776371840520708290e+00, 5.008399773289602841e+00, 1.682616876955165042e+00, -2.276356784452973347e-01, -7.728186279266957559e-01, -2.394905902043266976e-01, 5.418280386172648067e-01, -4.567073812950993572e-01, -1.186203015744351275e+00, -2.034190998269997178e-02, -2.337049679957842099e-03, 2.115102067650761683e-02, 7.691427278568552239e-02, -3.014243704439381263e-02, 1.037459984396252449e-01, 6.310076180234633347e-02
1403638199195097088, -6.799807834967436015e+00, 4.959631794555154016e+00, 1.682148448575139454e+00, -2.291078908996880270e-01, -7.720453806285330067e-01, -2.377458362958050353e-01, 5.430768103147551873e-01, -4.790437589108683114e-01, -1.242061319909722350e+00, 3.738423429364144679e-02, -2.337667260069392541e-03, 2.115173824934245966e-02, 7.691486243655938637e-02, -3.023133744717404134e-02, 1.034652118951079475e-01, 6.284497493757451592e-02
1403638199245096960, -6.830072045905878575e+00, 4.899082170032902361e+00, 1.686280947660405705e+00, -2.302000221644258382e-01, -7.704642766082406835e-01, -2.362176989504106983e-01, 5.455217199787845139e-01, -5.016369184920297375e-01, -1.296223184303271658e+00, 1.029347601611885765e-01, -2.337509216141156389e-03, 2.115725923174663348e-02, 7.691617440390498273e-02, -3.035675400271486968e-02, 1.033303897909156610e-01, 6.254670312261173537e-02
1403638199295097088, -6.850749755378170214e+00, 4.825346193759015634e+00, 1.690760010301687544e+00, -2.298766093770607533e-01, -7.685062512942096857e-01, -2.365653773242631930e-01, 5.482624448514200610e-01, -5.233906757448811842e-01, -1.348412829777844602e+00, 1.405837493124665605e-01, -2.341036202227268249e-03, 2.115467361687497008e-02, 7.691868734131143692e-02, -3.022567294211788921e-02, 1.033740521765133535e-01, 6.287712279514195979e-02
1403638199345096960, -6.873433288786372053e+00, 4.754456715551779844e+00, 1.695714076833643613e+00, -2.302281546195667217e-01, -7.673197690509903079e-01, -2.363113618069757615e-01, 5.498839051335621120e-01, -5.121968923161371867e-01, -1.410225066292865259e+00, 1.515330760532457577e-01, -2.344226518191646312e-03, 2.114845135009929544e-02, 7.692061680698188131e-02, -3.018499409707413664e-02, 1.035300536868182797e-01, 6.292455176437788955e-02
1403638199395097088, -6.891183185698106506e+00, 4.684561842715813995e+00, 1.705772352142119752e+00, -2.284517983551767051e-01, -7.672682278969392700e-01, -2.390203894538744100e-01, 5.495257006851401727e-01, -5.050468373520348164e-01, -1.465979474523568360e+00, 1.843847635352372782e-01, -2.356564084022978907e-03, 2.114530844869263668e-02, 7.692458912588980013e-02, -3.015586247266780623e-02, 1.031800461172419914e-01, 6.306202815384738536e-02
1403638199445096960, -6.921008256542096504e+00, 4.616192831855374656e+00, 1.715184976960849816e+00, -2.274513341583767334e-01, -7.680531444387940221e-01, -2.408207838628227127e-01, 5.480562087659907045e-01, -5.080526912320847410e-01, -1.526750490131697058e+00, 2.230755811897894292e-01, -2.362542583551211720e-03, 2.114549447721338418e-02, 7.692622126078328681e-02, -3.027602723430305315e-02, 1.031109910809423214e-01, 6.272281899116437243e-02
1403638199495097088, -6.941605152608540052e+00, 4.547364890385538594e+00, 1.728025190169738545e+00, -2.269248969852851738e-01, -7.696092602667425897e-01, -2.427250620872806464e-01, 5.452441855486594990e-01, -5.225633725687637288e-01, -1.574448681188432397e+00, 2.594167134196705415e-01, -2.359891698347394481e-03, 2.114730093661036994e-02, 7.692250091277104407e-02, -3.025229208564865144e-02, 1.028745104269072064e-01, 6.281948340600329583e-02
1403638199545096960, -6.968449738617285227e+00, 4.468965095911205943e+00, 1.746423599554137729e+00, -2.252843338458296318e-01, -7.722980178665210804e-01, -2.441052683534611911e-01, 5.414936366063484163e-01, -5.514215107385175285e-01, -1.634014630563802584e+00, 2.846301629117244381e-01, -2.354945082365177828e-03, 2.115168319152822135e-02, 7.691875594741531819e-02, -3.027550589762603717e-02, 1.026623210850521328e-01, 6.282831089452645124e-02
1403638199595097088, -6.991313017597205359e+00, 4.396819221969948899e+00, 1.763801113712976543e+00, -2.237612228614401511e-01, -7.740568596184042027e-01, -2.427374563908120397e-01, 5.402271933975238971e-01, -5.801484326694997806e-01, -1.675725060388435272e+00, 3.080542370874961855e-01, -2.346067746167557720e-03, 2.115653049790766280e-02, 7.691155526928218633e-02, -3.025480219311924013e-02, 1.024176815475072583e-01, 6.292232268593425659e-02
1403638199645096960, -7.005892764704209519e+00, 4.318741314275630572e+00, 1.781666173572301393e+00, -2.213045273258109347e-01, -7.757523448385675868e-01, -2.398376264597398000e-01, 5.401023223396859141e-01, -5.921804626559813434e-01, -1.740796202020168382e+00, 3.374704085384634955e-01, -2.340258649831825077e-03, 2.115274105386686851e-02, 7.690831603722068921e-02, -3.009694094693973754e-02, 1.020730373788107659e-01, 6.341023418743547968e-02
1403638199695097088, -7.041102942031330691e+00, 4.240119910956711813e+00, 1.801078965996312897e+00, -2.199166079828754061e-01, -7.766651105372406327e-01, -2.335551669817301501e-01, 5.421069779883103124e-01, -6.179681795495128860e-01, -1.793656614420078066e+00, 3.705866191043620805e-01, -2.339604335924103540e-03, 2.115483423236570737e-02, 7.690584691319615751e-02, -3.022948525694067745e-02, 1.019670289809277014e-01, 6.308869066698638561e-02
1403638199745096960, -7.069248677623934718e+00, 4.162166764046205891e+00, 1.818330306766233528e+00, -2.200779919768962589e-01, -7.777742031761928354e-01, -2.253679335257223748e-01, 5.439138358778907723e-01, -6.184940409106154391e-01, -1.830760930994862479e+00, 3.593247249274822974e-01, -2.338314298674439538e-03, 2.115280554565029947e-02, 7.690640725262559707e-02, -3.032302058147039528e-02, 1.014644363824476203e-01, 6.290743650690379385e-02
1403638199795097088, -7.126290811474397024e+00, 4.065562763515833566e+00, 1.839404104088999903e+00, -2.228386312510591272e-01, -7.793858423642461286e-01, -2.146608628787507467e-01, 5.448131487881686663e-01, -6.406966124497404103e-01, -1.865365966856986857e+00, 3.333697277377440371e-01, -2.346034178276567433e-03, 2.115459140820335343e-02, 7.691691918774679060e-02, -3.025569689296430526e-02, 1.022552583790506536e-01, 6.310811888489323285e-02
1403638199845096960, -7.163066081828683096e+00, 3.981529498779241116e+00, 1.857786250363925307e+00, -2.242191535447420614e-01, -7.806393910386525414e-01, -2.064642483875530898e-01, 5.456193054504615558e-01, -6.482863919620985849e-01, -1.883926964865731524e+00, 3.083275263948959677e-01, -2.354664385887450268e-03, 2.115659386214629317e-02, 7.692183294078204503e-02, -3.041816994963359930e-02, 1.020442256651870327e-01, 6.271503334652377137e-02
1403638199895097088, -7.183127846566468300e+00, 3.897063297016475136e+00, 1.876397536463529914e+00, -2.253704898586683103e-01, -7.816903523015457100e-01, -1.991327321491865032e-01, 5.463647960898924127e-01, -6.487654127050983544e-01, -1.890184263056156277e+00, 2.767062771451974657e-01, -2.355486200712410185e-03, 2.115545507143112500e-02, 7.691692625271324968e-02, -3.042598028313127367e-02, 1.012834676635999548e-01, 6.282854219664690820e-02
1403638199945096960, -7.217936356483342308e+00, 3.806378480869295533e+00, 1.893092667960102338e+00, -2.258263736015223011e-01, -7.826864354570224336e-01, -1.937201030182886807e-01, 5.466963640121906831e-01, -6.580490436334349713e-01, -1.898805447329543483e+00, 2.595254724979998429e-01, -2.355785699753635675e-03, 2.115974953407950138e-02, 7.691563190640604564e-02, -3.055156545291573544e-02, 1.011528526297007236e-01, 6.256000654995229338e-02
1403638199995097088, -7.245352637712003663e+00, 3.723433459137371671e+00, 1.907890655584082884e+00, -2.245806018440738017e-01, -7.833560552321002790e-01, -1.896679246697124399e-01, 5.476704505065437267e-01, -6.609969127554766732e-01, -1.902741905538922751e+00, 2.374975088185394545e-01, -2.354475171475179946e-03, 2.116392939089975500e-02, 7.690996866211255445e-02, -3.056632539388976291e-02, 1.006584009157582144e-01, 6.259771001327227302e-02
1403638200045096960, -7.263208126995318814e+00, 3.628366546764286493e+00, 1.923220636840384357e+00, -2.221739345109976504e-01, -7.842382763489648134e-01, -1.854712444056632048e-01, 5.488255517299849284e-01, -6.535121273807585895e-01, -1.901991205552513664e+00, 2.117198583569555037e-01, -2.349389642612204239e-03, 2.116231195368098450e-02, 7.690291750214589550e-02, -3.043168288099831406e-02, 1.001636842383078346e-01, 6.308133654241876442e-02
1403638200095097088, -7.285320898156628644e+00, 3.549139760998351711e+00, 1.940729748799402854e+00, -2.162897816014129893e-01, -7.861798512940261219e-01, -1.842900146366923397e-01, 5.487961026641169360e-01, -6.505628469054459684e-01, -1.901069663216630401e+00, 1.934524453432109325e-01, -2.356185138276482068e-03, 2.116302575068090136e-02, 7.690306189233712952e-02, -3.059474861316891642e-02, 9.976146178837345946e-02, 6.275633155441548428e-02
1403638200145096960, -7.312029569591313560e+00, 3.453291980788418591e+00, 1.952717169875325398e+00, -2.084247645241014690e-01, -7.873425847981384562e-01, -1.838833211339659934e-01, 5.503069106464154592e-01, -6.511805612181696956e-01, -1.916460803090342724e+00, 2.090214265927389792e-01, -2.353015718489822293e-03, 2.116290277256527644e-02, 7.690556074430350553e-02, -3.051971184530926848e-02, 9.943858698378058025e-02, 6.302725525909377846e-02
1403638200195097088, -7.339525794465949105e+00, 3.359513389536664452e+00, 1.966142063451608024e+00, -1.992662213982400732e-01, -7.872980308592529841e-01, -1.839721681886031524e-01, 5.537228773915655600e-01, -6.550388514994831546e-01, -1.930487155935871169e+00, 2.413617186178363960e-01, -2.355122387690302462e-03, 2.116285222774835079e-02, 7.690731125142526159e-02, -3.052199402672213860e-02, 9.900171756644933485e-02, 6.310434141068729796e-02
1403638200245096960, -7.376329383756659475e+00, 3.265197293953876034e+00, 1.979745568055684357e+00, -1.912604111884776414e-01, -7.860882518432651400e-01, -1.806469445973681309e-01, 5.593312049525303031e-01, -6.689564173219023635e-01, -1.955464810674924170e+00, 2.682007935114940622e-01, -2.357606439504300946e-03, 2.116548148961919576e-02, 7.691129769176525965e-02, -3.067630534836096254e-02, 9.879491169753362723e-02, 6.274434361116774939e-02
1403638200295097088, -7.390737317447834798e+00, 3.174748444710719486e+00, 1.998668665400579414e+00, -1.824831600881030302e-01, -7.856591398755347067e-01, -1.777603934051257550e-01, 5.637737620275973249e-01, -6.521446771163440514e-01, -1.982547039542207346e+00, 3.046804802484713304e-01, -2.351984367661644291e-03, 2.116395708763775876e-02, 7.690718635010625193e-02, -3.050608907136926826e-02, 9.779294863907747604e-02, 6.334871228237622109e-02
1403638200345096960, -7.413572251892562193e+00, 3.085001121777135147e+00, 2.018725127630162763e+00, -1.748086166076300851e-01, -7.849820397526338089e-01, -1.726722694875725272e-01, 5.687085652384112899e-01, -6.530748872853053832e-01, -1.996762845676661735e+00, 3.296536736456375793e-01, -2.351464301009720346e-03, 2.116097433895630306e-02, 7.690368797178123716e-02, -3.096698495406041002e-02, 9.798291636037335939e-02, 6.221631944082725574e-02
1403638200395097088, -7.439382142210386739e+00, 2.989642880440145589e+00, 2.038737319593859620e+00, -1.660513673055444561e-01, -7.849335102538748110e-01, -1.698872343292998632e-01, 5.722278003631342536e-01, -6.377266243768305864e-01, -2.019595964437415958e+00, 3.692235763863220832e-01, -2.351006703217640471e-03, 2.115935935174461519e-02, 7.690091162809835346e-02, -3.097814250244356610e-02, 9.722985495196770356e-02, 6.226850791852724110e-02
1403638200445096960, -7.468130200561476251e+00, 2.888157716883474446e+00, 2.057265412442318642e+00, -1.569796183026778147e-01, -7.871133688213564072e-01, -1.687259547731609355e-01, 5.721376549800984979e-01, -6.234518490624205711e-01, -2.051321082716956123e+00, 3.931115561582657070e-01, -2.352289411368801032e-03, 2.115603059658246674e-02, 7.690134473447274299e-02, -3.090434430850875352e-02, 9.709709036387789705e-02, 6.246226540662200982e-02
1403638200495097088, -7.498593714547158839e+00, 2.784511618829266233e+00, 2.077220368762637381e+00, -1.487250162828727407e-01, -7.886378181249209529e-01, -1.687725963639321591e-01, 5.722299118985310074e-01, -6.264881942312776619e-01, -2.073894355595984340e+00, 4.457649838521728358e-01, -2.352619917875528859e-03, 2.115384565235504943e-02, 7.689989736477213789e-02, -3.081608557285589814e-02, 9.721759936793564205e-02, 6.266299800947219834e-02
1403638200545096960, -7.519679395382038223e+00, 2.677358028500186116e+00, 2.099900930606842131e+00, -1.408950982261859275e-01, -7.905987239323964966e-01, -1.682620282263911360e-01, 5.716555946279550104e-01, -6.105592286310962402e-01, -2.112530947555602889e+00, 4.724354530327716239e-01, -2.348481657581798828e-03, 2.115092256722174435e-02, 7.689724960649571561e-02, -3.054499646644054031e-02, 9.718462695376665905e-02, 6.336839493759165165e-02
1403638200595097088, -7.549641191708096777e+00, 2.570818594404814750e+00, 2.123294373896920550e+00, -1.336490643794036592e-01, -7.928041213182650537e-01, -1.660340080466952417e-01, 5.709923475697671336e-01, -6.040508766149217390e-01, -2.161425830699964745e+00, 4.989785991627616601e-01, -2.348911315378040925e-03, 2.115148425632279103e-02, 7.689875612275903771e-02, -3.052923249653386600e-02, 9.717803764417114187e-02, 6.339598217085723464e-02
1403638200645096960, -7.553084725814921185e+00, 2.491214982612270035e+00, 2.148496732361314443e+00, -1.246734341966170695e-01, -7.942061309549534043e-01, -1.653139741269830376e-01, 5.712831577401248362e-01, -5.858829004052998890e-01, -2.176617201678687774e+00, 5.312936302121661347e-01, -2.343470574770599012e-03, 2.114513754780102464e-02, 7.688815558961335783e-02, -3.079836591575738428e-02, 9.729982097425621257e-02, 6.263411375865152175e-02
1403638200695097088, -7.580249889077727232e+00, 2.372011152868019668e+00, 2.174914728167991029e+00, -1.153073888654143342e-01, -7.961143224596396450e-01, -1.651694396111746954e-01, 5.706358277099324861e-01, -5.879615015852510673e-01, -2.220782028807421149e+00, 5.372727933756019647e-01, -2.339091716715708223e-03, 2.114017168809403935e-02, 7.688615083304674303e-02, -3.043837883158335283e-02, 9.800635242020774851e-02, 6.352154472292276255e-02
1403638200745096960, -7.604211416187396821e+00, 2.258513710424724596e+00, 2.202133039985410434e+00, -1.088312363778425329e-01, -7.985531775560289480e-01, -1.627979957052819726e-01, 5.691795825554378796e-01, -5.822923396504506854e-01, -2.266816036369749821e+00, 5.474976392556742955e-01, -2.343116548500059296e-03, 2.113563820573835517e-02, 7.688561858649951841e-02, -3.016394838537464831e-02, 9.757677311035849177e-02, 6.425089915540925511e-02
1403638200795097088, -7.626851786944297551e+00, 2.136739127070252930e+00, 2.228572725671432053e+00, -1.038469185151511404e-01, -8.008183250057578917e-01, -1.599692487586337475e-01, 5.677285154908801035e-01, -5.663275802751406296e-01, -2.315459809513372491e+00, 5.146048407682253245e-01, -2.346567188513572731e-03, 2.112932697537261290e-02, 7.688677224850945513e-02, -3.058713856497792885e-02, 9.943143212073320136e-02, 6.305188492265215161e-02
1403638200845096960, -7.652517402254378709e+00, 2.017486216245972130e+00, 2.253604631156641336e+00, -1.007078153031682188e-01, -8.028527554239300867e-01, -1.567181821007241627e-01, 5.663257017336494892e-01, -5.672348596160423639e-01, -2.362977547556742497e+00, 4.950083400811606249e-01, -2.346507644197374978e-03, 2.112848120685907605e-02, 7.688524376282586392e-02, -3.032546216685449644e-02, 9.943467516842063869e-02, 6.372903355094271249e-02
1403638200895097088, -7.676852911521137024e+00, 1.895842170790529968e+00, 2.276815649778777928e+00, -9.975295525047719880e-02, -8.046478638522258642e-01, -1.520534538891196719e-01, 5.652175778204668877e-01, -5.725464222820179083e-01, -2.403876592304998727e+00, 4.466123038720419269e-01, -2.342522512130499127e-03, 2.112489604850316741e-02, 7.688287720206538056e-02, -2.998284363830638205e-02, 9.950724451072633092e-02, 6.461118940764366825e-02
1403638200945096960, -7.701015008141693485e+00, 1.770772836666865580e+00, 2.297994078616505398e+00, -1.023743404094120402e-01, -8.050126272620817813e-01, -1.435227227674733819e-01, 5.664586414061927311e-01, -5.749935235747613005e-01, -2.442205757561937141e+00, 4.204217049992673982e-01, -2.339820006852530096e-03, 2.112207202255339186e-02, 7.687962240328867491e-02, -2.955422927787071732e-02, 9.969541191981803885e-02, 6.571424217320689931e-02
1403638200995097088, -7.716098539977898518e+00, 1.629377620643910562e+00, 2.314508150983495938e+00, -1.050477314384042488e-01, -8.045806927544971732e-01, -1.362589570681751461e-01, 5.683734508094406834e-01, -5.606683838939403586e-01, -2.486979264635021281e+00, 3.807007382875868262e-01, -2.333776306406195201e-03, 2.110979285041105630e-02, 7.688060822748868373e-02, -3.016692629760706068e-02, 1.005533432045952191e-01, 6.396566984618501372e-02
1403638201045096960, -7.741146996196557772e+00, 1.503182540198982675e+00, 2.332044572762460355e+00, -1.084941413258607990e-01, -8.041782801729786545e-01, -1.286679707237031733e-01, 5.700621617910093253e-01, -5.477677098062164740e-01, -2.507044948571298004e+00, 3.406802701203226480e-01, -2.332898814824133429e-03, 2.110801225588291793e-02, 7.687953354269808082e-02, -2.991884096495386891e-02, 1.007085196073513739e-01, 6.458851558882727772e-02
1403638201095097088, -7.758917523405320260e+00, 1.380089482326668060e+00, 2.348860385484806024e+00, -1.104119866375350145e-01, -8.037009260590761706e-01, -1.244528241799592316e-01, 5.713015921666666497e-01, -5.395666713741994469e-01, -2.515627657573402676e+00, 2.982344760449564536e-01, -2.333302042226286909e-03, 2.110732052737280748e-02, 7.687689746684565895e-02, -2.949512736016622616e-02, 9.987282422004684079e-02, 6.575665102727040745e-02
1403638201145096960, -7.785945139058913611e+00, 1.253343199545486231e+00, 2.362386999724638059e+00, -1.121267387262369908e-01, -8.041922856677345965e-01, -1.213497379295086498e-01, 5.709436077578613489e-01, -5.313278326913800642e-01, -2.529044383732332868e+00, 2.729697272307491929e-01, -2.332820959308768479e-03, 2.110798291865411541e-02, 7.687565414592849311e-02, -2.941740786357429499e-02, 9.980940374979477281e-02, 6.594072828273654652e-02
1403638201195097088, -7.815244439581543467e+00, 1.122138818927959525e+00, 2.372069273837803749e+00, -1.142398449793670251e-01, -8.031624531429280012e-01, -1.189432454004758638e-01, 5.724786773794517947e-01, -5.274658954171352887e-01, -2.534479117556003303e+00, 2.283785998034514875e-01, -2.332141404958695732e-03, 2.110664885359059967e-02, 7.687475307975315253e-02, -2.918052720522796087e-02, 1.006500801537552753e-01, 6.641608818778187151e-02
1403638201245096960, -7.840361349451105077e+00, 9.917482004333676437e-01, 2.378311803773035304e+00, -1.165794189040902235e-01, -8.018631661474872052e-01, -1.165099999000641651e-01, 5.743257975985399666e-01, -5.240881250586950646e-01, -2.542286112297450718e+00, 1.836801803594732829e-01, -2.328198805166667787e-03, 2.110270375934441417e-02, 7.687484390861917816e-02, -3.001851941730214815e-02, 1.021203234270251781e-01, 6.400271723205093466e-02
1403638201295097088, -7.865711269060020605e+00, 8.637334201861888161e-01, 2.386193561201943591e+00, -1.173725674864860014e-01, -8.023528807627553494e-01, -1.169542350272604753e-01, 5.733892587435923671e-01, -5.114761445802495921e-01, -2.547748644413860397e+00, 1.523705405539505231e-01, -2.323982673766745565e-03, 2.110074497490143502e-02, 7.687368877967758196e-02, -2.982758455830615205e-02, 1.022246060185434680e-01, 6.447200301583652648e-02
1403638201345096960, -7.895625380784212055e+00, 7.340244332062021426e-01, 2.392285327583181243e+00, -1.178641455309722558e-01, -8.027651828428415959e-01, -1.174462891174173212e-01, 5.726102283282241689e-01, -5.137412330046330355e-01, -2.546826865202954426e+00, 1.313602176167843749e-01, -2.323332724186374498e-03, 2.110029733690604870e-02, 7.687267291124566526e-02, -2.989554437603213904e-02, 1.026536637422920950e-01, 6.424842156796112258e-02
1403638201395097088, -7.915891274235956843e+00, 6.090438454334778928e-01, 2.398711676051575203e+00, -1.174164321104495118e-01, -8.026747324977460130e-01, -1.195417067797877320e-01, 5.723953490554404278e-01, -4.982749810277353197e-01, -2.543651223742934953e+00, 9.389214445945764931e-02, -2.323006431320900726e-03, 2.109807040411672621e-02, 7.687069706485349929e-02, -2.973641994063543417e-02, 1.020805592139026607e-01, 6.470736407999123918e-02
1403638201445096960, -7.938513651689619977e+00, 4.744222310850845781e-01, 2.397416365207112765e+00, -1.183856070992986564e-01, -8.018992509010437475e-01, -1.199963969796543628e-01, 5.731869713697065327e-01, -4.917012285064319421e-01, -2.556501134260437791e+00, 5.425453769724795927e-02, -2.325582850775687830e-03, 2.109254380512267171e-02, 7.687140383775335761e-02, -2.977986043591228718e-02, 1.032174602903803279e-01, 6.436802321263558613e-02
1403638201495097088, -7.963464789720204884e+00, 3.469917109392738341e-01, 2.396874909603932124e+00, -1.194304574849774925e-01, -8.012155427945010233e-01, -1.202492859318205765e-01, 5.738729206386457005e-01, -4.884734286088721622e-01, -2.560203196503753276e+00, 1.061517544083249651e-02, -2.327264043809934308e-03, 2.109431164162924380e-02, 7.687148869626966863e-02, -2.960694125985637720e-02, 1.036857308119219084e-01, 6.470844542118912857e-02
1403638201545096960, -7.975547297609862696e+00, 2.211587732965732689e-01, 2.396741477956081390e+00, -1.194859678356453292e-01, -8.004318890961518163e-01, -1.218723192118922188e-01, 5.746120710690471034e-01, -4.605094113903172026e-01, -2.553531947712979200e+00, -1.416065659705179058e-02, -2.323658949796071366e-03, 2.109257550877449705e-02, 7.686557607871499775e-02, -2.903616198065103390e-02, 1.028152471805078294e-01, 6.624984918648367527e-02
1403638201595097088, -7.993275002327852263e+00, 9.668037332854111099e-02, 2.393581402721431495e+00, -1.195516668405210980e-01, -7.996703083077066898e-01, -1.238638993416141115e-01, 5.752325889643258305e-01, -4.538969959770829399e-01, -2.563833428804052517e+00, -5.187778047792061115e-02, -2.322159961591770475e-03, 2.109336720659883008e-02, 7.686245485120331289e-02, -2.872315020699600305e-02, 1.025011223793027282e-01, 6.700946674710323014e-02
1403638201645096960, -8.013138697117488718e+00, -2.845636126476341551e-02, 2.388072090121116986e+00, -1.203994682028087654e-01, -7.985224961321004677e-01, -1.237733558596870176e-01, 5.766679699850442153e-01, -4.316824507635433350e-01, -2.563855149173335235e+00, -1.089408236336700947e-01, -2.317627030200148427e-03, 2.109358248982035750e-02, 7.685878032798282300e-02, -2.852815377251047627e-02, 1.022131633631623848e-01, 6.744808431818938299e-02
1403638201695097088, -8.032329289285200957e+00, -1.525411123621057408e-01, 2.381453977588865900e+00, -1.214825695920761922e-01, -7.980385722908202029e-01, -1.237893778150570417e-01, 5.771071064902051351e-01, -4.185800926225520247e-01, -2.562623776104750117e+00, -1.473885066722979975e-01, -2.316723207646129590e-03, 2.109320860831429348e-02, 7.685956431434978753e-02, -2.851871754906814410e-02, 1.017306190765151358e-01, 6.745655596311718460e-02
1403638201745096960, -8.058807122261306688e+00, -2.736065830500565843e-01, 2.370361521811484629e+00, -1.223989918652983594e-01, -7.979379778956176006e-01, -1.239254745063164409e-01, 5.770233504725748030e-01, -4.043158668411105383e-01, -2.559154313036956729e+00, -1.923582373428175674e-01, -2.320399976879416234e-03, 2.109764357710235474e-02, 7.686112953322760122e-02, -2.881567860993362526e-02, 1.015202180867368353e-01, 6.655679260849792223e-02
1403638201795097088, -8.077184986771367647e+00, -3.957982041370979309e-01, 2.359199373564160318e+00, -1.220913974607501784e-01, -7.979691355640188277e-01, -1.256331292365772123e-01, 5.766760496080266529e-01, -3.901401225467587830e-01, -2.558397540323128272e+00, -2.224346102394068880e-01, -2.323972071220354371e-03, 2.110049609304259430e-02, 7.686193284783884860e-02, -2.884766133308058408e-02, 1.009294948835893768e-01, 6.644006907905740389e-02
1403638201845096960, -8.086582637921015504e+00, -5.056568032945587543e-01, 2.348242338558395925e+00, -1.242017836713078666e-01, -7.968613443830617760e-01, -1.229170357272044434e-01, 5.783401396141566453e-01, -3.706204105044166863e-01, -2.554806404748992676e+00, -2.525587961679092719e-01, -2.334864085756909249e-03, 2.109695993867425484e-02, 7.685713650677145070e-02, -2.935716631731347809e-02, 1.050336458097604064e-01, 6.498219540149227647e-02
1403638201895097088, -8.105996756641946632e+00, -6.394495359874319274e-01, 2.336137145413014427e+00, -1.238478614641672776e-01, -7.977829316819105010e-01, -1.234917738862989639e-01, 5.770215619109773098e-01, -3.508523337634699146e-01, -2.569247964773742954e+00, -2.566716198656219250e-01, -2.334071283245570724e-03, 2.109767129460635507e-02, 7.685675879270874311e-02, -2.938249403343075675e-02, 1.057321954949489440e-01, 6.494069780717093288e-02
1403638201945096960, -8.120376333796313517e+00, -7.677063545228464125e-01, 2.324417763900838985e+00, -1.225624837681762586e-01, -7.982980760202299519e-01, -1.220339400099999527e-01, 5.768936963432781395e-01, -3.240913561386328801e-01, -2.584165981951075164e+00, -2.459202837593708890e-01, -2.332083862204999657e-03, 2.109786178338549784e-02, 7.685727984859994089e-02, -2.937420948397830370e-02, 1.057347900063541624e-01, 6.498339212250991981e-02
1403638201995097088, -8.141081057299244250e+00, -8.968860864522681942e-01, 2.312070911940729889e+00, -1.195389828194928783e-01, -7.991384862743249329e-01, -1.195369780947307253e-01, 5.768873566040787493e-01, -2.929963634863889110e-01, -2.598803772475262619e+00, -2.104656835303140849e-01, -2.337468752020772141e-03, 2.110112539043893995e-02, 7.686002307570688474e-02, -2.959910489250929672e-02, 1.061152552538067589e-01, 6.434057493037402542e-02
1403638202045096960, -8.162249232937275778e+00, -1.029152474752407453e+00, 2.301184749884162883e+00, -1.173042219761960825e-01, -7.997418866955485761e-01, -1.155157838995873598e-01, 5.773289684757449969e-01, -2.649046497242770748e-01, -2.609428031286606053e+00, -2.012992179705476725e-01, -2.339888918639509985e-03, 2.110212470350282185e-02, 7.686303059998937648e-02, -2.979828346711078935e-02, 1.066827191711162137e-01, 6.378162743828487413e-02
1403638202095097088, -8.177345287026815512e+00, -1.161228534728620421e+00, 2.291831396198574122e+00, -1.171946862087346192e-01, -8.009008861158788406e-01, -1.090212923881375556e-01, 5.770073950559529985e-01, -2.522244936777368052e-01, -2.613802569262854814e+00, -1.788887831125464956e-01, -2.342445513140953197e-03, 2.110143244515938488e-02, 7.686366438266795109e-02, -2.989856974217528288e-02, 1.066657181259201004e-01, 6.354229283401346962e-02
1403638202145096960, -8.193723157729232653e+00, -1.293778138803280076e+00, 2.284653819636050187e+00, -1.169787855485643902e-01, -8.031556039377798495e-01, -1.030113766786223545e-01, 5.750179961268154782e-01, -2.359979772470419679e-01, -2.613673910275689405e+00, -1.437548595473817636e-01, -2.337326779722828218e-03, 2.110132403313872210e-02, 7.686126861856050485e-02, -3.003027906375922013e-02, 1.068391937496594307e-01, 6.321821326363724625e-02
1403638202195097088, -8.209035785325996315e+00, -1.428662591247657598e+00, 2.280446623896507319e+00, -1.174881743341687906e-01, -8.046856668287999392e-01, -9.707661206604405180e-02, 5.738062720829151253e-01, -2.022482886268263114e-01, -2.605528569105018288e+00, -1.147289774165778792e-01, -2.332166223033318476e-03, 2.110045667723980251e-02, 7.685963840059915897e-02, -3.022025012954915324e-02, 1.068239142005124598e-01, 6.278804251309058615e-02
1403638202245096960, -8.222999386262335619e+00, -1.561110743415810687e+00, 2.276225146922729259e+00, -1.176825237943936037e-01, -8.071442604804592857e-01, -9.216657594450908264e-02, 5.711167031750162826e-01, -1.873470709259723033e-01, -2.597626313754713312e+00, -7.595028283899048216e-02, -2.327388391511154772e-03, 2.110573447526105720e-02, 7.686411010162554069e-02, -2.972496240066229908e-02, 1.045156898450662203e-01, 6.418053389335122427e-02
1403638202295097088, -8.237773011925417777e+00, -1.692174473891426389e+00, 2.274074016737718473e+00, -1.167017728381076203e-01, -8.099411944149944587e-01, -8.913045342250214276e-02, 5.678307142791363393e-01, -2.126602464353536392e-01, -2.575722618338788905e+00, -3.809579938762300277e-02, -2.327828651073176377e-03, 2.110888414892097761e-02, 7.686428240673714996e-02, -2.998329300942690137e-02, 1.046028693277328697e-01, 6.352652532265186391e-02
1403638202345096960, -8.256810251461557115e+00, -1.820994896309447553e+00, 2.275225184170881043e+00, -1.169926203541939991e-01, -8.103608617932420710e-01, -8.513109319011483156e-02, 5.677857848067611179e-01, -2.101080205910431375e-01, -2.541242510445943736e+00, -8.304652727775325614e-05, -2.337305573726927103e-03, 2.111517855734822494e-02, 7.686955366902079034e-02, -3.053012422987204377e-02, 1.046690651567539071e-01, 6.215366988163617545e-02
1403638202395097088, -8.270931581957173151e+00, -1.946960576654201303e+00, 2.273936327603301333e+00, -1.151831299236247691e-01, -8.117621697062881170e-01, -8.517746847057047765e-02, 5.661447034810817014e-01, -2.276163698470628771e-01, -2.518406900940137749e+00, -2.684527223857353581e-02, -2.343071842154529662e-03, 2.111760932194005347e-02, 7.687169604733579131e-02, -3.067025230969637820e-02, 1.048391075853048193e-01, 6.173755078992469031e-02
1403638202445096960, -8.288623252817707510e+00, -2.073088485489196220e+00, 2.269451914649995405e+00, -1.147337966231702089e-01, -8.121727518674893842e-01, -8.322508559346573909e-02, 5.659374189469917882e-01, -2.387372116789710785e-01, -2.498192239440279572e+00, -4.745186680883631269e-02, -2.350316496681855664e-03, 2.112006096409631967e-02, 7.687701725793044671e-02, -3.072074123248912450e-02, 1.055890485187032796e-01, 6.148745742022735522e-02
1403638202495097088, -8.303732653461267432e+00, -2.193656535425790199e+00, 2.262364933135456724e+00, -1.139269984060310437e-01, -8.125904929311816849e-01, -8.264539121523190035e-02, 5.655855984224960054e-01, -2.373683369250521591e-01, -2.477870815836998641e+00, -1.001405984522625026e-01, -2.354893413301266739e-03, 2.111846439322563260e-02, 7.687776598680577667e-02, -3.071037064104753175e-02, 1.055296858213271294e-01, 6.139849417101925222e-02
1403638202545096960, -8.312057298688916518e+00, -2.311276701533353517e+00, 2.255295093248579352e+00, -1.149365350133905589e-01, -8.130122861655444400e-01, -8.009534409456640913e-02, 5.651418860050665405e-01, -2.413563273892163630e-01, -2.442173458852559431e+00, -1.285782344627888762e-01, -2.354533093613795768e-03, 2.111969825012892377e-02, 7.687625868831644838e-02, -3.060398366251385407e-02, 1.052137128864735760e-01, 6.164755775812123112e-02
1403638202595097088, -8.323349891551636404e+00, -2.419742339657522390e+00, 2.247269704463009443e+00, -1.158798821605864643e-01, -8.133637089035498091e-01, -7.819890551356320496e-02, 5.647090057061165957e-01, -2.400820421943676009e-01, -2.401910033516887921e+00, -1.704370895698739674e-01, -2.353147679608627498e-03, 2.112595365507122236e-02, 7.687232978587495158e-02, -2.961075011130841553e-02, 1.042396032625234198e-01, 6.424846580031279286e-02
1403638202645096960, -8.338353951931305019e+00, -2.539535312836481484e+00, 2.238363569284077315e+00, -1.161158824887337931e-01, -8.145080377608771016e-01, -7.759684544826064845e-02, 5.630918999890398569e-01, -2.503917076738721992e-01, -2.370574285196757280e+00, -1.785267857461013408e-01, -2.355927531060579908e-03, 2.112736086960863985e-02, 7.687283781211531886e-02, -2.977014099174345174e-02, 1.043336037813298589e-01, 6.382974073327377096e-02
1403638202695097088, -8.351196191351354159e+00, -2.658184350998179291e+00, 2.228813411046642656e+00, -1.164796264699155814e-01, -8.145830812169426727e-01, -7.724566381007003102e-02, 5.629564884030403560e-01, -2.576270305514707926e-01, -2.337708959804723374e+00, -2.082276227398430768e-01, -2.356056717520190000e-03, 2.112836209078149466e-02, 7.687430728212212017e-02, -2.987451378416632053e-02, 1.044445724076386722e-01, 6.355787168559377809e-02
1403638202745096960, -8.358997315442785236e+00, -2.774042003574930249e+00, 2.218307280245855662e+00, -1.163229805424885743e-01, -8.144729698412859209e-01, -7.765902864169510478e-02, 5.630913077521761956e-01, -2.477615890321987757e-01, -2.302935831421466961e+00, -2.450031465756783988e-01, -2.355134531172454158e-03, 2.112628065329758692e-02, 7.687388013654816721e-02, -2.970575094746405811e-02, 1.042953520893510067e-01, 6.402207070283605361e-02
1403638202795097088, -8.368130489931365545e+00, -2.881263276916957494e+00, 2.204620603648407950e+00, -1.159545829992706251e-01, -8.140198228486791310e-01, -7.876069079552246166e-02, 5.636692436848782517e-01, -2.490933442885810423e-01, -2.264123091455049863e+00, -2.511653628266031224e-01, -2.354907416803167335e-03, 2.112562506131114223e-02, 7.687379200525047696e-02, -2.967488028769379310e-02, 1.036852886700059956e-01, 6.405765230125279319e-02
1403638202845096960, -8.379016963790506978e+00, -2.991422399431667767e+00, 2.190269878757212574e+00, -1.157181895121102977e-01, -8.133512896706867057e-01, -7.956635411567718197e-02, 5.645690174813076112e-01, -2.496622331310452414e-01, -2.244086791771707112e+00, -2.608358908919560237e-01, -2.349959859393445719e-03, 2.112617029303257704e-02, 7.687361224948927041e-02, -2.958043042118131336e-02, 1.036604910214001390e-01, 6.425209363487587033e-02
1403638202895097088, -8.391514595125613596e+00, -3.100125335393269843e+00, 2.175498435100281291e+00, -1.152125449475413371e-01, -8.127049068252126807e-01, -8.075759820068348360e-02, 5.654334746385203392e-01, -2.472361556843694907e-01, -2.218707591401282819e+00, -2.609540259200721635e-01, -2.352611122908980848e-03, 2.112609278929881637e-02, 7.687383722770987915e-02, -2.956160467574009409e-02, 1.036714146308828910e-01, 6.424888754753739495e-02
1403638202945096960, -8.407112540171036486e+00, -3.187874417769647195e+00, 2.161727498246837520e+00, -1.163341385295462438e-01, -8.125365702131768231e-01, -7.992563290009180310e-02, 5.655639517192688759e-01, -2.326734672291800032e-01, -2.177270539497902391e+00, -2.378284536869484933e-01, -2.359873580666891485e-03, 2.113150328790323190e-02, 7.687134812601714717e-02, -2.948882413904413413e-02, 1.043297939684551257e-01, 6.435881159031764387e-02
1403638202995097088, -8.420810040457872958e+00, -3.293330696523704582e+00, 2.147997096858644817e+00, -1.167574918110332732e-01, -8.118478473016693675e-01, -7.955949101737433415e-02, 5.665165913957844745e-01, -2.381935526600014452e-01, -2.154512645365230572e+00, -2.269161172015624062e-01, -2.363564333723716052e-03, 2.113361651185012569e-02, 7.687215032139829707e-02, -2.957077450750431741e-02, 1.044960729560690527e-01, 6.405701398977933780e-02
1403638203045096960, -8.437451361143875062e+00, -3.390042480137323011e+00, 2.133623514431199464e+00, -1.173859309187336858e-01, -8.111651037164703260e-01, -7.900237629565766417e-02, 5.674419285483136566e-01, -2.331908669190840833e-01, -2.120112325891278182e+00, -2.021551319467254637e-01, -2.365159485462177327e-03, 2.113834596361367432e-02, 7.687365813272085957e-02, -2.984099196509392218e-02, 1.040358242229244279e-01, 6.323391463393522594e-02
1403638203095097088, -8.445642375216658948e+00, -3.489256884767288902e+00, 2.124131032828615595e+00, -1.172683361596256468e-01, -8.110887160480741986e-01, -7.925641050028449375e-02, 5.675400016108557155e-01, -2.174973311154176914e-01, -2.092084299265833280e+00, -1.642319877539699657e-01, -2.365396231234860765e-03, 2.113813327483865523e-02, 7.687300178898287539e-02, -2.980909583824432191e-02, 1.033898149588492188e-01, 6.332454935644078742e-02
1403638203145096960, -8.458212461884308198e+00, -3.589799221028028064e+00, 2.116649573627582548e+00, -1.165509623950824608e-01, -8.102064635882234578e-01, -8.093376135280015704e-02, 5.687100190764472485e-01, -2.114674446674977282e-01, -2.058371109175336944e+00, -1.048180839054887598e-01, -2.364548150469334645e-03, 2.114033312836721690e-02, 7.687340156986438577e-02, -2.993368872686141477e-02, 1.032865940120776815e-01, 6.294364832180913971e-02
1403638203195097088, -8.467187755266641247e+00, -3.697411596803257705e+00, 2.111935667170253605e+00, -1.150583148846670428e-01, -8.084914659482643762e-01, -8.312804094142701994e-02, 5.711329639181823570e-01, -2.025447125578451746e-01, -2.049272094274565248e+00, -8.803869778085467168e-02, -2.363044312690743866e-03, 2.113936601369477419e-02, 7.687298808278236750e-02, -2.979704253936532946e-02, 1.036062324386164690e-01, 6.327374668240898226e-02
1403638203245096960, -8.472903324124590796e+00, -3.803458876254298016e+00, 2.110954621885559934e+00, -1.137759193959145682e-01, -8.070668074880169574e-01, -8.500487417368453313e-02, 5.731250995929517700e-01, -1.970517433011857444e-01, -2.029730019179867284e+00, -2.825965665319510323e-02, -2.361218310704952215e-03, 2.113795233150594227e-02, 7.687272933708151623e-02, -2.972747289408253155e-02, 1.036115747814694149e-01, 6.349140369986733257e-02
1403638203295097088, -8.480411091899933140e+00, -3.897509260666156994e+00, 2.106706423768073932e+00, -1.142087537408068010e-01, -8.055510730276029818e-01, -8.421131929460996812e-02, 5.752845235322349149e-01, -1.634845266691920818e-01, -2.013440157301350730e+00, -1.976700331585055231e-02, -2.360106015407143713e-03, 2.113828791288292763e-02, 7.687066968680114631e-02, -2.965795209688008166e-02, 1.031654741749531701e-01, 6.359428617772741599e-02
1403638203345096960, -8.492247309677223299e+00, -4.000512253728495615e+00, 2.103938822074375992e+00, -1.147646421471130024e-01, -8.053222615598303324e-01, -8.351877188613932024e-02, 5.755951239296909216e-01, -1.483096000721355057e-01, -1.987650655063027738e+00, -3.048919503878277232e-02, -2.359282001818902540e-03, 2.114008989627783053e-02, 7.686944204230405919e-02, -2.968344214497697919e-02, 1.035782740157179943e-01, 6.346106434882219094e-02
1403638203395097088, -8.505156305794585592e+00, -4.104552644980987708e+00, 2.098755285946178439e+00, -1.149286932312408860e-01, -8.042850487687172034e-01, -8.269117516937801726e-02, 5.771300766277639438e-01, -1.405986942353759372e-01, -1.974350201129142057e+00, -6.092258047542243454e-02, -2.362110143364769873e-03, 2.114221916604728385e-02, 7.687176112705984554e-02, -2.970172819973606118e-02, 1.042491449338716070e-01, 6.328534351004652669e-02
1403638203445096960, -8.524684563860551734e+00, -4.184730499768305023e+00, 2.091378613559500277e+00, -1.156573732836649465e-01, -8.038398951191313424e-01, -8.146825763137148513e-02, 5.777782602508469978e-01, -1.400900582690122187e-01, -1.938557773541065732e+00, -8.941998391463247542e-02, -2.372227357185532209e-03, 2.114994435718630522e-02, 7.687430880195326999e-02, -2.917122129789827614e-02, 1.055644206389769746e-01, 6.452344388775915762e-02
1403638203495097088, -8.537821545213613916e+00, -4.284667964417734787e+00, 2.082001038570776341e+00, -1.162192683510667318e-01, -8.043927352344287796e-01, -8.084529530022083188e-02, 5.769830564183293653e-01, -1.384677039528828257e-01, -1.926437488308916368e+00, -1.220510378933525181e-01, -2.375844451842972979e-03, 2.115054995034030411e-02, 7.687639975616396282e-02, -2.918251177978161207e-02, 1.062793571479922206e-01, 6.435125048270030901e-02
1403638203545096960, -8.547935958554106151e+00, -4.376386088530583862e+00, 2.073732099685047459e+00, -1.168854063613971594e-01, -8.044954083059615568e-01, -7.968325445445265109e-02, 5.768669853214885013e-01, -1.237173124413441794e-01, -1.901886087098880518e+00, -1.397804169253915596e-01, -2.380635057259218937e-03, 2.115256646513359942e-02, 7.687680286728923451e-02, -2.931245623618871504e-02, 1.060138035534429479e-01, 6.395677450507282480e-02
1403638203595097088, -8.556919270531935240e+00, -4.475124555554145012e+00, 2.066685944029138078e+00, -1.182875655478926591e-01, -8.045743197622637899e-01, -7.785979921474117660e-02, 5.767200945710870830e-01, -1.120213748578406943e-01, -1.879023492775866000e+00, -1.320882235353858791e-01, -2.381305027611922091e-03, 2.115353975943744594e-02, 7.687823836167338720e-02, -2.934821321904242108e-02, 1.064340784023100478e-01, 6.383730323346557822e-02
1403638203645096960, -8.568407547592642004e+00, -4.571673476587731599e+00, 2.060124234686965927e+00, -1.179294967713178099e-01, -8.060837078214073692e-01, -7.824967834897121610e-02, 5.746291653009256706e-01, -1.202906423036749495e-01, -1.857038726483646762e+00, -8.499282835661808866e-02, -2.381852630276383442e-03, 2.115739042985602739e-02, 7.688087958308931213e-02, -2.953962855080475777e-02, 1.068456754151605598e-01, 6.329111306176876672e-02
1403638203695097088, -8.577009855519905912e+00, -4.668240247091397954e+00, 2.057627931316045711e+00, -1.184107245416014115e-01, -8.058223147623702065e-01, -7.734763338715081038e-02, 5.750188179129058774e-01, -8.619424795035214582e-02, -1.837612793134377753e+00, -6.847647184041710799e-02, -2.381017331021167971e-03, 2.115855490451458432e-02, 7.688210372827938843e-02, -2.967699225928002033e-02, 1.071291456769598582e-01, 6.295250274341147867e-02
1403638203745096960, -8.582008798058790688e+00, -4.774584253918104260e+00, 2.057754323229005866e+00, -1.183341153148490810e-01, -8.055444804455024199e-01, -7.751868131680771101e-02, 5.754007136103854725e-01, -7.411972229211774565e-02, -1.819247869535736584e+00, -1.131167790232899539e-02, -2.375540864026806902e-03, 2.115924871636979884e-02, 7.688283689682352817e-02, -2.958202531232440036e-02, 1.079737200075690517e-01, 6.321512611447895058e-02
1403638203795097088, -8.595222007893973171e+00, -4.889954065055987620e+00, 2.051756694196140263e+00, -1.171510054412668589e-01, -8.059091155469104706e-01, -7.918426276464408942e-02, 5.749052025620543516e-01, -7.554226432544655645e-02, -1.808857398488204371e+00, 6.836922552505098581e-03, -2.362701826059005090e-03, 2.116120318032705533e-02, 7.688174315284333760e-02, -2.880290190920737139e-02, 1.066728256315356976e-01, 6.514470483228068654e-02
1403638203845096960, -8.601076033009935173e+00, -4.978576836680009166e+00, 2.052866833160015059e+00, -1.170623132278100220e-01, -8.057646499390259676e-01, -7.870461724383048807e-02, 5.751915567486151071e-01, -6.979869720101063157e-02, -1.781888862305698762e+00, 4.485919274605284363e-02, -2.360717043354704833e-03, 2.116421327000519645e-02, 7.687912926549479720e-02, -2.895494052636092552e-02, 1.065078928550370480e-01, 6.472836022403048728e-02
1403638203895097088, -8.600902727678407800e+00, -5.069347712403544648e+00, 2.054797834424289427e+00, -1.161524681992376073e-01, -8.055897125930890912e-01, -7.957382928540794598e-02, 5.755013681897429567e-01, -3.789401560834355226e-02, -1.761730002162669617e+00, 6.730003325446905216e-02, -2.355864099214349458e-03, 2.116441668511219454e-02, 7.687649016757806819e-02, -2.875235102850756327e-02, 1.066514213697868085e-01, 6.523009928721028305e-02
1403638203945096960, -8.599758507282423636e+00, -5.151061811932035717e+00, 2.058202818496815745e+00, -1.161338468778460170e-01, -8.062259401421959515e-01, -7.866094109129335987e-02, 5.747391751027742801e-01, -3.049525501906457867e-02, -1.734249743719252335e+00, 1.025797922225755721e-01, -2.356150320684015798e-03, 2.116589481440951312e-02, 7.687389553109551243e-02, -2.872070931818648462e-02, 1.061326654322606311e-01, 6.530771403609825221e-02
1403638203995097088, -8.607655317327914446e+00, -5.255825484688585014e+00, 2.064953777877937657e+00, -1.159607756545590063e-01, -8.062866172339849813e-01, -7.791916995931590095e-02, 5.747900419560362240e-01, -2.204447033309598833e-02, -1.726324082256794457e+00, 1.212615145033263120e-01, -2.359887265784431105e-03, 2.116798188852218182e-02, 7.688062448256988146e-02, -2.884370313200703209e-02, 1.076235527791433721e-01, 6.497454877032629583e-02
1403638204045096960, -8.610137481036458595e+00, -5.346579908127594649e+00, 2.072398092921705626e+00, -1.161779242008707524e-01, -8.075504980858367876e-01, -7.643599944513369826e-02, 5.731687543459756951e-01, 1.469272602010354310e-03, -1.718195788137107716e+00, 1.734259312267674158e-01, -2.357744022793995149e-03, 2.116834658532606300e-02, 7.688198570928445053e-02, -2.888248226914503711e-02, 1.080779782713606613e-01, 6.487253410458758418e-02
1403638204095097088, -8.612118592408513962e+00, -5.446419330746693710e+00, 2.080565527364875322e+00, -1.158572332809066213e-01, -8.085830993127020028e-01, -7.596278333253862758e-02, 5.718392506209525328e-01, 3.378595851244031289e-03, -1.702819761815994815e+00, 2.071483460044095670e-01, -2.360346559512858933e-03, 2.116525104183733519e-02, 7.688543982109999342e-02, -2.872839967187090088e-02, 1.091007516202595756e-01, 6.522329157762106477e-02
1403638204145096960, -8.608293600943820678e+00, -5.532916645011255241e+00, 2.090405151578391685e+00, -1.168422358371736802e-01, -8.099881090273971518e-01, -7.349486537415472753e-02, 5.699698763289394732e-01, 1.008179639925142757e-02, -1.680101234547688005e+00, 2.411601583133959892e-01, -2.352213741239304445e-03, 2.116524115389338545e-02, 7.688345403228444286e-02, -2.883625036572445496e-02, 1.061708590225436816e-01, 6.497587941200091977e-02
1403638204195097088, -8.598840512330783170e+00, -5.624267038657793982e+00, 2.100021296799129189e+00, -1.187686753131472761e-01, -8.109685144504746868e-01, -7.037840932675294703e-02, 5.685692128800031719e-01, 2.360017815955789411e-02, -1.658957642734472104e+00, 2.736413673725612838e-01, -2.350891335277033051e-03, 2.116088805813698751e-02, 7.687989229534539226e-02, -2.818056446381149785e-02, 1.062788255700364559e-01, 6.661061294423892276e-02
1403638204245096960, -8.592429179604973655e+00, -5.726877813189797273e+00, 2.112258270645145153e+00, -1.211772073976124103e-01, -8.123310251236393054e-01, -6.668295784668799853e-02, 5.665578286121464302e-01, 1.958622785113365086e-02, -1.640956454532776831e+00, 3.002249191069203960e-01, -2.346000274304757289e-03, 2.115424580499350102e-02, 7.687921856404784926e-02, -2.754596008589926814e-02, 1.072726008856358382e-01, 6.821107110092405890e-02
1403638204295097088, -8.588213511615071738e+00, -5.813268397457982850e+00, 2.126989941389212824e+00, -1.251790248907691527e-01, -8.140026274354257296e-01, -6.098263039801878060e-02, 5.639246873877383770e-01, 2.194553603330257757e-02, -1.609588420478093029e+00, 3.125686256031224297e-01, -2.347066121719761957e-03, 2.115119717933866203e-02, 7.687902096511183003e-02, -2.730104128148823014e-02, 1.076045862816733534e-01, 6.883943199686989867e-02
1403638204345096960, -8.580207114698902515e+00, -5.898123630025843944e+00, 2.143551072572218441e+00, -1.302291132936823914e-01, -8.155703635254579753e-01, -5.450481145282615181e-02, 5.611725097669927331e-01, 2.816850696145486652e-02, -1.568665371997437052e+00, 3.199886271882576572e-01, -2.346259089875098527e-03, 2.115115373345037575e-02, 7.687758992259992319e-02, -2.860992315876250552e-02, 1.067152319507390090e-01, 6.540729094948666278e-02
1403638204395097088, -8.579599166101676389e+00, -5.982044548644591231e+00, 2.158218976830270197e+00, -1.340004853479218050e-01, -8.176479762906194715e-01, -4.982191182798195034e-02, 5.576857841976796681e-01, 2.060872475236926252e-02, -1.518436999720658154e+00, 3.309690087596051655e-01, -2.342875218349806891e-03, 2.115067528992433873e-02, 7.687706024167655083e-02, -2.850963600209315690e-02, 1.069976222875425043e-01, 6.562008832661542224e-02
1403638204445096960, -8.574175638252897969e+00, -6.067763695068912888e+00, 2.172411561767678911e+00, -1.369672283888103137e-01, -8.184058415289735544e-01, -4.672415372668575068e-02, 5.561193310407984702e-01, 1.989611724990176383e-02, -1.470903314677781237e+00, 3.000941059614464224e-01, -2.343217519473405133e-03, 2.114908748887951370e-02, 7.687482596514660926e-02, -2.804812896865982452e-02, 1.074134749980607539e-01, 6.678280704385462785e-02
1403638204495097088, -8.575670623990712116e+00, -6.137754394299185456e+00, 2.185217875837411228e+00, -1.386838148281088479e-01, -8.186961694866808914e-01, -4.528862913193681256e-02, 5.553848410281906345e-01, 1.111351474221381613e-02, -1.418196969420436604e+00, 2.818057983591990556e-01, -2.339717280914564018e-03, 2.115006443995732024e-02, 7.686849197833120484e-02, -2.814958612357590373e-02, 1.068713349522445732e-01, 6.646019751648946094e-02
1403638204545096960, -8.566292506517809713e+00, -6.202447506195380100e+00, 2.202252221507463137e+00, -1.397864204522834553e-01, -8.181335714975479512e-01, -4.463612558149090970e-02, 5.559899568687169946e-01, 5.992046486444692691e-03, -1.360098388630556210e+00, 2.694336878902576782e-01, -2.340871073779638226e-03, 2.114866840532690639e-02, 7.686403749221354387e-02, -2.856945267974346850e-02, 1.065938924333607180e-01, 6.546042791122873294e-02
1403638204595097088, -8.562977608221668646e+00, -6.271284031740466780e+00, 2.213711929577927950e+00, -1.392700683373942205e-01, -8.167589204276135550e-01, -4.362997075791813506e-02, 5.582160331080433524e-01, -9.799380498414897358e-04, -1.308614310084523780e+00, 2.207194826969640367e-01, -2.339685999915438411e-03, 2.114823849934144989e-02, 7.685974987727782481e-02, -2.825773097594147520e-02, 1.065261716296617839e-01, 6.625045067577545188e-02
1403638204645096960, -8.571073358174539081e+00, -6.349357273310153538e+00, 2.222228240443479663e+00, -1.368486729745257702e-01, -8.169047275593600554e-01, -4.306567951535729410e-02, 5.586451951320798859e-01, -1.207249166934414725e-02, -1.269432473550883955e+00, 1.859025997963198173e-01, -2.341122916690203080e-03, 2.114957622615097621e-02, 7.686143130798249457e-02, -2.850645233056595118e-02, 1.076258165672690365e-01, 6.550586919356440885e-02
1403638204695097088, -8.568828735817202613e+00, -6.410355990131671788e+00, 2.229978735107320809e+00, -1.317767473244320642e-01, -8.173981584245254561e-01, -4.344702416034056797e-02, 5.591131330602047145e-01, -1.506742406810008747e-02, -1.228191236551363419e+00, 1.551751997950709117e-01, -2.337290024653486398e-03, 2.114954478868172685e-02, 7.685959831260946729e-02, -2.834120374942098244e-02, 1.073210662171051738e-01, 6.592194080967751779e-02
1403638204745096960, -8.566245569073904775e+00, -6.477708767853586735e+00, 2.233882772700560793e+00, -1.242088641621994782e-01, -8.183584093228292167e-01, -4.461426991758216110e-02, 5.593489419618725700e-01, -1.999826268536740795e-02, -1.185523889374052731e+00, 1.210695581924569053e-01, -2.334048414252235838e-03, 2.114709346491545558e-02, 7.685623459705973048e-02, -2.793365034710809311e-02, 1.075167556755681486e-01, 6.690063123579595428e-02
1403638204795097088, -8.562550149497514695e+00, -6.534769671735501717e+00, 2.236470425570012299e+00, -1.148205881351799518e-01, -8.193783992380782033e-01, -4.574922124163003506e-02, 5.597698457027855401e-01, -1.550059102021987371e-02, -1.147979007648167071e+00, 8.442758027379304586e-02, -2.334404781076338583e-03, 2.114534319127067685e-02, 7.685314648614445521e-02, -2.765475727723418209e-02, 1.071392988393018858e-01, 6.755267090827600518e-02
1403638204845096960, -8.564793517982728588e+00, -6.590219219886714441e+00, 2.238949710487688094e+00, -1.021914980134300127e-01, -8.199008266655090083e-01, -4.823866565257520223e-02, 5.612419828407753108e-01, -2.634207072512715492e-02, -1.124758580866106916e+00, 4.437982084344642419e-02, -2.339115985090632881e-03, 2.114703674490604410e-02, 7.685406397231929476e-02, -2.771460995377806116e-02, 1.072511500040912030e-01, 6.733621556099847472e-02
1403638204895097088, -8.568157644735661549e+00, -6.642538408321860821e+00, 2.238602418709608077e+00, -8.780786085942673957e-02, -8.199398467090522891e-01, -4.948596205904652601e-02, 5.635064923398114267e-01, -3.528950406448805310e-02, -1.108438867964118613e+00, 9.641938120675973625e-03, -2.342697907150046843e-03, 2.114950805277066373e-02, 7.685402579824503200e-02, -2.776069311341924917e-02, 1.070101971748937675e-01, 6.714992814473520755e-02
1403638204945096960, -8.571231121091852145e+00, -6.704700594832559979e+00, 2.238786420998065463e+00, -7.333310338324948441e-02, -8.208002488547585518e-01, -4.711517095181966958e-02, 5.645257904598594001e-01, -3.997943123536259330e-02, -1.111732808355113233e+00, -2.025502570049598355e-02, -2.343603056518817063e-03, 2.114863664023941200e-02, 7.685749939647738838e-02, -2.781273655106144063e-02, 1.074967614051388215e-01, 6.702176872413349862e-02
1403638204995097088, -8.571261547396574088e+00, -6.768380218963462092e+00, 2.237506003098852503e+00, -5.792626576582551867e-02, -8.213059965247966332e-01, -4.281009523752470763e-02, 5.659225243375561876e-01, -4.712024562692081198e-02, -1.113275016722196753e+00, -4.481906473865025081e-02, -2.339339072155902088e-03, 2.114352866061387434e-02, 7.686171345351015816e-02, -2.831724580112886247e-02, 1.067467912832575638e-01, 6.569192982686809790e-02
1403638205045096960, -8.571143123742947623e+00, -6.818837020439856289e+00, 2.230875257187097560e+00, -4.095260366791052958e-02, -8.216293216142335210e-01, -3.708040990414458726e-02, 5.673386866043016452e-01, -5.841155556270449106e-02, -1.120499967105528460e+00, -8.047390851421874769e-02, -2.336483859693986882e-03, 2.114167712771492652e-02, 7.686011453270637228e-02, -2.806586725589141004e-02, 1.062352434824931635e-01, 6.623922886540897781e-02
1403638205095097088, -8.570949782847929299e+00, -6.869568658540521788e+00, 2.224917802936789535e+00, -2.323015189211453599e-02, -8.223536826132196165e-01, -2.878417698702278454e-02, 5.677730637241654721e-01, -5.762338393731662040e-02, -1.124651198685552078e+00, -9.253696757856361144e-02, -2.333526271009454724e-03, 2.113976462798420469e-02, 7.685774771827015572e-02, -2.787245366782810374e-02, 1.059366598359957196e-01, 6.668713147127362795e-02
1403638205145096960, -8.572894565792246624e+00, -6.926682819147386816e+00, 2.219899984861475328e+00, -5.485021116060055310e-03, -8.227276517279983326e-01, -1.690963989754498339e-02, 5.681577155192256701e-01, -5.499799227972891613e-02, -1.135182289988968529e+00, -7.518814889424987880e-02, -2.329231169836626716e-03, 2.113805291775137235e-02, 7.685629726823856034e-02, -2.783171759838097559e-02, 1.060319980051318833e-01, 6.676590335192308934e-02
1403638205195097088, -8.575628538870356365e+00, -6.981960116901368529e+00, 2.216021866260666773e+00, 1.350943636409842122e-02, -8.217621457062320722e-01, -3.748713218463596477e-03, 5.696581590415602525e-01, -5.800351019341629111e-02, -1.141644430136732558e+00, -4.056057674192843632e-02, -2.331891602002600546e-03, 2.113895837597713073e-02, 7.685852401824735947e-02, -2.777105385221670386e-02, 1.059905585046010817e-01, 6.687634151596391630e-02
1403638205245096960, -8.579777370033353279e+00, -7.044879946312335051e+00, 2.215958302963568549e+00, 3.403154991889697362e-02, -8.209927339519724754e-01, 9.252712195202508413e-03, 5.698483760836878798e-01, -6.403621922772063935e-02, -1.156908876988028245e+00, 9.045339032489600750e-03, -2.334198781938752031e-03, 2.113888742045156102e-02, 7.686265187883672967e-02, -2.777207769242885649e-02, 1.067142766171419871e-01, 6.686517142327645657e-02
1403638205295097088, -8.585336860118497171e+00, -7.085566080053769866e+00, 2.215835003146902071e+00, 5.414263498696614968e-02, -8.189379812070063380e-01, 2.371243450806229114e-02, 5.708299908580154458e-01, -7.127465158306740822e-02, -1.146795050170975161e+00, 4.504210475116124379e-02, -2.336159307155935647e-03, 2.114181443369466187e-02, 7.686116767690820417e-02, -2.792304525249663869e-02, 1.056860994068892917e-01, 6.642450407094749321e-02
1403638205345096960, -8.584668153789367651e+00, -7.144250313898413474e+00, 2.219000648651690888e+00, 7.411329245943763799e-02, -8.161262626597128866e-01, 3.852110188580503553e-02, 5.718052710385020942e-01, -6.533875239236117127e-02, -1.157376000297127616e+00, 7.489017116962629061e-02, -2.336396825906041173e-03, 2.114018367189328049e-02, 7.686097461669043340e-02, -2.766047006254703997e-02, 1.057550643608025365e-01, 6.711684602835255031e-02
1403638205395097088, -8.588698549253226844e+00, -7.193752445004520268e+00, 2.223702831078230080e+00, 9.503448724723957686e-02, -8.122712888599646908e-01, 5.163249623374768782e-02, 5.731647972966397164e-01, -6.506204601851479918e-02, -1.143298764282755897e+00, 1.262696919771715276e-01, -2.344340403625264167e-03, 2.114036835549405746e-02, 7.686266483846508624e-02, -2.815896652199944075e-02, 1.066040013627608946e-01, 6.574492808555437717e-02
1403638205445096960, -8.591675437835085916e+00, -7.260877266951617948e+00, 2.230397841455411978e+00, 1.143030299272043693e-01, -8.081308434041623023e-01, 6.337671184373049049e-02, 5.743193795130152601e-01, -5.904580192667557154e-02, -1.145262367549141347e+00, 1.599997410872307790e-01, -2.351211918221458256e-03, 2.113815086316186975e-02, 7.686516982159155575e-02, -2.797933936802157739e-02, 1.071405711031336305e-01, 6.617681082563184325e-02
1403638205495097088, -8.593833448522461893e+00, -7.331602371037413413e+00, 2.238659857879293558e+00, 1.341095278321361439e-01, -8.033403768224152142e-01, 6.993042263858852137e-02, 5.759935846006012383e-01, -4.627491818548394586e-02, -1.149040967497439114e+00, 1.894543908376762897e-01, -2.354418171917257822e-03, 2.113481210095783172e-02, 7.686709726237432594e-02, -2.782097780057714992e-02, 1.078332986947643513e-01, 6.654428045591455343e-02
1403638205545096960, -8.595910149628426922e+00, -7.386108057710671027e+00, 2.248997467595827526e+00, 1.510316984990825728e-01, -7.991727480440805609e-01, 7.485888929619650967e-02, 5.769822280846219620e-01, -1.153983546265701515e-02, -1.143840897293273429e+00, 2.226080418564009289e-01, -2.355061778917087820e-03, 2.113455749443790554e-02, 7.686727764479688030e-02, -2.787802625208494339e-02, 1.076824575761287511e-01, 6.639686203331422731e-02
1403638205595097088, -8.585668207979317401e+00, -7.451465653390997979e+00, 2.263003268090966635e+00, 1.664335169889075983e-01, -7.943180458058338722e-01, 7.712143188874756583e-02, 5.791467959622443873e-01, 2.567185161569420643e-02, -1.157029645317874778e+00, 2.676635538190705321e-01, -2.354463590329930120e-03, 2.112929540393434710e-02, 7.686575414387747385e-02, -2.738755359582708063e-02, 1.079248622816075115e-01, 6.772837101499074031e-02
1403638205645096960, -8.579852600657439154e+00, -7.502767038176788361e+00, 2.279864961787841704e+00, 1.791189412053282581e-01, -7.888139575348854793e-01, 7.823903328019325698e-02, 5.827242906993108651e-01, 4.992968819705607270e-02, -1.166404177438420842e+00, 2.938489346929414325e-01, -2.351364918850077940e-03, 2.113050770137320580e-02, 7.686547661771582496e-02, -2.745866324199536246e-02, 1.076891527147018079e-01, 6.764924441746786310e-02
1403638205695097088, -8.569001072111060324e+00, -7.564166652607261732e+00, 2.297214860260859304e+00, 1.899441849791087544e-01, -7.837988362497401162e-01, 7.910748402826131565e-02, 5.859373659845340532e-01, 8.660855581883529497e-02, -1.199370535059627763e+00, 3.294709656811978249e-01, -2.347576320314279097e-03, 2.112815944480495381e-02, 7.686451142917156976e-02, -2.807186187241308625e-02, 1.075621668047292978e-01, 6.606662664423817999e-02
1403638205745096960, -8.561730410568944905e+00, -7.638175868154949200e+00, 2.312649389995355520e+00, 1.991791769755006936e-01, -7.795319004954386344e-01, 8.100392470444832405e-02, 5.882992739684519412e-01, 1.303076017406363529e-01, -1.235859997718779857e+00, 3.446600589656271252e-01, -2.346264378623195979e-03, 2.112441328524468712e-02, 7.686696105668400225e-02, -2.773799984730097173e-02, 1.083936408245857325e-01, 6.686882112335688910e-02
1403638205795097088, -8.553372341891414266e+00, -7.709412826091262438e+00, 2.328789925514482384e+00, 2.073609294063833708e-01, -7.768264450582916814e-01, 8.531017997714855639e-02, 5.884422591946337766e-01, 1.843143280571204468e-01, -1.281949224869932902e+00, 3.522992561753175988e-01, -2.347433999111807508e-03, 2.112170106465417058e-02, 7.687029168342865426e-02, -2.758473888331245891e-02, 1.092492772399750040e-01, 6.721265047852738317e-02
1403638205845096960, -8.551934551701606324e+00, -7.766044825441473343e+00, 2.346335053303861162e+00, 2.156010584821475840e-01, -7.747574459936835689e-01, 9.063816191797224864e-02, 5.874111056686394106e-01, 2.383419446489364324e-01, -1.305850705389028032e+00, 3.796173870849181009e-01, -2.347250981018008525e-03, 2.112574925287744390e-02, 7.687132963039981781e-02, -2.804850840343310614e-02, 1.087230202044680433e-01, 6.597551293872939981e-02
1403638205895097088, -8.541472750446548190e+00, -7.828345473663098630e+00, 2.365888619305577034e+00, 2.240846231372566610e-01, -7.736009130365525399e-01, 9.671649616568603336e-02, 5.847851130046651802e-01, 2.634907167709553688e-01, -1.347290622463780396e+00, 3.932854500369860618e-01, -2.345414079080492247e-03, 2.112645574640049234e-02, 7.687028085312361259e-02, -2.823529254589705537e-02, 1.081772278587449787e-01, 6.551302725978341845e-02
1403638205945096960, -8.530799880070293995e+00, -7.889690939954913773e+00, 2.387388787596540052e+00, 2.323262372566302914e-01, -7.717457373000183862e-01, 1.049985690091784635e-01, 5.825876216908937311e-01, 3.040883659578428877e-01, -1.379715818893278989e+00, 4.062618874266673008e-01, -2.346077499340647188e-03, 2.112803687065299002e-02, 7.687045637346585913e-02, -2.848458874640191762e-02, 1.080724350475390366e-01, 6.488541334711542263e-02
1403638205995097088, -8.520727928938990559e+00, -7.958917569688071403e+00, 2.409994086790557155e+00, 2.398307122852697815e-01, -7.706211046117122931e-01, 1.152965292172340311e-01, 5.790777606869600413e-01, 3.381164004379994537e-01, -1.412460350765470496e+00, 4.629821791937537845e-01, -2.343171283744648666e-03, 2.113043108985634966e-02, 7.686965977504714442e-02, -2.882399748424119973e-02, 1.076914249683311176e-01, 6.401558320245250011e-02
1403638206045096960, -8.489852820049415882e+00, -8.046901140537103814e+00, 2.436550573913647266e+00, 2.489779431758387951e-01, -7.687941060282461603e-01, 1.235982641592274223e-01, 5.759245397141752321e-01, 4.040782604183046356e-01, -1.441732253329563118e+00, 4.877884976562223418e-01, -2.337967874809014548e-03, 2.112730175978050698e-02, 7.687190847706153185e-02, -2.818587160487395771e-02, 1.072969455821506102e-01, 6.578361208200157739e-02
1403638206095097088, -8.465284707857598789e+00, -8.117979862695383630e+00, 2.461224478409822058e+00, 2.575410495314259252e-01, -7.660190351007214460e-01, 1.324479515252917627e-01, 5.738858647905221710e-01, 4.515481997652993629e-01, -1.447362549438068857e+00, 5.110046180234458779e-01, -2.340024937113938976e-03, 2.112275967522902684e-02, 7.687339768194673129e-02, -2.788743372815935886e-02, 1.077016500018172646e-01, 6.654484662927433181e-02
1403638206145096960, -8.439518213187270135e+00, -8.187086474524440050e+00, 2.486287256490498088e+00, 2.662409036735501333e-01, -7.625900011481803187e-01, 1.411555650566812814e-01, 5.724049072234084212e-01, 4.856897268248488442e-01, -1.469168881275480398e+00, 5.206138477189514724e-01, -2.340220168283784971e-03, 2.112101364834759881e-02, 7.687524696060925311e-02, -2.778322668051761563e-02, 1.078401982903503392e-01, 6.680012198641284427e-02
1403638206195097088, -8.404323905462405264e+00, -8.252707388391291587e+00, 2.514458105945366562e+00, 2.748249090837133757e-01, -7.593395139201332134e-01, 1.489873510273692359e-01, 5.706816460869509333e-01, 5.262069599419996191e-01, -1.471008710837608868e+00, 5.040508792859698106e-01, -2.345012891932232550e-03, 2.111859835970044535e-02, 7.687481763909127797e-02, -2.745708762759767330e-02, 1.079420463935214375e-01, 6.772399142741200584e-02
1403638206245096960, -8.374144011055447478e+00, -8.318189958411370100e+00, 2.541268916799626076e+00, 2.828185550619145006e-01, -7.558277648539913907e-01, 1.569984810823499555e-01, 5.692886190030023164e-01, 5.631443549073540389e-01, -1.476135514089942591e+00, 4.804035272687949831e-01, -2.344048580525236441e-03, 2.111755607064394469e-02, 7.687298735550544826e-02, -2.738530757843639710e-02, 1.075104705288878193e-01, 6.797844453408634358e-02
1403638206295097088, -8.328181912943527720e+00, -8.357055899945997623e+00, 2.565264242168270759e+00, 2.893123164854960461e-01, -7.523241142952502569e-01, 1.664685763136143082e-01, 5.679744921031065763e-01, 6.111318998529505775e-01, -1.463000763225784651e+00, 4.425538464365529889e-01, -2.357472056860608883e-03, 2.111585449644709164e-02, 7.686893609309336517e-02, -2.784566760357319246e-02, 1.087916697373192548e-01, 6.676574210225937056e-02
1403638206345096960, -8.294377185341113901e+00, -8.418531419384553516e+00, 2.586260502610030709e+00, 2.925802789110052426e-01, -7.504174701843934203e-01, 1.785193046136785144e-01, 5.651559596382772499e-01, 6.381542062009766259e-01, -1.441379838292108584e+00, 4.102589468351821589e-01, -2.354938895294801833e-03, 2.111399157596111423e-02, 7.686871267019181053e-02, -2.774072971857961811e-02, 1.082997729316539925e-01, 6.704944019604738847e-02
1403638206395097088, -8.264798790335193601e+00, -8.484576502900589290e+00, 2.603025381571326236e+00, 2.956366402310312003e-01, -7.487615847375425071e-01, 1.868279667932468413e-01, 5.630722662306617554e-01, 6.621506648691883878e-01, -1.420576230190661260e+00, 3.759141789022741875e-01, -2.351766304036234049e-03, 2.111304943591700220e-02, 7.686956745869748253e-02, -2.778408069396022528e-02, 1.086086971149224922e-01, 6.683950962974245791e-02
1403638206445096960, -8.228153888919457870e+00, -8.551305794906106428e+00, 2.621153635995217890e+00, 2.972602295923977289e-01, -7.472279599744995338e-01, 1.950248323779590898e-01, 5.614731039782510091e-01, 6.889331934834455051e-01, -1.406339814433461122e+00, 3.429325873235606892e-01, -2.355012468003328877e-03, 2.111325123305073451e-02, 7.687095205087111915e-02, -2.764337692148394546e-02, 1.083513920783551326e-01, 6.721979518339601944e-02
1403638206495097088, -8.189308353906534776e+00, -8.604364350400336647e+00, 2.634050923154305668e+00, 2.986851128289636503e-01, -7.452449379663523832e-01, 2.010484296953934658e-01, 5.612278634626880480e-01, 7.137925547050200104e-01, -1.375715046987829426e+00, 3.072403481845406015e-01, -2.361315796916339024e-03, 2.111004892154275461e-02, 7.687163799161360334e-02, -2.721538373481699122e-02, 1.080044990365253560e-01, 6.824731663733926701e-02
1403638206545096960, -8.149541838949613037e+00, -8.665955161892487268e+00, 2.649974927311419037e+00, 2.995306068877045536e-01, -7.438722495038311289e-01, 2.062421126941880734e-01, 5.607135479966856018e-01, 7.393652805377538551e-01, -1.348113278143320271e+00, 2.710621482377775782e-01, -2.365006531788155838e-03, 2.110868056530120981e-02, 7.687083764450186596e-02, -2.709039866806444222e-02, 1.071779818159675629e-01, 6.865657084997249526e-02
1403638206595097088, -8.101283115372549304e+00, -8.718595838473666149e+00, 2.668524053730467305e+00, 3.004920217641852687e-01, -7.423145827576113076e-01, 2.094823950937276802e-01, 5.610621456017694797e-01, 7.664908619778479926e-01, -1.306290774381765329e+00, 2.411031425190286182e-01, -2.374014815631083318e-03, 2.110943990943509041e-02, 7.686485288328841203e-02, -2.771133382080006799e-02, 1.107926696586011145e-01, 6.714991587675951668e-02
1403638206645096960, -8.061348086316336037e+00, -8.780036913893674466e+00, 2.679661784114965251e+00, 3.014198224536582260e-01, -7.408626090149150745e-01, 2.126197662423295887e-01, 5.613034118893945879e-01, 7.951021012758829887e-01, -1.286193184288132230e+00, 2.107579704926064168e-01, -2.375021146258850680e-03, 2.110895255355663136e-02, 7.686490398033760107e-02, -2.767604981343427598e-02, 1.106389188282468211e-01, 6.724525287587249101e-02
1403638206695097088, -8.022372934379772502e+00, -8.833767589309029944e+00, 2.688003841679104777e+00, 3.030416515453636106e-01, -7.395617945593876419e-01, 2.171356580718294127e-01, 5.604161091996465727e-01, 8.158436843276319905e-01, -1.260343505381835483e+00, 1.749380460760245892e-01, -2.375802209509025355e-03, 2.110906943257414431e-02, 7.686469879485623158e-02, -2.768994978935668955e-02, 1.105459868101914267e-01, 6.718086132710399117e-02
1403638206745096960, -7.982526282167759391e+00, -8.902952664123471749e+00, 2.696694254095790999e+00, 3.073212712339488673e-01, -7.385209285023061065e-01, 2.192365924030710844e-01, 5.586374414257703203e-01, 8.408518227892919361e-01, -1.234441241487788776e+00, 1.280345640934956175e-01, -2.371469823932978449e-03, 2.110915619697515538e-02, 7.686140020775174275e-02, -2.786641660036396836e-02, 1.105619131245656611e-01, 6.675745374474412186e-02
1403638206795097088, -7.940352186698599546e+00, -8.964463043391091901e+00, 2.703723759267726567e+00, 3.100474942980378512e-01, -7.375641548685982762e-01, 2.236137964901285802e-01, 5.566565716415732279e-01, 8.498373172533175701e-01, -1.201941818857320765e+00, 1.038319090803787592e-01, -2.371042979921665367e-03, 2.110944426527344014e-02, 7.686106189743985295e-02, -2.796529907523814112e-02, 1.105795405430280154e-01, 6.653342827869222764e-02
1403638206845096960, -7.896777209616137050e+00, -9.025277855111280445e+00, 2.709289193709869981e+00, 3.137588723715092898e-01, -7.363256772531789895e-01, 2.250455586870914737e-01, 5.556386987431862767e-01, 8.653715665824729397e-01, -1.177611627118931192e+00, 6.772802396521102053e-02, -2.368487774888692991e-03, 2.110912314399766149e-02, 7.685891354209405113e-02, -2.795607628744702436e-02, 1.103575536917347777e-01, 6.660639299447146389e-02
1403638206895097088, -7.855235125828417431e+00, -9.078618897153065248e+00, 2.709225210132652162e+00, 3.157453022393162945e-01, -7.345064958646975173e-01, 2.282069604128001139e-01, 5.556317979251336192e-01, 8.744880133502369590e-01, -1.154890497473614053e+00, 4.414903818171805189e-02, -2.365132519817825327e-03, 2.110640912103050465e-02, 7.685719962790468762e-02, -2.784336814834610652e-02, 1.100996423359524995e-01, 6.681071712587038913e-02
1403638206945096960, -7.815820333594102109e+00, -9.114010009822093750e+00, 2.707906182770345005e+00, 3.167853476190834461e-01, -7.327596074901426837e-01, 2.313755495127879924e-01, 5.560357508761499812e-01, 8.864903746771422011e-01, -1.106541097440770560e+00, 1.632304209866333733e-02, -2.372017895003219676e-03, 2.110807474655918697e-02, 7.685655402036294104e-02, -2.762969992458855911e-02, 1.109418490651286615e-01, 6.726327676061241712e-02
1403638206995097088, -7.772993751436068521e+00, -9.168480803145836688e+00, 2.705966245667694281e+00, 3.173279537389812610e-01, -7.309772274149572979e-01, 2.346176571676643896e-01, 5.567134071690109653e-01, 9.027668305936502602e-01, -1.080328964249376300e+00, -1.591191902228186045e-02, -2.369239652281809709e-03, 2.110750139414061671e-02, 7.685644770867341991e-02, -2.763162167220629267e-02, 1.114062007759734907e-01, 6.718444234413327443e-02
1403638207045096960, -7.722747142429054357e+00, -9.232751594745398194e+00, 2.706421923962404996e+00, 3.180171455447594608e-01, -7.296106573955142283e-01, 2.366428379131422510e-01, 5.572553732525720172e-01, 9.228093952121756427e-01, -1.055305752417938336e+00, -4.420181582433597989e-02, -2.364615029923676417e-03, 2.110621005635466424e-02, 7.685624080816631787e-02, -2.759300672148142647e-02, 1.124684078338792498e-01, 6.733981538860583926e-02
1403638207095097088, -7.676000168014859959e+00, -9.277034371712007399e+00, 2.700886840350852136e+00, 3.188960022354640489e-01, -7.276657259775176634e-01, 2.375111805259614017e-01, 5.589242973077975796e-01, 9.327031428779657407e-01, -1.012164403146162739e+00, -8.331886769473514920e-02, -2.364579650563915138e-03, 2.110649214165875864e-02, 7.685549027257371213e-02, -2.744103204664740878e-02, 1.125987303297709269e-01, 6.767813904449597462e-02
1403638207145096960, -7.623379319028165568e+00, -9.323114280425912170e+00, 2.697604881292942292e+00, 3.190534585372489795e-01, -7.272836581257197119e-01, 2.390736614664624726e-01, 5.586655131755587922e-01, 9.634924890703677747e-01, -9.715970421309129135e-01, -1.381140973431277952e-01, -2.369192261401289936e-03, 2.110480864559264799e-02, 7.684941324977698218e-02, -2.754307843946012316e-02, 1.123102592107236147e-01, 6.751154913407049485e-02
1403638207195097088, -7.574131333984633230e+00, -9.367143636906011039e+00, 2.690262438900040021e+00, 3.191961746932576172e-01, -7.262390769007848190e-01, 2.417252342108654195e-01, 5.588018578970452843e-01, 9.866989568342220407e-01, -9.338540223838240895e-01, -1.750889763563278356e-01, -2.368033294631083276e-03, 2.110514845124266542e-02, 7.684790211407582783e-02, -2.751882676645742848e-02, 1.120368340268622781e-01, 6.759301585503685317e-02
1403638207245096960, -7.519830324163625512e+00, -9.405510176654411580e+00, 2.681936459259690597e+00, 3.216642613730569811e-01, -7.248601026647215617e-01, 2.432316364921542351e-01, 5.585233258598638617e-01, 1.011292116357510151e+00, -9.001066836238209579e-01, -2.121925674728267486e-01, -2.370073544194451539e-03, 2.110362261917502619e-02, 7.684817616796142670e-02, -2.726139744603232884e-02, 1.119834095806252205e-01, 6.833475686338517929e-02
1403638207295097088, -7.464192995899179728e+00, -9.455946178189538642e+00, 2.672244553145919799e+00, 3.248670006878253691e-01, -7.223608649478794330e-01, 2.461477696435309670e-01, 5.586300100740768659e-01, 1.043336034579590121e+00, -8.645841417491076930e-01, -2.384063782199092041e-01, -2.371927837501521062e-03, 2.110236403982564471e-02, 7.685104277368325076e-02, -2.721262735118347084e-02, 1.130272320607531855e-01, 6.849198886668345088e-02
1403638207345096960, -7.401639478348441159e+00, -9.510646938575789022e+00, 2.663878086352739594e+00, 3.282590949918456902e-01, -7.197155220901549910e-01, 2.508426461327042944e-01, 5.579726702077557610e-01, 1.070499053134116307e+00, -8.467338334960924362e-01, -2.673342228934881271e-01, -2.371041678956626545e-03, 2.110238539545145411e-02, 7.685301388719499582e-02, -2.708993411288400030e-02, 1.140490491894370628e-01, 6.894288126783207349e-02
1403638207395097088, -7.346455506219352394e+00, -9.551424275595538305e+00, 2.651649995207137955e+00, 3.333323627063996542e-01, -7.156867464307702376e-01, 2.554134438138758734e-01, 5.580734626149536082e-01, 1.097118945283403368e+00, -8.082799860447920093e-01, -2.679070431831641064e-01, -2.371601461244853166e-03, 2.110175594315183770e-02, 7.685225042660945305e-02, -2.703261718101974617e-02, 1.136200768301404151e-01, 6.915114862305607457e-02
1403638207445096960, -7.290729570561452100e+00, -9.592678881645044342e+00, 2.639451751079920250e+00, 3.396966048928823367e-01, -7.117627159673440840e-01, 2.609313753187427198e-01, 5.566999821782898650e-01, 1.120276992527356574e+00, -7.673780346298434418e-01, -2.353840714273503221e-01, -2.365308327328968178e-03, 2.110222203452314163e-02, 7.684887669140838540e-02, -2.698810275431915220e-02, 1.132836587093803832e-01, 6.930696266223849988e-02
1403638207495097088, -7.223037845216817132e+00, -9.636871562364637711e+00, 2.631174693879959392e+00, 3.473952207995646968e-01, -7.071537572697437213e-01, 2.665626716079304570e-01, 5.551526513042596145e-01, 1.173402983011432754e+00, -7.214344322339782956e-01, -2.146948098879720712e-01, -2.363215636303135723e-03, 2.109899624803372037e-02, 7.684652059302635174e-02, -2.793133246307552900e-02, 1.142630175392875397e-01, 6.688169540758112652e-02
1403638207545096960, -7.164197706319821890e+00, -9.672359833082673219e+00, 2.621467576498176300e+00, 3.547024495597498328e-01, -7.047713523237117972e-01, 2.728984915829396618e-01, 5.504633743600712004e-01, 1.186054168989805646e+00, -6.782609969169742792e-01, -1.651185032811678111e-01, -2.361446243807508154e-03, 2.109886551815923564e-02, 7.684672930863117868e-02, -2.793943758131399099e-02, 1.144089430204096314e-01, 6.685395014286385496e-02
1403638207595097088, -7.104951736224085046e+00, -9.701026516014856327e+00, 2.613777243861277189e+00, 3.635720618757368183e-01, -7.031360198388298954e-01, 2.753247211990553778e-01, 5.455377084357199147e-01, 1.221556864473100301e+00, -6.140134302989398440e-01, -1.491729245966779416e-01, -2.359029342573997282e-03, 2.109869326111994681e-02, 7.684524040288759350e-02, -2.793366253244605399e-02, 1.140852973963799311e-01, 6.689303132933914486e-02
1403638207645096960, -7.043388503889359775e+00, -9.737270096149348575e+00, 2.607281531104718386e+00, 3.692510083583823155e-01, -7.040009501255660718e-01, 2.809844751481232472e-01, 5.376653975981270372e-01, 1.229170244325132000e+00, -5.687435997834547896e-01, -1.208357013286677495e-01, -2.360755646349725449e-03, 2.109909362996241836e-02, 7.684671880911059239e-02, -2.803366196412498956e-02, 1.146352326251176140e-01, 6.662743821828856494e-02
1403638207695097088, -6.987979892712354868e+00, -9.763516092976438188e+00, 2.601027608055756613e+00, 3.760300618461095978e-01, -7.054255411145902155e-01, 2.828973149439563128e-01, 5.300427414168583651e-01, 1.225725320477624614e+00, -5.250591436833458303e-01, -8.605073117627859425e-02, -2.363835105698089498e-03, 2.110055814186838352e-02, 7.684957371759221223e-02, -2.818024197564191619e-02, 1.141053263049204847e-01, 6.620300679400437094e-02
1403638207745096960, -6.929531939691843334e+00, -9.783959060210641212e+00, 2.599086037379295000e+00, 3.799118641961193865e-01, -7.062811618235192990e-01, 2.870045089768145097e-01, 5.238915037707968514e-01, 1.217907494012130609e+00, -4.904877193026410676e-01, -3.479559213245889820e-02, -2.367068083491605072e-03, 2.110223101866253587e-02, 7.685192769704733695e-02, -2.827048007553255998e-02, 1.135626425615592350e-01, 6.599891189406160985e-02
1403638207795097088, -6.868237776907547776e+00, -9.808686928770580238e+00, 2.596644272647333995e+00, 3.839882789516144146e-01, -7.070099610698755699e-01, 2.891418184625086374e-01, 5.187358917521939228e-01, 1.215524578760565078e+00, -4.518491795794323806e-01, 9.128342586012494833e-03, -2.371723322632926078e-03, 2.110197786865626243e-02, 7.685588513028954183e-02, -2.812359170130423677e-02, 1.142130907148315305e-01, 6.629334259196600909e-02
1403638207845096960, -6.807550538968803799e+00, -9.834855940715302225e+00, 2.597858610542095548e+00, 3.870719856878878651e-01, -7.089223753441638021e-01, 2.907222064425414310e-01, 5.129180658869448850e-01, 1.195924695314389385e+00, -4.330934249926078894e-01, 5.305182643975528411e-02, -2.373631207863294464e-03, 2.110402193657625811e-02, 7.685863561118790044e-02, -2.801545176988392075e-02, 1.143136770351781129e-01, 6.655772630520070954e-02
1403638207895097088, -6.745817038951761546e+00, -9.857597531125541934e+00, 2.597985042249419507e+00, 3.900338239609442148e-01, -7.112583694120991895e-01, 2.910567466560369243e-01, 5.072190043104147783e-01, 1.181719265939804586e+00, -4.109019157879160167e-01, 9.369629518904944165e-02, -2.374598875225416347e-03, 2.110051396465583221e-02, 7.686022252450244729e-02, -2.754444236964865081e-02, 1.150359239203525979e-01, 6.764938540554876756e-02
1403638207945096960, -6.688712638224497020e+00, -9.873087926030311934e+00, 2.603154982154229469e+00, 3.921086532296311766e-01, -7.127552188585332127e-01, 2.912637755128112960e-01, 5.033847585360448074e-01, 1.156323489902774115e+00, -3.842266656437802186e-01, 1.192285446375460356e-01, -2.373353978393797324e-03, 2.109851314141467093e-02, 7.685646481755689652e-02, -2.746139675228676663e-02, 1.144359388152360463e-01, 6.787965360960461492e-02
1403638207995097088, -6.631726674181621206e+00, -9.887098493114939046e+00, 2.609510323091432049e+00, 3.935834267895883531e-01, -7.130658416910069519e-01, 2.908190255896144216e-01, 5.020492863506210712e-01, 1.137210510632296723e+00, -3.612220250988308345e-01, 1.306543477988633406e-01, -2.373344608008625106e-03, 2.109812927904301458e-02, 7.685367572326159968e-02, -2.724201148744788414e-02, 1.138121745739439222e-01, 6.846898229275727443e-02
1403638208045096960, -6.577033879550914008e+00, -9.904665447238564013e+00, 2.614656681836067253e+00, 3.942814582945510238e-01, -7.136867479103357059e-01, 2.909204277001547490e-01, 5.005583504937765049e-01, 1.127511482690555455e+00, -3.352039449539864213e-01, 1.143184085006997558e-01, -2.373838954438237722e-03, 2.109900155345766082e-02, 7.685345686432748513e-02, -2.742816496695101025e-02, 1.142171739993348423e-01, 6.795330062799218029e-02
1403638208095097088, -6.518748419229169144e+00, -9.924722923772661076e+00, 2.619662647309939807e+00, 3.938584238465876464e-01, -7.119594590112534593e-01, 2.916477386037834574e-01, 5.029223272601687222e-01, 1.109855868856907568e+00, -3.160678955062188322e-01, 8.591065073326834001e-02, -2.369366497667783639e-03, 2.109964952897794982e-02, 7.685324585640512796e-02, -2.736663765329170467e-02, 1.149160902097740578e-01, 6.808924462660453925e-02
1403638208145096960, -6.466272599125597154e+00, -9.939884918317209994e+00, 2.623455663199110166e+00, 3.916448504853324297e-01, -7.112431490884161267e-01, 2.944400724452765350e-01, 5.040362464164009904e-01, 1.091097130730678710e+00, -3.044374547726725333e-01, 5.751741766325266930e-02, -2.369189058423582222e-03, 2.110180603311459166e-02, 7.685299324399498533e-02, -2.758547927563842830e-02, 1.148848727775349660e-01, 6.753259470386822894e-02
1403638208195097088, -6.407919584253821021e+00, -9.958391543425067383e+00, 2.624233047157218390e+00, 3.900872090103765233e-01, -7.088027762634584450e-01, 2.961565309902513543e-01, 5.076631785736768210e-01, 1.080527482961911812e+00, -2.807513079174865922e-01, 1.981796611264907346e-02, -2.368406346027341746e-03, 2.109995624239370537e-02, 7.685257953561748512e-02, -2.781417224361198287e-02, 1.159981428559072603e-01, 6.687751886476182850e-02
1403638208245096960, -6.349783977751300768e+00, -9.969529316020294019e+00, 2.625065675188857917e+00, 3.892635700098602825e-01, -7.076964159863020631e-01, 2.958865348213877144e-01, 5.099909944055025512e-01, 1.072139256009938091e+00, -2.560749704400038795e-01, -2.564756663386324673e-02, -2.370810368371709109e-03, 2.109902713565385557e-02, 7.685555172890738695e-02, -2.756794082160414147e-02, 1.165237923017306415e-01, 6.754690226868333147e-02
1403638208295097088, -6.295127137492086966e+00, -9.978029313135705181e+00, 2.623513191504055708e+00, 3.886218190375802517e-01, -7.075597746441784075e-01, 2.953655749775351835e-01, 5.109710600333368102e-01, 1.067278715020820723e+00, -2.388157509187671390e-01, -5.540748013291477148e-02, -2.370491499351920234e-03, 2.109682472649575605e-02, 7.685539697032703343e-02, -2.740777848448020665e-02, 1.166130232769940350e-01, 6.799089791459510257e-02
1403638208345096960, -6.243878969062525819e+00, -9.986197150706450643e+00, 2.620744557394119489e+00, 3.891310994069400730e-01, -7.091664811537975455e-01, 2.935237718362468384e-01, 5.094150418365260835e-01, 1.050655361167335267e+00, -2.138830743953511748e-01, -9.893899790486626600e-02, -2.371686799963424949e-03, 2.109744811316615828e-02, 7.685507764784189899e-02, -2.742758125994454108e-02, 1.162288986202721502e-01, 6.800149761640565671e-02
1403638208395097088, -6.190718150183548651e+00, -9.991652313335992019e+00, 2.616272775593436073e+00, 3.894199710813858184e-01, -7.108096615944882180e-01, 2.918701323162199990e-01, 5.078518848725621648e-01, 1.046452852494543784e+00, -1.888051730214382606e-01, -1.302080401943720989e-01, -2.370023321282122616e-03, 2.109672362009673563e-02, 7.685432514091428136e-02, -2.728518923050460288e-02, 1.162113701962275841e-01, 6.841122039727812187e-02
1403638208445096960, -6.136130828759170264e+00, -9.999295804160903245e+00, 2.610877779751296757e+00, 3.907685728405427827e-01, -7.118944886952638385e-01, 2.902027241543675418e-01, 5.062494823097190011e-01, 1.039913618797876138e+00, -1.728227007291223694e-01, -1.335700729148618371e-01, -2.366800800119693224e-03, 2.109764257593460188e-02, 7.685537491571770019e-02, -2.717163547012024089e-02, 1.164500484758189819e-01, 6.876696904912336927e-02
1403638208495097088, -6.080462285794575372e+00, -1.000920185197243306e+01, 2.604084633808985139e+00, 3.924678699146121330e-01, -7.122575624698086472e-01, 2.905179268159397976e-01, 5.042394966559266001e-01, 1.038094857961907591e+00, -1.626416520654600517e-01, -1.090389962997344725e-01, -2.367975199880219175e-03, 2.109674467734875755e-02, 7.685852487513517017e-02, -2.705172644658276199e-02, 1.172122589563469180e-01, 6.904172847107345468e-02
1403638208545096960, -6.027886405778517087e+00, -1.001893346769740845e+01, 2.599320278271110229e+00, 3.953048653281173164e-01, -7.119144118562636958e-01, 2.922008110999824160e-01, 5.015282839798587133e-01, 1.036496029171986244e+00, -1.445536968939148126e-01, -8.100763125208852722e-02, -2.370622196901049465e-03, 2.109760543005681846e-02, 7.686083854748221311e-02, -2.707271106754478157e-02, 1.174944268515187573e-01, 6.898343899362725795e-02
1403638208595097088, -5.972180873920290622e+00, -1.002493083329174439e+01, 2.595668780494161165e+00, 4.004731230139047526e-01, -7.101613899883595371e-01, 2.935672266444573908e-01, 4.991095684852904224e-01, 1.025841883177254665e+00, -1.324854744084474623e-01, -3.861549532488904590e-02, -2.375466836268581416e-03, 2.109542990285403000e-02, 7.686481518225357634e-02, -2.687941516568372047e-02, 1.182236584136617391e-01, 6.945491540198055203e-02
1403638208645096960, -5.917037255457743505e+00, -1.003847483765800774e+01, 2.592989413856034542e+00, 4.049512769734163742e-01, -7.072611214428548010e-01, 2.970321101344506887e-01, 4.975621518183135916e-01, 1.013464929396410419e+00, -1.260284336239731184e-01, -1.521998809341341442e-02, -2.377520030801428402e-03, 2.109374467853591603e-02, 7.686796995882538841e-02, -2.685675845399838543e-02, 1.190934465470734338e-01, 6.946092064983355741e-02
1403638208695097088, -5.860882469431447639e+00, -1.004445345795688560e+01, 2.592523582412590955e+00, 4.085853538615349390e-01, -7.050538382548815486e-01, 3.006538581659603526e-01, 4.955444998603318330e-01, 1.008500603840514431e+00, -1.193696459145143635e-01, 2.833455734914065022e-02, -2.379378349116274653e-03, 2.109045581093706503e-02, 7.687110985013456688e-02, -2.655818333212362631e-02, 1.199564350509935845e-01, 7.019960117318997661e-02
1403638208745096960, -5.808726756840886907e+00, -1.005311468312701351e+01, 2.594649391941501460e+00, 4.116497069890547866e-01, -7.031933789745075103e-01, 3.047138869475057299e-01, 4.931663386764985058e-01, 9.933457004761373499e-01, -1.012552537612801257e-01, 6.351787448177786954e-02, -2.377526837187271362e-03, 2.109116904810178286e-02, 7.687277374840137401e-02, -2.664093662570780549e-02, 1.203045444888457133e-01, 6.997603031112582805e-02
1403638208795097088, -5.760505022608425563e+00, -1.005937417528106792e+01, 2.597565720152950952e+00, 4.150389484128862994e-01, -7.008730678319883278e-01, 3.077420693642790583e-01, 4.917463094233588405e-01, 9.688051674724401652e-01, -8.126697489268483454e-02, 9.315993616762946461e-02, -2.378589626382415952e-03, 2.109141500303463035e-02, 7.687318259528648501e-02, -2.657381982784938826e-02, 1.201905527561909076e-01, 7.011978630862596151e-02
1403638208845096960, -5.690608698131824461e+00, -1.006912223221907077e+01, 2.601202604823230846e+00, 4.175626702962799142e-01, -6.981496411856480400e-01, 3.106846142649292708e-01, 4.916335681647902023e-01, 9.680774391863987693e-01, -7.008971766288545069e-02, 6.885527900594258510e-02, -2.377636511124478491e-03, 2.108532920972748873e-02, 7.686730777416700411e-02, -2.813941545057793703e-02, 1.201838752383747599e-01, 6.600676834978848329e-02
1403638208895097088, -5.641880772633522056e+00, -1.007249469971208100e+01, 2.604518188627636732e+00, 4.211432831874468152e-01, -6.956415291745620122e-01, 3.115852076166343854e-01, 4.915647020568846837e-01, 9.526819118363709649e-01, -6.261795882720112838e-02, 5.620702077085591719e-02, -2.379565992482902004e-03, 2.108603982928969681e-02, 7.686847535695730260e-02, -2.810079789722525617e-02, 1.202775867036620094e-01, 6.610803303467206737e-02
1403638208945096960, -5.590140064991913071e+00, -1.007739045859109694e+01, 2.605583231490785856e+00, 4.236830157772284444e-01, -6.934042808988042372e-01, 3.132155343541395132e-01, 4.915071051494330767e-01, 9.438526809940215312e-01, -4.570373068585498189e-02, 2.030313476180311411e-02, -2.380415817752034799e-03, 2.108533949757951040e-02, 7.687144104081435059e-02, -2.795933550920596741e-02, 1.210020691590804887e-01, 6.645203933736278101e-02
1403638208995097088, -5.541811714302050440e+00, -1.007931670039104155e+01, 2.604537719098825921e+00, 4.256574697844194843e-01, -6.918651451390466223e-01, 3.143370210502858808e-01, 4.912540855358704106e-01, 9.330580085642057320e-01, -2.067093492249974865e-02, -2.809067320235096588e-02, -2.378634691085543523e-03, 2.108245545659662851e-02, 7.686989973173750934e-02, -2.784315393778781511e-02, 1.210416065592681972e-01, 6.673504818005705774e-02
1403638209045096960, -5.498142407378986185e+00, -1.007744431218721104e+01, 2.602670363723866842e+00, 4.270784373847446025e-01, -6.908128623330783702e-01, 3.156917952076160883e-01, 4.906325386628742624e-01, 9.227618175075290585e-01, -6.400798810997355287e-03, -4.511572983659303815e-02, -2.381916554114738016e-03, 2.108199276484263793e-02, 7.686995156427878229e-02, -2.789435236060442552e-02, 1.206381150984580652e-01, 6.661131011877330366e-02
1403638209095097088, -5.455460566369340292e+00, -1.007951811134690345e+01, 2.598580016531114811e+00, 4.280982652813615785e-01, -6.902564255174917784e-01, 3.173743354530151883e-01, 4.894399590252734300e-01, 9.091467294875987815e-01, 1.044334947397486738e-02, -1.021603533334342756e-01, -2.382347024838364809e-03, 2.108334255064523918e-02, 7.686933384183872175e-02, -2.808588507743794288e-02, 1.205929178264314033e-01, 6.609551815083439252e-02
1403638209145096960, -5.405600484389773364e+00, -1.008229306766497224e+01, 2.594283859497221734e+00, 4.293732622722574166e-01, -6.895974136798840304e-01, 3.174705238877759683e-01, 4.891896106359119867e-01, 8.991357313493276715e-01, 2.591316102116049055e-02, -1.283815302374304024e-01, -2.382615819012161729e-03, 2.108415272122625417e-02, 7.687369988640672946e-02, -2.811071865390956520e-02, 1.213281835946072307e-01, 6.605005111458257805e-02
1403638209195097088, -5.356301092936764263e+00, -1.007715772439307500e+01, 2.589102905134757826e+00, 4.302079473770120122e-01, -6.894058626597356909e-01, 3.179140603893176875e-01, 4.884376405958299472e-01, 8.909681003974405655e-01, 4.395860657114526726e-02, -1.541837662394770769e-01, -2.385960945164474368e-03, 2.108301467344369726e-02, 7.687426914250426735e-02, -2.792981454109926334e-02, 1.213370296826291328e-01, 6.659843275774320059e-02
1403638209245096960, -5.304584303838097092e+00, -1.007654342828223548e+01, 2.579594253450292474e+00, 4.303518761115896485e-01, -6.891468714764632519e-01, 3.186325323781368235e-01, 4.882081129720539647e-01, 8.776554237447726781e-01, 5.526356024417072854e-02, -1.870899555183788698e-01, -2.381915412193022410e-03, 2.108124933591133676e-02, 7.687544320879637072e-02, -2.774561353491680413e-02, 1.222372362099821974e-01, 6.704358256120690474e-02
1403638209295097088, -5.259266806566547103e+00, -1.007250228165646355e+01, 2.569369826039614502e+00, 4.300902406403683820e-01, -6.894029343315570824e-01, 3.199404431385335923e-01, 4.872207835112000729e-01, 8.658603417553445425e-01, 6.263807663546004656e-02, -2.212833977445617106e-01, -2.381114925606447105e-03, 2.108033645188407690e-02, 7.687690498689279950e-02, -2.767013977127073809e-02, 1.223292123846741186e-01, 6.724093074362859357e-02
1403638209345096960, -5.213146664831205257e+00, -1.007174325350750443e+01, 2.556751227730928111e+00, 4.303452397721648226e-01, -6.899561090747126091e-01, 3.199485824369804887e-01, 4.862061772051933795e-01, 8.550871616218888027e-01, 7.554421445628700660e-02, -2.444993257771236606e-01, -2.379770037256331069e-03, 2.108039412649707553e-02, 7.687754702602853096e-02, -2.766684670890392703e-02, 1.228404979477074610e-01, 6.721507066648534090e-02
1403638209395097088, -5.159630357128129674e+00, -1.007034603149204521e+01, 2.542791137884990782e+00, 4.297360093062315700e-01, -6.898614651270005282e-01, 3.212978373532179299e-01, 4.859895276140505094e-01, 8.488213440685791200e-01, 8.147307556962925246e-02, -2.762187705796849690e-01, -2.378813237405961664e-03, 2.107671917589979543e-02, 7.687585358682681724e-02, -2.732924436323137113e-02, 1.235334204933984381e-01, 6.810290157854688442e-02
1403638209445096960, -5.103038630576680390e+00, -1.006458444705423538e+01, 2.526438077617714661e+00, 4.298228041744112105e-01, -6.899097121564753410e-01, 3.215632630793452407e-01, 4.856686256302531479e-01, 8.347728947828872981e-01, 9.471810338539354834e-02, -3.095109859792977702e-01, -2.375453919293612614e-03, 2.106851177806778885e-02, 7.686726923421847990e-02, -2.837792052876029689e-02, 1.221704600148922626e-01, 6.537149409662190713e-02
1403638209495097088, -5.061362378598164291e+00, -1.006165198684445450e+01, 2.510039009481519034e+00, 4.285431090988742198e-01, -6.889718624181900841e-01, 3.231342697807522146e-01, 4.870860500292953366e-01, 8.182715476381730024e-01, 9.925423340795241911e-02, -3.467226728884541531e-01, -2.373572788563559945e-03, 2.106843728104742727e-02, 7.686664866993887790e-02, -2.842098378320201055e-02, 1.223844853438660479e-01, 6.524023736438927523e-02
1403638209545096960, -5.015730121937984620e+00, -1.005408454173274713e+01, 2.490806893776086106e+00, 4.279921773293761111e-01, -6.877520166277903968e-01, 3.238847903109647319e-01, 4.887929033593776951e-01, 8.050986361627652244e-01, 1.134347205530161218e-01, -4.205086782900134823e-01, -2.377011532647748879e-03, 2.106458739259674598e-02, 7.686630209798306357e-02, -2.810641249749194076e-02, 1.227991510696858912e-01, 6.607336113213467532e-02
1403638209595097088, -4.971930312521072537e+00, -1.004457113973994886e+01, 2.467543627384331195e+00, 4.269563472005683535e-01, -6.873547008610442210e-01, 3.247992078020967566e-01, 4.896501479633214027e-01, 7.928525132300286993e-01, 1.331752811569790473e-01, -5.295358307380864105e-01, -2.377686783263513459e-03, 2.105980056996322250e-02, 7.686625680758898960e-02, -2.777506214958921915e-02, 1.226527177088911763e-01, 6.699262643631100078e-02
1403638209645096960, -4.917116516501391033e+00, -1.003611524006651301e+01, 2.440597077078944466e+00, 4.261536456981519505e-01, -6.880324985982134711e-01, 3.251285309498064269e-01, 4.891786887153753982e-01, 7.903401234684873655e-01, 1.428858902177796986e-01, -6.194903645089211430e-01, -2.372049187677988807e-03, 2.105753313180233968e-02, 7.686498788910670066e-02, -2.722918424001008475e-02, 1.234503798018327519e-01, 6.850866307892879148e-02
1403638209695097088, -4.867611362355614979e+00, -1.002729726540370869e+01, 2.406980705482901772e+00, 4.259353494748868707e-01, -6.889898805963776685e-01, 3.244389484029169823e-01, 4.884786497511480752e-01, 7.770697018882953833e-01, 1.608597248050261941e-01, -7.112777917221592139e-01, -2.373852675071111071e-03, 2.105408316474526031e-02, 7.686521770445756130e-02, -2.691252114203518744e-02, 1.241663820253666034e-01, 6.933834045970273252e-02
1403638209745096960, -4.824402096622123715e+00, -1.001893768733542878e+01, 2.368165427623952546e+00, 4.261748623594652785e-01, -6.891074077605353621e-01, 3.235586896940008117e-01, 4.886877751550036120e-01, 7.681647055892035780e-01, 1.763329489223658120e-01, -8.056034259471667180e-01, -2.378515370048267519e-03, 2.105166947532772018e-02, 7.686926645390794455e-02, -2.675464381546862128e-02, 1.245319997261361139e-01, 6.973731282075373850e-02
1403638209795097088, -4.781734575314148472e+00, -1.001119926818344474e+01, 2.327816357522516366e+00, 4.274426190324010499e-01, -6.879578009812112871e-01, 3.213372734562652822e-01, 4.906620305174542729e-01, 7.597198280424126704e-01, 1.828168553602075030e-01, -8.867997593309597804e-01, -2.377672176990249658e-03, 2.105301267915227204e-02, 7.686700488198677794e-02, -2.662132103188972684e-02, 1.247108458747135107e-01, 7.013755648932287756e-02
1403638209845096960, -4.732164869025237586e+00, -1.000301482074815951e+01, 2.280934171037428015e+00, 4.280131059875120769e-01, -6.873036407149702987e-01, 3.201440409512658625e-01, 4.918600203373559299e-01, 7.572061876817858250e-01, 1.955930289715984705e-01, -9.463386275542047255e-01, -2.378581313040256748e-03, 2.105028214159863909e-02, 7.686842415544795082e-02, -2.627066931114510964e-02, 1.252298093707525373e-01, 7.106199828729618806e-02
1403638209895097088, -4.679127333721806892e+00, -9.990575146041029697e+00, 2.231554623880712906e+00, 4.280820229428802803e-01, -6.858692056451143326e-01, 3.194586263279821647e-01, 4.942422487460070291e-01, 7.601195056410248174e-01, 2.172105784857788768e-01, -9.833746181308899992e-01, -2.377016738956051322e-03, 2.104475456120872418e-02, 7.686895435531210241e-02, -2.563730813295397870e-02, 1.257987070349936565e-01, 7.274275580312863920e-02
1403638209945096960, -4.638949075948157308e+00, -9.977219422862608766e+00, 2.182860269018342514e+00, 4.274425781750693099e-01, -6.840015878625071988e-01, 3.199802937331898689e-01, 4.970385113721473846e-01, 7.547655006487677953e-01, 2.340403462846708804e-01, -1.004311819299026354e+00, -2.379619982427205477e-03, 2.104387852684842450e-02, 7.687065013691340987e-02, -2.554976759254978802e-02, 1.259212015490633052e-01, 7.299662168250285743e-02
1403638209995097088, -4.591492178173433913e+00, -9.963706588937245812e+00, 2.130586787559948458e+00, 4.267466519160682537e-01, -6.818310179903553925e-01, 3.206792434796165714e-01, 5.001585556461095594e-01, 7.624733121095241817e-01, 2.534592835575024128e-01, -1.009657666952661348e+00, -2.370712230121044262e-03, 2.103941096665516014e-02, 7.686897965891163753e-02, -2.517588930563404923e-02, 1.262039142326910612e-01, 7.397494411493615862e-02
1403638210045096960, -4.551975155482944402e+00, -9.947187263474486230e+00, 2.080422216496902621e+00, 4.256730043599054047e-01, -6.794308585568308301e-01, 3.218858325685282074e-01, 5.035530881561597338e-01, 7.597068141959051335e-01, 2.836898966003620348e-01, -1.001621777116972867e+00, -2.368341790674995898e-03, 2.103713719653193745e-02, 7.686943666238149619e-02, -2.509115800183072537e-02, 1.260925139466081424e-01, 7.421475693114970573e-02
1403638210095097088, -4.499209274979960149e+00, -9.929664541692396540e+00, 2.029760751383483885e+00, 4.239293754994042374e-01, -6.771435871435665943e-01, 3.240171885892340065e-01, 5.067280419295511207e-01, 7.713551648993892673e-01, 3.071181695453420457e-01, -9.632033827573859286e-01, -2.375678984828998724e-03, 2.103703895057331200e-02, 7.685504050209886195e-02, -2.786390838481973137e-02, 1.269861323435015066e-01, 6.680163128093227765e-02
1403638210145096960, -4.459941284321357280e+00, -9.912207705428031090e+00, 1.983356541652186777e+00, 4.224357664873743534e-01, -6.757594818974681505e-01, 3.260451725634040954e-01, 5.085191159297655084e-01, 7.810865980638626027e-01, 3.452096291626410851e-01, -9.333961985060322819e-01, -2.377937085065040621e-03, 2.103944666028113517e-02, 7.685580690218277167e-02, -2.788116757352070499e-02, 1.269645170619421448e-01, 6.677136800938088257e-02
1403638210195097088, -4.419203193409476427e+00, -9.891271015820825241e+00, 1.936857799459711593e+00, 4.213377326337876538e-01, -6.734533689888709818e-01, 3.275108622375600409e-01, 5.115385713443010296e-01, 7.939048993887646288e-01, 3.939704242739768825e-01, -9.023023022236910107e-01, -2.375006097546451637e-03, 2.103703032390531052e-02, 7.685653913457296538e-02, -2.777120267324855590e-02, 1.270709119266091869e-01, 6.704252876737090694e-02
1403638210245096960, -4.377187616803639436e+00, -9.871239633641151201e+00, 1.890870988282242315e+00, 4.205592883418627914e-01, -6.737584483566256832e-01, 3.285941359324471844e-01, 5.110825100590574710e-01, 8.017500995586316348e-01, 4.374124646660850768e-01, -8.878723905765815161e-01, -2.375832481239693525e-03, 2.103617868870228183e-02, 7.685984816612222159e-02, -2.770117672462437536e-02, 1.272879842772677572e-01, 6.720912099296262598e-02
1403638210295097088, -4.334549843417846660e+00, -9.846824009593541760e+00, 1.848968846943743527e+00, 4.207558337922997493e-01, -6.737111592059646936e-01, 3.283381713431685056e-01, 5.111475790122906870e-01, 8.133211562027166108e-01, 4.850898747367956565e-01, -8.497516372856838140e-01, -2.383972551265225136e-03, 2.103425488154033601e-02, 7.686028698354011035e-02, -2.760550813185642591e-02, 1.268404178987123099e-01, 6.753194998122973025e-02
1403638210345096960, -4.296986317698975988e+00, -9.819012612502801218e+00, 1.806900966464146885e+00, 4.214416628542852483e-01, -6.733570247627571614e-01, 3.273396369417325702e-01, 5.116893628952211559e-01, 8.198595544661592127e-01, 5.363742242948318362e-01, -8.572696195774067718e-01, -2.394133368756553616e-03, 2.103404769419630824e-02, 7.686101503820892689e-02, -2.762398552854057956e-02, 1.265919580649284282e-01, 6.748417819005500529e-02
1403638210395097088, -4.257053185652251770e+00, -9.790082848544825467e+00, 1.762409358616527699e+00, 4.211126952298321346e-01, -6.743201195370808199e-01, 3.276957587561803997e-01, 5.104625000888655117e-01, 8.255701988934355251e-01, 5.626363966886793744e-01, -8.638031574006429514e-01, -2.399534123901699706e-03, 2.103228292222341159e-02, 7.686529012583821763e-02, -2.767671099844706481e-02, 1.269503084308608309e-01, 6.729451736189409616e-02
1403638210445096960, -4.214539582644634130e+00, -9.761359333684341166e+00, 1.717541660296283412e+00, 4.214353730241257590e-01, -6.743812105919028133e-01, 3.271094236716736159e-01, 5.104915612522905599e-01, 8.286168876574946385e-01, 5.968865420401682220e-01, -8.850562883884601773e-01, -2.393906392118113485e-03, 2.103204054161065747e-02, 7.686655001185162261e-02, -2.770315579031344677e-02, 1.274137429163029744e-01, 6.719236595267914780e-02
1403638210495097088, -4.171020679885998561e+00, -9.733128299242675752e+00, 1.672467640874542250e+00, 4.202069178078871592e-01, -6.744749295356819996e-01, 3.285436286627512192e-01, 5.104594006572362730e-01, 8.313070320671723801e-01, 6.288049747776690568e-01, -9.046377017895279593e-01, -2.389916140841542164e-03, 2.103215546800363267e-02, 7.686540750519664511e-02, -2.767502949104073962e-02, 1.274831554145824941e-01, 6.728038782084555525e-02
1403638210545096960, -4.128610023665689965e+00, -9.702379441848442809e+00, 1.626976470665393082e+00, 4.201635229319415910e-01, -6.742670508013552944e-01, 3.282580250707529679e-01, 5.109532534172881446e-01, 8.308202213171432815e-01, 6.598109432157893695e-01, -9.394181087455226731e-01, -2.387773097160767865e-03, 2.103420403202247574e-02, 7.686591702513734248e-02, -2.771397184902821623e-02, 1.274643209684972189e-01, 6.718541978364195311e-02
1403638210595097088, -4.090552352440293582e+00, -9.670189424096699682e+00, 1.584165407413734572e+00, 4.198488548459907155e-01, -6.740345548260638919e-01, 3.281609882932202682e-01, 5.115806131465081563e-01, 8.415955354083277662e-01, 6.876831246645647155e-01, -9.632045346652576834e-01, -2.392675882092253764e-03, 2.103871583896523012e-02, 7.686818031135055074e-02, -2.839741615515400594e-02, 1.267734723039348199e-01, 6.542541663100545635e-02
1403638210645096960, -4.046839851503370333e+00, -9.632283946588771073e+00, 1.535102238172983080e+00, 4.188762100877687078e-01, -6.735142395506057422e-01, 3.292487218201755605e-01, 5.123637076578095861e-01, 8.438580757337902361e-01, 7.181708372112227678e-01, -9.906400332796351238e-01, -2.390316873363705543e-03, 2.103520858691945716e-02, 7.686685022524722410e-02, -2.823249540496007917e-02, 1.265156815879617813e-01, 6.588965756193208845e-02
1403638210695097088, -4.002480900022767685e+00, -9.597613694146712504e+00, 1.486308036276466016e+00, 4.175746053263099111e-01, -6.742487793242961658e-01, 3.306238574155810905e-01, 5.115739413554161175e-01, 8.439757904042733960e-01, 7.560606273898077268e-01, -9.754480049220984883e-01, -2.392823043114597481e-03, 2.103902562659584405e-02, 7.686700281653263689e-02, -2.833301689807334739e-02, 1.267714728652774570e-01, 6.562313161738830836e-02
1403638210745096960, -3.959713758676728812e+00, -9.563129039034192758e+00, 1.437277687984416241e+00, 4.175451820952557069e-01, -6.741140117246987584e-01, 3.304613444332030192e-01, 5.118804742719462730e-01, 8.562436255018130993e-01, 8.000080363215621437e-01, -9.560669794396758903e-01, -2.395324778516180666e-03, 2.104161744887516478e-02, 7.686825575881747752e-02, -2.847905725024614185e-02, 1.271042542458146740e-01, 6.520666261297157484e-02
1403638210795097088, -3.916595674977217278e+00, -9.520608007189398592e+00, 1.390515151115552461e+00, 4.172417718835976785e-01, -6.743150456255675440e-01, 3.305657619663824875e-01, 5.117956624024958545e-01, 8.641924282415510694e-01, 8.447351771430102740e-01, -9.188701741877065565e-01, -2.390954577181598345e-03, 2.104090414023237002e-02, 7.686481816161792879e-02, -2.842620565534983643e-02, 1.269234768322130280e-01, 6.536910690569684712e-02
1403638210845096960, -3.871393671167099093e+00, -9.476709998989750972e+00, 1.346938068119957865e+00, 4.174469964975651148e-01, -6.755304546054443637e-01, 3.302488995369514124e-01, 5.102276691540317266e-01, 8.742690600590548033e-01, 8.875388709439999690e-01, -8.909755828581027437e-01, -2.396288370089064753e-03, 2.104202836778497690e-02, 7.686292131645908188e-02, -2.843240130744738650e-02, 1.267724796865338233e-01, 6.539472526432771327e-02
1403638210895097088, -3.823975911168078223e+00, -9.427660545310414975e+00, 1.303764145789600981e+00, 4.174466764066830926e-01, -6.774986562144169611e-01, 3.305678199338481504e-01, 5.074039412626357715e-01, 8.589432725516337186e-01, 9.045740528338186426e-01, -8.418078435711010554e-01, -2.391403462842437398e-03, 2.103922902230401584e-02, 7.686192344599469817e-02, -2.824144094633980820e-02, 1.268355387599186257e-01, 6.594403944942325846e-02
1403638210945096960, -3.775376211206704635e+00, -9.377480395880542829e+00, 1.263619187658181486e+00, 4.189252880327741790e-01, -6.792974572475556361e-01, 3.285030953872118964e-01, 5.051161093696012738e-01, 8.595999975550999705e-01, 9.453381045432917018e-01, -8.052550219916532193e-01, -2.388118557967432512e-03, 2.103779760072934518e-02, 7.686055590443673091e-02, -2.806298738512896102e-02, 1.268999748940461691e-01, 6.647908474668100254e-02
1403638210995097088, -3.732562478426404873e+00, -9.325938062728436506e+00, 1.225319878575291010e+00, 4.192971806281938218e-01, -6.810954344092435830e-01, 3.283662476973152056e-01, 5.024683979289811253e-01, 8.702747901860564683e-01, 9.841960510114519112e-01, -7.852353706539698663e-01, -2.384930821311027384e-03, 2.104012667632728512e-02, 7.686063849637106427e-02, -2.831736488256160478e-02, 1.269325958427509338e-01, 6.583849385854606551e-02
1403638211045096960, -3.688092810472735739e+00, -9.269212279210172767e+00, 1.189230487801016256e+00, 4.198713877354388058e-01, -6.825623078158093993e-01, 3.279409624674927692e-01, 5.002713652070920336e-01, 8.675546094286441523e-01, 1.016537763435087394e+00, -7.343364790555462207e-01, -2.388503510883089025e-03, 2.103844760099590414e-02, 7.686228231865087357e-02, -2.818087272968536686e-02, 1.269711604552338224e-01, 6.625820490664459383e-02
1403638211095097088, -3.644413378086440058e+00, -9.217398698251875189e+00, 1.156893562862375546e+00, 4.206626732704921157e-01, -6.840918137758672524e-01, 3.270410988574519173e-01, 4.981018222209971924e-01, 8.537751518204080847e-01, 1.020678094199721553e+00, -6.678536743730721925e-01, -2.385955091950217773e-03, 2.103999435399724061e-02, 7.686026067794428374e-02, -2.823255257218840880e-02, 1.267965576988102638e-01, 6.621074984555322396e-02
1403638211145096960, -3.603649539005361557e+00, -9.167194924634703312e+00, 1.124651112850006074e+00, 4.213319364387113075e-01, -6.854994134563942021e-01, 3.264990322102756526e-01, 4.959519487344501432e-01, 8.450764413900615502e-01, 1.032072840831212757e+00, -6.348800804612334536e-01, -2.386534277487045545e-03, 2.104063670794310142e-02, 7.686018149059749283e-02, -2.829667956321092054e-02, 1.266872439809985651e-01, 6.605030274458709161e-02
1403638211195097088, -3.558599769714912764e+00, -9.116823235471775533e+00, 1.092201261108954435e+00, 4.213686240741900679e-01, -6.870903948416052787e-01, 3.267949595530157958e-01, 4.935183141211416658e-01, 8.226129251873899317e-01, 1.033103711109322642e+00, -6.050344160051984721e-01, -2.386083660403860718e-03, 2.104387239542850063e-02, 7.686186838913311448e-02, -2.831729666493694106e-02, 1.270261280064522991e-01, 6.594913148335244946e-02
1403638211245096960, -3.521738127291087483e+00, -9.070975494149971396e+00, 1.064000043599919954e+00, 4.219408155449077547e-01, -6.876587576070731789e-01, 3.260979958102489529e-01, 4.926981615473450815e-01, 7.999883538852691212e-01, 1.032073502559142320e+00, -5.720250205147744404e-01, -2.385123836575447649e-03, 2.104406315613890910e-02, 7.685926461152985112e-02, -2.848963211454351441e-02, 1.266844953136569696e-01, 6.553742814517797555e-02
1403638211295097088, -3.483603837784357005e+00, -9.020959207174431782e+00, 1.036821220572089031e+00, 4.219081232330447184e-01, -6.883160481971306588e-01, 3.252191482025864611e-01, 4.923891337008154956e-01, 7.794604043778682323e-01, 1.034520687820328133e+00, -5.278239577408694316e-01, -2.390377927867641614e-03, 2.104510884649928720e-02, 7.686075710332393451e-02, -2.855872479544190740e-02, 1.265925304476707425e-01, 6.534394292752873645e-02
1403638211345096960, -3.448075243782874111e+00, -8.969268376583253044e+00, 1.012866180696039953e+00, 4.205336880479804140e-01, -6.896978812593614894e-01, 3.239899785036232105e-01, 4.924416144400609596e-01, 7.542677957249209753e-01, 1.058003509165331257e+00, -5.216694811740456572e-01, -2.393029879867533943e-03, 2.104468983717597622e-02, 7.686010746013664796e-02, -2.868956553269019424e-02, 1.265497871504248917e-01, 6.504967862469750173e-02
1403638211395097088, -3.415441408330080364e+00, -8.908193290393111141e+00, 9.896593268349773709e-01, 4.176487729604966281e-01, -6.910300075486923710e-01, 3.220109587902865722e-01, 4.943237537594225572e-01, 7.456917003012811795e-01, 1.082094603164400093e+00, -5.482721156398825402e-01, -2.397891565196945320e-03, 2.103726146575484596e-02, 7.686060284952606070e-02, -2.857093080881501976e-02, 1.260221798615268618e-01, 6.547675644592118593e-02
1403638211445096960, -3.377831428653404799e+00, -8.853471665529639267e+00, 9.614437392144510319e-01, 4.138036861472146333e-01, -6.942696157227552511e-01, 3.192483425556695287e-01, 4.948097672748723586e-01, 7.331568720473347067e-01, 1.101575409213999102e+00, -5.680096202808251338e-01, -2.401393028238456642e-03, 2.103781605178308908e-02, 7.686207698477662276e-02, -2.857980046365359711e-02, 1.260306639058909051e-01, 6.543754471552611085e-02
1403638211495097088, -3.341227171664927553e+00, -8.798376119752420621e+00, 9.321796762648356660e-01, 4.089805453877009556e-01, -6.971166878100392150e-01, 3.160042624831828073e-01, 4.968949015270722747e-01, 7.242640676866627381e-01, 1.121799217956147343e+00, -5.888543915415980212e-01, -2.400833816607151477e-03, 2.103945439113901611e-02, 7.686216084271443871e-02, -2.859034790247132196e-02, 1.261266128077776494e-01, 6.539544517173967453e-02
1403638211545096960, -3.303942381834371833e+00, -8.736958166603569609e+00, 9.023326580782431439e-01, 4.032010461219480146e-01, -7.008670765648818968e-01, 3.124684446117899084e-01, 4.985756998846330723e-01, 7.093734372526762089e-01, 1.137218121559934181e+00, -6.253357669614799663e-01, -2.389581326180275061e-03, 2.104169846374636527e-02, 7.685672542936952678e-02, -2.844253518599756600e-02, 1.267420687658230571e-01, 6.579040265050996317e-02
1403638211595097088, -3.268987461426472674e+00, -8.682270963199979263e+00, 8.690336138936786137e-01, 3.952870166741047631e-01, -7.051167955771312501e-01, 3.096628503308845315e-01, 5.006669533421158613e-01, 6.930315597142308048e-01, 1.153383575196894162e+00, -6.624844434531403925e-01, -2.381966898746304493e-03, 2.104245707996887232e-02, 7.685341268047264640e-02, -2.849346141265981028e-02, 1.266961099212778052e-01, 6.561227324430175811e-02
1403638211645096960, -3.235798283476926329e+00, -8.625522224057727172e+00, 8.326142722480941449e-01, 3.866689634769965855e-01, -7.093670920577845873e-01, 3.063758401232390405e-01, 5.034076737375853261e-01, 6.802067935002406029e-01, 1.182867625694990377e+00, -6.855419065671966017e-01, -2.382332267204737095e-03, 2.104423541337874584e-02, 7.685065638457078130e-02, -2.849947449974750066e-02, 1.267253653211171116e-01, 6.550311819325969898e-02
1403638211695097088, -3.205513978999100733e+00, -8.563697538308904456e+00, 7.983028260007726251e-01, 3.766845154466604284e-01, -7.139551709906708510e-01, 3.022975221105993482e-01, 5.069447679621402747e-01, 6.546757662463957850e-01, 1.197645589240131869e+00, -7.101981496276962291e-01, -2.387294010941154541e-03, 2.103981669278498154e-02, 7.685032043620985964e-02, -2.846064681962250792e-02, 1.263850975822111700e-01, 6.565195064071954745e-02
1403638211745096960, -3.172171174802995708e+00, -8.504070916440902295e+00, 7.608104887453045473e-01, 3.666398453898156440e-01, -7.200962441125368096e-01, 2.968084758712687399e-01, 5.088628023726280425e-01, 6.370501541136597279e-01, 1.209700128292451327e+00, -7.173547682939592773e-01, -2.388921610026783875e-03, 2.104173372625721405e-02, 7.685012348274766758e-02, -2.844126828444798818e-02, 1.264721055677375805e-01, 6.566197244001883981e-02
1403638211795097088, -3.143720668700276555e+00, -8.444833553890155997e+00, 7.254505723194434319e-01, 3.549753215287419494e-01, -7.262561222037090536e-01, 2.914797569663629129e-01, 5.114529473431818074e-01, 6.131413291966455459e-01, 1.236394589906997243e+00, -7.086625790897043142e-01, -2.390379405379031760e-03, 2.104227020838113360e-02, 7.684827517294756660e-02, -2.856739826104526259e-02, 1.263306301344435389e-01, 6.534278782332555990e-02
1403638211845096960, -3.112899627138237868e+00, -8.382380884110959940e+00, 6.929457559748404272e-01, 3.425578930891632901e-01, -7.331360295823723394e-01, 2.868419872517229963e-01, 5.127253907892515006e-01, 5.893331257548951596e-01, 1.239393315847363564e+00, -6.867211072211616418e-01, -2.387422107495326164e-03, 2.104219653349051478e-02, 7.684828649287858693e-02, -2.859019630251583705e-02, 1.263782354647911554e-01, 6.534887483765813854e-02
1403638211895097088, -3.085437931021345559e+00, -8.321411875193318153e+00, 6.594460138248452452e-01, 3.307692878426889971e-01, -7.387741795020638103e-01, 2.810033349264713376e-01, 5.155982114799220195e-01, 5.639362165100483271e-01, 1.261086925982243701e+00, -6.696044646277549139e-01, -2.383910711702600434e-03, 2.104318172236939108e-02, 7.684600750844092221e-02, -2.866984384579345999e-02, 1.263133813250353066e-01, 6.513863418567113206e-02
1403638211945096960, -3.063782198030438497e+00, -8.263582655200872651e+00, 6.237785404684069723e-01, 3.195055288657825954e-01, -7.438590707278491809e-01, 2.740524254698188389e-01, 5.191196085818822192e-01, 5.405290072223810638e-01, 1.290729639989066202e+00, -6.184085453040963909e-01, -2.377601468901666647e-03, 2.103597624916434677e-02, 7.685332096664580781e-02, -2.848500154498191661e-02, 1.262906276077501999e-01, 6.554865913015599233e-02
1403638211995097088, -3.037578309181694802e+00, -8.197331091557867211e+00, 5.952506985147681950e-01, 3.085197843948845886e-01, -7.490327010765271964e-01, 2.670293726925270783e-01, 5.219778438539046661e-01, 5.196931652224519027e-01, 1.312375495170540862e+00, -5.757074295584596602e-01, -2.377688169196358076e-03, 2.103296878180806531e-02, 7.685544957977322178e-02, -2.844585138752777145e-02, 1.261783196862721890e-01, 6.569411118063980815e-02
1403638212045096960, -3.011426330218241798e+00, -8.130661329791118774e+00, 5.676284163248083159e-01, 2.977495937174836627e-01, -7.535344665263465913e-01, 2.602376867876861066e-01, 5.251736223129661596e-01, 4.890291309616028315e-01, 1.337111070651244349e+00, -5.462665246213920245e-01, -2.382180789705530370e-03, 2.103192039048862316e-02, 7.685883682673377848e-02, -2.840412391054850799e-02, 1.262378087523528813e-01, 6.582499448777807960e-02
1403638212095097088, -2.989319148278750671e+00, -8.062825288246175504e+00, 5.463189180682114232e-01, 2.880411814258174719e-01, -7.574282691617392205e-01, 2.517852820026654781e-01, 5.290924934681170422e-01, 4.611474257799929588e-01, 1.349831063954303856e+00, -4.982944108545697692e-01, -2.384858293159092171e-03, 2.102952827867234781e-02, 7.685848779857176738e-02, -2.850062907847900062e-02, 1.261816262868744598e-01, 6.569979758621724564e-02
1403638212145096960, -2.966945536872349631e+00, -7.994968400299359068e+00, 5.242370204964164060e-01, 2.787619261564636686e-01, -7.610978888215889082e-01, 2.431749849810253272e-01, 5.328111474400069048e-01, 4.350084210850492794e-01, 1.369393380411888517e+00, -4.420626171526108039e-01, -2.383123690603070402e-03, 2.102893919816486296e-02, 7.685889553664251861e-02, -2.852160432473071008e-02, 1.262302813701483006e-01, 6.568581056277279784e-02
1403638212195097088, -2.944729643920049877e+00, -7.925452236138190720e+00, 5.041192154230953459e-01, 2.696710689101779468e-01, -7.639238485304739035e-01, 2.338422422777554077e-01, 5.376017800991206297e-01, 4.235177564171753728e-01, 1.395583729142219731e+00, -4.067201668930030545e-01, -2.380519016242694033e-03, 2.102807807406043006e-02, 7.685811932385336331e-02, -2.848543208621718420e-02, 1.263647602908029022e-01, 6.581213151031187203e-02
1403638212245096960, -2.918731047854036920e+00, -7.851461103439648426e+00, 4.826534605918852416e-01, 2.595380869184663597e-01, -7.676092709577776452e-01, 2.256357560331077594e-01, 5.408368461724291087e-01, 4.369111673721005062e-01, 1.424253615162993869e+00, -3.629481535414841864e-01, -2.384427383170071787e-03, 2.102517643577182099e-02, 7.686264112632110179e-02, -2.820974689366082325e-02, 1.265044919563180492e-01, 6.649894946486360758e-02
1403638212295097088, -2.902626016763462768e+00, -7.785734335691443242e+00, 4.697010287473917800e-01, 2.496752739936717036e-01, -7.707346963676691143e-01, 2.177401070808302475e-01, 5.442605360851093810e-01, 4.252817465526296248e-01, 1.436846107153920471e+00, -3.040825747599320006e-01, -2.386916064410582114e-03, 2.102660966345181945e-02, 7.686034857670112630e-02, -2.857922891887267058e-02, 1.264114357795948773e-01, 6.558031756495277809e-02
1403638212345096960, -2.877304205063479614e+00, -7.706307043696658532e+00, 4.494171198645747767e-01, 2.401481474932540827e-01, -7.744322936177455707e-01, 2.095580264506665680e-01, 5.465061055538336099e-01, 4.150143557226645408e-01, 1.459920446619238366e+00, -2.913985936641433350e-01, -2.385281985779760285e-03, 2.102444311292264376e-02, 7.686060324892406148e-02, -2.870560354510281326e-02, 1.261953755705128022e-01, 6.514552767181752690e-02
1403638212395097088, -2.856714901015637409e+00, -7.634075101328993362e+00, 4.341262351324906565e-01, 2.309439531488526043e-01, -7.766057914698739628e-01, 2.002940721377520772e-01, 5.508453683438833126e-01, 3.966854418691226347e-01, 1.464110586938692560e+00, -2.430655521554952458e-01, -2.386165044575022046e-03, 2.102626544037263304e-02, 7.686059896855380880e-02, -2.869589701885107841e-02, 1.261950978822514169e-01, 6.510899718383518497e-02
1403638212445096960, -2.838183288922553338e+00, -7.560642371456061994e+00, 4.166698118791584693e-01, 2.210190085822065775e-01, -7.801378139215645602e-01, 1.921578727468849224e-01, 5.528208942111477731e-01, 3.910142858219033957e-01, 1.491339966569810160e+00, -1.939479213627604004e-01, -2.377044639490755520e-03, 2.102578123625363504e-02, 7.685540266139155585e-02, -2.866457352868735653e-02, 1.256720626335086077e-01, 6.504169971358422786e-02
1403638212495097088, -2.811627776913743215e+00, -7.479548019607300979e+00, 4.012786746986527486e-01, 2.099676197433398284e-01, -7.821170677245693481e-01, 1.855568345953763632e-01, 5.565744803421925901e-01, 4.042862999026140547e-01, 1.522215400546635511e+00, -1.581610814158644351e-01, -2.374247012352867763e-03, 2.102482917123581208e-02, 7.685676574709494890e-02, -2.820708126060745419e-02, 1.255935301434850659e-01, 6.609502437027492405e-02
1403638212545096960, -2.787345259002973474e+00, -7.400594956319825890e+00, 3.921103916660101385e-01, 1.986906689092568234e-01, -7.853957498438819407e-01, 1.794481118854955315e-01, 5.580984763966745366e-01, 4.028150034384676559e-01, 1.534751318843818879e+00, -1.348151152622684423e-01, -2.372598954051899182e-03, 2.102451429105919173e-02, 7.685841444430725755e-02, -2.800284994013813727e-02, 1.257529858074675766e-01, 6.659476122887632299e-02
1403638212595097088, -2.765578916834294798e+00, -7.323609486319402784e+00, 3.819232960119680609e-01, 1.887842684776567803e-01, -7.883531438179414153e-01, 1.709492908862624561e-01, 5.600322852775616589e-01, 3.982936506438714552e-01, 1.549250635873335114e+00, -8.920557447231057535e-02, -2.365443891462707532e-03, 2.102689064035936917e-02, 7.685542478509951869e-02, -2.791603524710349268e-02, 1.257725127871943405e-01, 6.672373007685433732e-02
1403638212645096960, -2.743596152060326254e+00, -7.246297584951228110e+00, 3.753992689076876554e-01, 1.769393036077738235e-01, -7.915313211853917119e-01, 1.649844413619417360e-01, 5.612047616777610104e-01, 4.042762734218085519e-01, 1.567183571688223420e+00, -6.959313818443438326e-02, -2.364380205275596995e-03, 2.102964300068801626e-02, 7.685418096338554605e-02, -2.790704870901877452e-02, 1.259484139601720065e-01, 6.669443109330143449e-02
1403638212695097088, -2.724033098595361579e+00, -7.169134356345754355e+00, 3.725444354768727706e-01, 1.665188830082823257e-01, -7.942934891321850044e-01, 1.568152953608606126e-01, 5.628305942863977007e-01, 3.995792396877376196e-01, 1.579927870090532815e+00, -2.308415833653100491e-02, -2.356431339982368624e-03, 2.103062773338087305e-02, 7.684755103218779415e-02, -2.800449481014130257e-02, 1.259897342463325853e-01, 6.642697890795308535e-02
1403638212745096960, -2.702489753934899763e+00, -7.083264439650385214e+00, 3.693035472329962987e-01, 1.568921702831865828e-01, -7.975794868124522763e-01, 1.469841177928691289e-01, 5.636022340591536617e-01, 3.978609330435789460e-01, 1.601284336451098911e+00, 9.534856419209369882e-03, -2.356099081935382478e-03, 2.103112428077398566e-02, 7.684460217394142867e-02, -2.778613388684843255e-02, 1.260563295616024537e-01, 6.694729522329409543e-02
1403638212795097088, -2.676270363783551431e+00, -6.996408362162798156e+00, 3.679580260017666360e-01, 1.450981811676056166e-01, -7.990099011537670215e-01, 1.396052709192877883e-01, 5.666039745815877327e-01, 4.067647088083014562e-01, 1.621270712310930895e+00, 3.855492382174203342e-02, -2.352564461055977382e-03, 2.102890049063775232e-02, 7.684482694086218479e-02, -2.739498266653595318e-02, 1.261931180033090960e-01, 6.791720169239900962e-02
1403638212845096960, -2.653780641886364311e+00, -6.908275102181446137e+00, 3.673245072920958143e-01, 1.334787848518554643e-01, -8.014432441640012561e-01, 1.313340666816525115e-01, 5.679995627702650873e-01, 4.096229091977953707e-01, 1.641006342895454440e+00, 4.696960889181006626e-02, -2.347675178487034636e-03, 2.102609758470529167e-02, 7.684253445663635773e-02, -2.712717432453471203e-02, 1.257667802139439683e-01, 6.857515815269239756e-02
1403638212895097088, -2.634745057468153462e+00, -6.826789215448030745e+00, 3.724316258883588193e-01, 1.205967080243616346e-01, -8.040396409455862203e-01, 1.244058974308627913e-01, 5.687704831355100410e-01, 4.193457976023168277e-01, 1.654435966883909703e+00, 6.992203470788715958e-02, -2.351966520384759628e-03, 2.102379453136606416e-02, 7.684320853541437568e-02, -2.722723578823344967e-02, 1.256658667767282522e-01, 6.835662394955217824e-02
1403638212945096960, -2.614964704520374994e+00, -6.748038061048830194e+00, 3.800268113465417041e-01, 1.086553445909492904e-01, -8.058901133640474779e-01, 1.152945607118421173e-01, 5.704755082772339225e-01, 4.103558420749838231e-01, 1.669734807812343291e+00, 1.021048323251370071e-01, -2.353880954796121108e-03, 2.102697573934545275e-02, 7.684697911243922042e-02, -2.737008050357040909e-02, 1.260234699214300702e-01, 6.803459820848804795e-02
1403638212995097088, -2.600851794416052964e+00, -6.672493625547035734e+00, 3.899371067462389928e-01, 9.634779197986696742e-02, -8.086300761680186300e-01, 1.061431186708361868e-01, 5.705857878145386142e-01, 4.006796588182032770e-01, 1.677535566952510937e+00, 1.417155973217506804e-01, -2.359587699056159976e-03, 2.102915282083512791e-02, 7.684881875509436133e-02, -2.774800986231571939e-02, 1.261147646135202527e-01, 6.710651083327573430e-02
1403638213045096960, -2.578744369382050206e+00, -6.586481098024878023e+00, 3.973873579448511939e-01, 8.319506164458047304e-02, -8.100539387407468261e-01, 9.736541120870054189e-02, 5.721985448677037178e-01, 3.939152408691127261e-01, 1.684582963480359075e+00, 1.652082574823434125e-01, -2.358515775693085983e-03, 2.102854224663374544e-02, 7.685068108911655149e-02, -2.762624001134290214e-02, 1.261649349747866466e-01, 6.741771430668692944e-02
1403638213095097088, -2.558937874877256657e+00, -6.500622769909035981e+00, 4.077820604180185660e-01, 6.977182763305188329e-02, -8.120579270142095352e-01, 8.914319014785709872e-02, 5.724921893723894373e-01, 3.933062571142925123e-01, 1.697277036351071855e+00, 1.691314870493035583e-01, -2.364804918237961226e-03, 2.103018602646830951e-02, 7.685210485057861196e-02, -2.787633422944392134e-02, 1.263087685504334923e-01, 6.680025798403013693e-02
1403638213145096960, -2.540008791268083765e+00, -6.419877673515315131e+00, 4.204808175499221701e-01, 5.532788046568188484e-02, -8.142997315008981829e-01, 8.202316137654337702e-02, 5.719501498544588003e-01, 3.879662024727308367e-01, 1.703246533124846307e+00, 1.548066694019349099e-01, -2.365499370813591278e-03, 2.103151998235578551e-02, 7.685307422182935388e-02, -2.805836894250406111e-02, 1.268869495290899652e-01, 6.641416091146569445e-02
1403638213195097088, -2.530487465973684014e+00, -6.340193242981853494e+00, 4.310865613826242448e-01, 4.089215506283560425e-02, -8.175792814073673531e-01, 7.496733408251529673e-02, 5.694487238446411803e-01, 3.793808545840147151e-01, 1.713489085001128398e+00, 1.157282141328937336e-01, -2.371580020104454428e-03, 2.103399981163456972e-02, 7.685000041054368403e-02, -2.856352850194976770e-02, 1.263268613840186905e-01, 6.516816659489375885e-02
1403638213245096960, -2.511662613803331556e+00, -6.254719195966099043e+00, 4.386611581001855220e-01, 2.565606964356229036e-02, -8.214660822498160986e-01, 6.909153049695034021e-02, 5.654746698280765926e-01, 3.667128079955431774e-01, 1.729086230656824208e+00, 7.400070070591587001e-02, -2.368287572172342662e-03, 2.103244135466770734e-02, 7.684964747381013705e-02, -2.856888685131592914e-02, 1.265050983129080431e-01, 6.521007344886083079e-02
1403638213295097088, -2.500318876408772262e+00, -6.174582685211150057e+00, 4.448811217397904971e-01, 9.837751723439043527e-03, -8.250367726685617908e-01, 6.389420660457013901e-02, 5.613689274871244139e-01, 3.407109370937508319e-01, 1.740886566648243594e+00, 5.829308634245761872e-02, -2.370475039991257193e-03, 2.103663352072718956e-02, 7.684737000068088408e-02, -2.869691318457865195e-02, 1.270197363011422165e-01, 6.494176437366074028e-02
1403638213345096960, -2.486605011829109646e+00, -6.090326711023398509e+00, 4.476185936036869428e-01, -6.077888833795720876e-03, -8.288073198851977352e-01, 5.900387178191387333e-02, 5.563811902704681733e-01, 3.228377998317962794e-01, 1.753267236933282014e+00, 2.359131215929907016e-02, -2.373281974305991009e-03, 2.103735177509138618e-02, 7.684703048914515167e-02, -2.891575655330494085e-02, 1.269564347796227899e-01, 6.439092798664056150e-02
1403638213395097088, -2.472973128287512701e+00, -6.004890277226821560e+00, 4.499775277151153996e-01, -2.224252637171658664e-02, -8.312776678174380596e-01, 5.436134252424408564e-02, 5.527454689525429510e-01, 2.966417671564332559e-01, 1.778269667710580704e+00, -5.917814228650807029e-03, -2.376017684235612413e-03, 2.103847253619639188e-02, 7.684652253532002486e-02, -2.909175663243411883e-02, 1.271285224516568724e-01, 6.397301673080015016e-02
1403638213445096960, -2.461239762596870495e+00, -5.915178911727018374e+00, 4.484745377420446544e-01, -3.844982011117050597e-02, -8.333664795149566817e-01, 5.047506297861013846e-02, 5.490666536692712096e-01, 2.641439576214759111e-01, 1.815999272928709329e+00, -2.460685370882532974e-02, -2.375139077894106165e-03, 2.103930214319077799e-02, 7.684393307347960056e-02, -2.918558675315140183e-02, 1.267543922001009571e-01, 6.371151915069007965e-02
1403638213495097088, -2.455818017289717048e+00, -5.831359611214280925e+00, 4.472991043296569713e-01, -5.377591939217273020e-02, -8.337201067614258276e-01, 4.553337050226630156e-02, 5.476729372955603248e-01, 2.326076108981958157e-01, 1.851364754498940446e+00, -5.016250543352591962e-02, -2.385410404354179181e-03, 2.104630411500944126e-02, 7.684426748705247556e-02, -2.897727358675633233e-02, 1.279146422677938655e-01, 6.426813715284528106e-02
1403638213545096960, -2.448266846801491869e+00, -5.741231384737669252e+00, 4.464465557255058448e-01, -6.642619669766114399e-02, -8.332863563586591082e-01, 3.869977975174609952e-02, 5.474703058120685695e-01, 1.912188475822368394e-01, 1.888105659482391729e+00, -6.464858257044940604e-02, -2.392657094712276507e-03, 2.104693352953551644e-02, 7.684525901163782868e-02, -2.925222743111318899e-02, 1.278829838025683230e-01, 6.360645118761305838e-02
1403638213595097088, -2.439372133869038617e+00, -5.646980842548833479e+00, 4.460201069910112448e-01, -7.413657432406739467e-02, -8.301758045273023301e-01, 2.783358859313467271e-02, 5.518488862641354187e-01, 1.584104331567733615e-01, 1.927857036577528715e+00, -5.205258191945971724e-02, -2.392193488092097912e-03, 2.104695924194380577e-02, 7.684491313289064374e-02, -2.931115109255720899e-02, 1.282771912965136596e-01, 6.353036836479755700e-02
1403638213645096960, -2.430960253970370744e+00, -5.550108557786194829e+00, 4.442634352634584061e-01, -7.792331975664897048e-02, -8.257907718096528793e-01, 1.500003632627295441e-02, 5.583659698999675625e-01, 1.421180738756277762e-01, 1.949551764790132147e+00, -3.202742890261405656e-02, -2.392545900735962641e-03, 2.104856031847074718e-02, 7.684557471207384416e-02, -2.929675317920847274e-02, 1.286056517067173666e-01, 6.358100664730202689e-02
1403638213695097088, -2.426749176564920507e+00, -5.456338290603442331e+00, 4.440602109460565772e-01, -8.003888139914329403e-02, -8.211048298518153210e-01, 3.429895115064121938e-03, 5.651273057266786859e-01, 1.302178035181757176e-01, 1.966191575732245678e+00, -5.490554897678712534e-03, -2.395276659616427453e-03, 2.105030252311294869e-02, 7.684733817593272787e-02, -2.917538847216383582e-02, 1.287648544953857999e-01, 6.393272460296116344e-02
1403638213745096960, -2.419672112956427146e+00, -5.356634832478987640e+00, 4.424888620028660235e-01, -8.038615066112365926e-02, -8.171030599142135031e-01, -7.644070269719579341e-03, 5.708083955675739007e-01, 1.223561531033103278e-01, 1.978674372748500998e+00, 1.208552785143948184e-02, -2.393023098734033734e-03, 2.105122250349417481e-02, 7.684560075057070283e-02, -2.908656175391269999e-02, 1.286506778637334369e-01, 6.409900530433959576e-02
1403638213795097088, -2.413748251166154102e+00, -5.264191575807623202e+00, 4.469399740198709003e-01, -8.037940890248174153e-02, -8.141066655807037700e-01, -1.692528606894980539e-02, 5.748765279371216286e-01, 1.119480037557370050e-01, 1.971081185539336422e+00, 4.910041661693080595e-02, -2.397966663309965187e-03, 2.105285624317068671e-02, 7.685137017974415230e-02, -2.908581948190460190e-02, 1.283878538312127893e-01, 6.419986544538960893e-02
1403638213845096960, -2.405825142334466538e+00, -5.164170635971703227e+00, 4.502227883458569946e-01, -8.009837103445865969e-02, -8.122454767235295359e-01, -2.420899805261747528e-02, 5.772828257562153675e-01, 1.064478078784922011e-01, 1.973197083847788802e+00, 8.959306237119034344e-02, -2.396708148000909703e-03, 2.105139427488365855e-02, 7.685278628499196685e-02, -2.882370720021306190e-02, 1.287017357819484342e-01, 6.488794150333342114e-02
1403638213895097088, -2.401133609508411926e+00, -5.070885720049759904e+00, 4.561300067242855527e-01, -8.060413664027844816e-02, -8.110560338209839015e-01, -2.805632935579600862e-02, 5.787088434974270168e-01, 1.036297841023054583e-01, 1.962270919583096296e+00, 1.127775679336336795e-01, -2.397433713478596112e-03, 2.105385998884207188e-02, 7.685539544824898650e-02, -2.902893652673338085e-02, 1.280557940228409797e-01, 6.438761642769529059e-02
1403638213945096960, -2.396560660474588378e+00, -4.974391118286691338e+00, 4.628614192533491711e-01, -7.956139083000203505e-02, -8.114012993638718418e-01, -3.284534919976220269e-02, 5.781168562805982791e-01, 1.126672812791150308e-01, 1.955073996764090438e+00, 1.265577941454895383e-01, -2.399433727364161818e-03, 2.105466464808025684e-02, 7.685687210594707719e-02, -2.922259104818379291e-02, 1.282082545864285661e-01, 6.390974230321791461e-02
1403638213995097088, -2.391806203923118712e+00, -4.878070015384129654e+00, 4.701192211477855376e-01, -8.034863160867206089e-02, -8.116723721096189559e-01, -3.264189528784702116e-02, 5.776387836914826934e-01, 1.242815312123638771e-01, 1.939545724090468548e+00, 1.546907130382618456e-01, -2.403848749897876964e-03, 2.105439745930896833e-02, 7.685850759356115114e-02, -2.937959294239991456e-02, 1.280874020157382887e-01, 6.350197063779594586e-02
1403638214045096960, -2.384742447777143948e+00, -4.780919451636401085e+00, 4.784351661485202190e-01, -7.949423188471758939e-02, -8.141318787294014037e-01, -3.410749663238155094e-02, 5.742008619003163838e-01, 1.293623149131563621e-01, 1.932122385009480858e+00, 1.636322139419850163e-01, -2.404576360062316183e-03, 2.105449566196928440e-02, 7.685914919153991054e-02, -2.929240071289200206e-02, 1.281393638511457156e-01, 6.374374710919712694e-02
1403638214095097088, -2.378077794650212073e+00, -4.683658352489792343e+00, 4.867907717953035562e-01, -7.858613911511673489e-02, -8.176949174803042064e-01, -3.478013062876873784e-02, 5.692008285124889877e-01, 1.274788721246203071e-01, 1.920129759045104967e+00, 1.856574423385393413e-01, -2.403782090015745432e-03, 2.105456460407223104e-02, 7.685793890664575911e-02, -2.922800076620454476e-02, 1.280534902530430508e-01, 6.389665740196580346e-02
1403638214145096960, -2.375718342143645856e+00, -4.586837838905394982e+00, 4.956318494736305369e-01, -7.790650968514208075e-02, -8.208218288480324532e-01, -3.408552866446908081e-02, 5.648188008298891116e-01, 1.038301875666105961e-01, 1.909052873681862605e+00, 2.207208460768681213e-01, -2.405989268061515998e-03, 2.105527499768110669e-02, 7.685581775056316012e-02, -2.911518287645855838e-02, 1.285761097618340343e-01, 6.412790579785331013e-02
1403638214195097088, -2.370667551529705985e+00, -4.489165011843573083e+00, 5.054292138915820187e-01, -7.651336583849099870e-02, -8.248491604772721919e-01, -3.338485806650930143e-02, 5.591556299992727075e-01, 8.608296782339762421e-02, 1.898328236818758841e+00, 2.258973059494156499e-01, -2.403193159380825460e-03, 2.105500858338579112e-02, 7.685297728979555154e-02, -2.900979481964535006e-02, 1.281074089301587338e-01, 6.435889320526129442e-02
1403638214245096960, -2.366641770965471903e+00, -4.393246865416964297e+00, 5.155262522992991592e-01, -7.503116837591931876e-02, -8.275950254808988049e-01, -3.253454602854763400e-02, 5.553362052722039532e-01, 6.448350011640821555e-02, 1.890474728865825460e+00, 1.860840643927818283e-01, -2.404843198777041526e-03, 2.105405242788651807e-02, 7.685422455246283813e-02, -2.889275651638732734e-02, 1.279786047555040440e-01, 6.464805998256951958e-02
1403638214295097088, -2.362163089939712801e+00, -4.298535048581514140e+00, 5.249444259050346506e-01, -7.378135305988806070e-02, -8.302820885345557622e-01, -3.109558218422618300e-02, 5.515623538349699873e-01, 4.902854442812026176e-02, 1.877142942591414343e+00, 1.675201113065866720e-01, -2.404248982314456228e-03, 2.105256809090175901e-02, 7.685481514182433693e-02, -2.878006826637651699e-02, 1.279857171174351160e-01, 6.496652529413143862e-02
1403638214345096960, -2.361144623476520543e+00, -4.203833447425449954e+00, 5.316335505315773480e-01, -7.218359740531080093e-02, -8.324410409749155582e-01, -2.996076518564315394e-02, 5.485743287064369644e-01, 1.231575096782067461e-02, 1.879754728835108635e+00, 1.303992344351129207e-01, -2.403365755093998801e-03, 2.105306365269823260e-02, 7.685449117334440527e-02, -2.876859686342345124e-02, 1.278967221348856487e-01, 6.496048534531677354e-02
1403638214395097088, -2.361307604818747574e+00, -4.109369919803044446e+00, 5.370286152207759400e-01, -7.005556842236626558e-02, -8.339724155542413975e-01, -2.942226647942916898e-02, 5.465496845327572073e-01, -2.079080871694923352e-02, 1.869953825296351457e+00, 1.117649788664026589e-01, -2.402415515145514113e-03, 2.105249661102180300e-02, 7.685410124843446156e-02, -2.877333408450074431e-02, 1.277063586407846396e-01, 6.493861286217875173e-02
1403638214445096960, -2.362643077167126293e+00, -4.002554801146953167e+00, 5.402910801157334575e-01, -6.798997324106668960e-02, -8.341674277594552933e-01, -2.843685816698476171e-02, 5.465651023450397439e-01, -4.371109174211156717e-02, 1.884463021971695573e+00, 7.216174376653752831e-02, -2.409608785089287133e-03, 2.104652229641611888e-02, 7.685033992339712627e-02, -2.934865890746582787e-02, 1.276213255512590738e-01, 6.337206799846879790e-02
1403638214495097088, -2.366433044072051128e+00, -3.908191101218710717e+00, 5.438670782468750797e-01, -6.567994473236622721e-02, -8.321896103605636030e-01, -2.803572771886907525e-02, 5.498732537950542509e-01, -7.862535863302058670e-02, 1.884353244124162385e+00, 5.448743686784904283e-02, -2.405116565638156217e-03, 2.104762048281719547e-02, 7.684858129926439019e-02, -2.939383583429452246e-02, 1.275551058543460126e-01, 6.325399997874070479e-02
1403638214545096960, -2.373323412325667014e+00, -3.815755889379642163e+00, 5.461858401294645837e-01, -6.363073969152997778e-02, -8.291819929917406684e-01, -2.766128754739512197e-02, 5.546559335622167630e-01, -1.030811894185334476e-01, 1.877523368892482836e+00, 3.654409157283022846e-02, -2.404864682017740941e-03, 2.104756436103310049e-02, 7.684802902240707445e-02, -2.966295741904813321e-02, 1.274608693338857013e-01, 6.254924196908528966e-02
1403638214595097088, -2.377349241642626065e+00, -3.722789484668344695e+00, 5.477053274152984264e-01, -6.145255660232473716e-02, -8.261666937241176623e-01, -2.769971269512815429e-02, 5.593790337370587729e-01, -1.215560249636080670e-01, 1.861406109509093021e+00, -3.041701656352416381e-03, -2.400676427444635268e-03, 2.104703214928602129e-02, 7.684617948423413947e-02, -2.956073863728999121e-02, 1.276062274221090309e-01, 6.284256119008505004e-02
1403638214645096960, -2.375944756224691368e+00, -3.629273487057075531e+00, 5.469317992835314168e-01, -5.962904222136450327e-02, -8.229602638470983056e-01, -2.706456788679419134e-02, 5.643122279532655217e-01, -1.212234596060701997e-01, 1.848409051557582616e+00, -2.321700768649466451e-02, -2.396237968418216124e-03, 2.104538233958059071e-02, 7.684906577184148768e-02, -2.888253377596208468e-02, 1.283988499988896470e-01, 6.462234370798462801e-02
1403638214695097088, -2.382745295875511982e+00, -3.535501754463723501e+00, 5.439106641662673214e-01, -5.757285669344255896e-02, -8.198371233731344132e-01, -2.682394128584128165e-02, 5.690632069333898535e-01, -1.231796605513888199e-01, 1.842640919156445012e+00, -4.674669615626001612e-02, -2.398935809191829038e-03, 2.104606286011657945e-02, 7.684916094915834883e-02, -2.888977381003313138e-02, 1.280898760928640412e-01, 6.457512983531257800e-02
1403638214745096960, -2.389169753283032716e+00, -3.445136054757320210e+00, 5.410359490079923450e-01, -5.573275598257170643e-02, -8.168139051140119733e-01, -2.634271706493631487e-02, 5.735982614867498608e-01, -1.220841263564554635e-01, 1.824036829625062417e+00, -7.812680046581385596e-02, -2.397653445949828738e-03, 2.104673421414391538e-02, 7.684716081484282979e-02, -2.924380088716475173e-02, 1.275556240332997027e-01, 6.366400191241680662e-02
1403638214795097088, -2.394153958683499894e+00, -3.354978544599278578e+00, 5.355952085421313846e-01, -5.414568843544588506e-02, -8.147635523585740058e-01, -2.557989804810595347e-02, 5.766925237834609197e-01, -1.088984250602254705e-01, 1.807980850611521362e+00, -9.893241877901511050e-02, -2.398632687294112182e-03, 2.104570043935048707e-02, 7.684981895641905536e-02, -2.914738685447228542e-02, 1.278062302449469445e-01, 6.388083176553464859e-02
1403638214845096960, -2.401345296202145985e+00, -3.267090179100788472e+00, 5.306200149761143292e-01, -5.245488758166880899e-02, -8.129682243341079806e-01, -2.523412707881046713e-02, 5.793913960548709996e-01, -8.932348120788835555e-02, 1.793562998738270409e+00, -1.370685669422945785e-01, -2.398557601269405738e-03, 2.104786015213257200e-02, 7.684855435016979541e-02, -2.933023997415118433e-02, 1.280584832681840313e-01, 6.341633232139513854e-02
1403638214895097088, -2.406475647352420033e+00, -3.177574184006487723e+00, 5.245536701303020743e-01, -5.115766676458011197e-02, -8.118741284046425699e-01, -2.477904293793493223e-02, 5.810587679309953124e-01, -8.946096291694317915e-02, 1.780452407355049838e+00, -1.650196318209395663e-01, -2.396267198584323566e-03, 2.104751199418830598e-02, 7.684671521539607197e-02, -2.943725213869678725e-02, 1.279087088833197605e-01, 6.318194591855219588e-02
1403638214945096960, -2.412964775286869479e+00, -3.088163528290003068e+00, 5.165271556431593192e-01, -4.995473918532646052e-02, -8.105976458687166319e-01, -2.457069590220452293e-02, 5.829513371182043491e-01, -8.288296658248604787e-02, 1.767552925871708869e+00, -1.924070253091951510e-01, -2.398598929747904149e-03, 2.104809881158768714e-02, 7.684780239584912409e-02, -2.964733343229776150e-02, 1.276967020527290941e-01, 6.266284587963566466e-02
1403638214995097088, -2.416262285450361702e+00, -2.997427012424269233e+00, 5.075171648065286423e-01, -4.918489095555998031e-02, -8.101532706576138887e-01, -2.402232545614572251e-02, 5.836569646839996350e-01, -7.704287909330684303e-02, 1.754409073704451094e+00, -2.203089864932494535e-01, -2.400566723352601586e-03, 2.104713800798240636e-02, 7.684756715706916874e-02, -2.965706080652442955e-02, 1.273403035097767089e-01, 6.269297911894687603e-02
1403638215045096960, -2.421513770360436801e+00, -2.904047912775545193e+00, 4.971611136203041292e-01, -4.874426332049073413e-02, -8.099201968034683841e-01, -2.336591162006782657e-02, 5.840439245273739699e-01, -7.075870728512097252e-02, 1.743802891013260803e+00, -2.339265315099214593e-01, -2.400535887141803677e-03, 2.104740992155305218e-02, 7.684474326775687925e-02, -2.955381828653708132e-02, 1.281028834124392224e-01, 6.299727683563179081e-02
1403638215095097088, -2.427560012339827100e+00, -2.816970016019183287e+00, 4.850833355630025379e-01, -4.734225532546480070e-02, -8.101778122711315033e-01, -2.415330726137092723e-02, 5.837698528637802475e-01, -5.660582293546800869e-02, 1.726993180061036970e+00, -2.571717447237433785e-01, -2.398493800427814113e-03, 2.104911704382904369e-02, 7.684204470018224375e-02, -2.980158656859402400e-02, 1.279158880955633959e-01, 6.235620911996901661e-02
1403638215145096960, -2.432069343074714673e+00, -2.731920420864310195e+00, 4.725678411297357107e-01, -4.701937888415608224e-02, -8.103332685768844801e-01, -2.389437699819235011e-02, 5.835908074967592896e-01, -4.426796924924920884e-02, 1.713178133837096162e+00, -2.767066028427798696e-01, -2.397625946965054999e-03, 2.105182558459732858e-02, 7.683995180738338593e-02, -2.996572510312073626e-02, 1.280756471976710054e-01, 6.195032797965716043e-02
1403638215195097088, -2.439519583092578880e+00, -2.648821886883251597e+00, 4.594188838702134015e-01, -4.656015266064345015e-02, -8.115431498068332861e-01, -2.422862840283118713e-02, 5.819302722419060769e-01, -3.683558883861044048e-02, 1.695352898804370900e+00, -3.014533338240395488e-01, -2.391563686031231584e-03, 2.105593357541091920e-02, 7.683549278174479913e-02, -3.040424186049000069e-02, 1.280470024051817979e-01, 6.082137444457594300e-02
1403638215245096960, -2.443908807467981337e+00, -2.560977302740715444e+00, 4.445198764472876873e-01, -4.585257794237070778e-02, -8.125154724706176168e-01, -2.537976692339092774e-02, 5.805790346910594257e-01, -3.825272712531303104e-02, 1.680085850320326868e+00, -3.045374356523675163e-01, -2.385705823682285256e-03, 2.105715171114999618e-02, 7.682989955555845352e-02, -3.059528995635475354e-02, 1.275620199625169537e-01, 6.034065124150498477e-02
1403638215295097088, -2.446401940721153245e+00, -2.474954899631338190e+00, 4.299553931649721106e-01, -4.433976736112070494e-02, -8.136771290121896927e-01, -2.749956053325052982e-02, 5.789708878029361516e-01, -2.908040315742178167e-02, 1.665405543471616179e+00, -3.126930530833533228e-01, -2.386885757424161199e-03, 2.105833466304420434e-02, 7.682904930983874836e-02, -3.065458523332765042e-02, 1.273285761010668760e-01, 6.022093205232025709e-02
1403638215345096960, -2.446193995629542872e+00, -2.388076349320775282e+00, 4.159050699502581661e-01, -4.337674652453733792e-02, -8.143065827150312019e-01, -2.926327773362058168e-02, 5.780717150874961074e-01, -3.194662057829342205e-02, 1.648061897091430028e+00, -3.162364425861947659e-01, -2.390263524645347675e-03, 2.105725419689827640e-02, 7.682866533019554189e-02, -3.064082665419325113e-02, 1.268985289300952335e-01, 6.031696646722390504e-02
1403638215395097088, -2.446395910714424637e+00, -2.308034692088686946e+00, 4.011395548897430108e-01, -4.190992523604816777e-02, -8.144344650805939168e-01, -3.163587840629480952e-02, 5.778747541232943652e-01, -3.721048856873104133e-02, 1.617714334529198439e+00, -2.828100860577279496e-01, -2.386142350901960217e-03, 2.105776334415824375e-02, 7.682803566679340113e-02, -3.054011673526340828e-02, 1.273030917540373952e-01, 6.058897221241207193e-02
1403638215445096960, -2.448542811653193318e+00, -2.229217216870602591e+00, 3.887522874919456806e-01, -3.953584803318772184e-02, -8.140367609898739865e-01, -3.478727623482534559e-02, 5.784210524259759678e-01, -3.464890440330928995e-02, 1.592042284455043255e+00, -2.367948577295658219e-01, -2.387016540180123339e-03, 2.105881492987782960e-02, 7.683107504815990529e-02, -3.059656188872041452e-02, 1.276690660489319673e-01, 6.045327593377365638e-02
1403638215495097088, -2.444706623383007482e+00, -2.148774331912423730e+00, 3.793228606446550355e-01, -3.903779644434676732e-02, -8.141948521375842462e-01, -3.558301185976165543e-02, 5.781839175110419227e-01, -2.487437589361926604e-02, 1.563736827933005280e+00, -1.965481531423793338e-01, -2.382285679101173344e-03, 2.105673584376107146e-02, 7.682945412255588746e-02, -3.038896299587523844e-02, 1.275582784273753545e-01, 6.104787453247632889e-02
1403638215545096960, -2.445462614151332481e+00, -2.073003682103392364e+00, 3.692676389985746210e-01, -3.902810219467628405e-02, -8.142644600126597298e-01, -3.590843249542394200e-02, 5.780664156263494169e-01, -1.615240172445991593e-02, 1.529666611237332940e+00, -1.582569038184112320e-01, -2.378856638923652206e-03, 2.105606570918932066e-02, 7.682878345376502327e-02, -3.035950624415945445e-02, 1.277723012976322292e-01, 6.110290840616319774e-02
1403638215595097088, -2.449989442570867926e+00, -1.989812647615204932e+00, 3.625764699305612515e-01, -3.821930451978579335e-02, -8.130758579901762317e-01, -3.707461126355511560e-02, 5.797175235536864424e-01, -1.718506397220197213e-02, 1.501999224226714391e+00, -1.280562901254526931e-01, -2.380887114737289048e-03, 2.105589821387198607e-02, 7.682626236398662489e-02, -2.981634086142902554e-02, 1.295116617179269680e-01, 6.253310866754206720e-02
1403638215645096960, -2.455666079259292367e+00, -1.920838431506078026e+00, 3.564261092271281961e-01, -3.900369107009248743e-02, -8.123405846237913286e-01, -3.562270439009140172e-02, 5.807861134599571207e-01, -7.421902430167737555e-03, 1.467528483386385307e+00, -9.966146931471829562e-02, -2.383489998054769826e-03, 2.105790792768890904e-02, 7.682886049481139901e-02, -3.008195650877311042e-02, 1.299025283031054190e-01, 6.179753164566475360e-02
1403638215695097088, -2.458583213697703052e+00, -1.849799314925547611e+00, 3.530479900221135114e-01, -4.018128484069512923e-02, -8.122313769103280956e-01, -3.408565747246522504e-02, 5.809507919484863114e-01, -7.812416386650529281e-03, 1.429919697697938030e+00, -7.712073050586723544e-02, -2.383867530841200007e-03, 2.105864321817881371e-02, 7.682992568506225028e-02, -3.024989871501376423e-02, 1.300211687325449339e-01, 6.136829612682397767e-02
1403638215745096960, -2.458029994316682565e+00, -1.772816216767036712e+00, 3.494524967432922069e-01, -4.208233462759700116e-02, -8.117170142684499989e-01, -3.157001367407458875e-02, 5.816768003763108652e-01, -5.894527673845922737e-03, 1.413630516957273375e+00, -6.473210504566036250e-02, -2.380427922072940201e-03, 2.105800904939783211e-02, 7.682722354897093819e-02, -3.020978416558240884e-02, 1.293910875027021179e-01, 6.148614815119798210e-02
1403638215795097088, -2.455409047209658358e+00, -1.700057753311413178e+00, 3.453884636295395660e-01, -4.411116401262369507e-02, -8.114831257102341766e-01, -3.133475047622362453e-02, 5.818655130780586715e-01, 1.159823617383751691e-02, 1.401690819378629493e+00, -9.968686515397510994e-02, -2.381348624236422681e-03, 2.105572606045701470e-02, 7.682581249303048476e-02, -3.008153638187871168e-02, 1.291312112299665416e-01, 6.183548856112806857e-02
1403638215845096960, -2.448664037032035612e+00, -1.626202869986649313e+00, 3.412448196836818659e-01, -4.797309724879007115e-02, -8.113642239556588809e-01, -3.074632700703950131e-02, 5.817571154706798753e-01, 2.964198717787235385e-02, 1.389084514355339417e+00, -1.228055397421457251e-01, -2.373133047898847141e-03, 2.105321663522643355e-02, 7.682046612188569989e-02, -2.987972199227369868e-02, 1.289376577872564933e-01, 6.240790457298497212e-02
1403638215895097088, -2.447069560795070764e+00, -1.560695263558502521e+00, 3.355646472323531859e-01, -5.005339642405438189e-02, -8.112328689983668850e-01, -3.237914879451982142e-02, 5.816764396865644615e-01, 3.547935632429978503e-02, 1.364073176025188294e+00, -1.414113228180454152e-01, -2.367805938020695576e-03, 2.105401797543738490e-02, 7.681826285193307791e-02, -2.990599845635577916e-02, 1.292615295312435353e-01, 6.235314982640636355e-02
1403638215945096960, -2.445855840134005810e+00, -1.499116749752627431e+00, 3.274276370863857255e-01, -5.251475991893629625e-02, -8.109304130638956831e-01, -3.326914561301484025e-02, 5.818309282848894703e-01, 5.469609563650477957e-02, 1.340895283934558702e+00, -1.688284074841844562e-01, -2.372669604197999351e-03, 2.105476856560391588e-02, 7.682245645197016692e-02, -2.997526845966341780e-02, 1.297378278543245556e-01, 6.215311499323177002e-02
1403638215995097088, -2.436426610023790573e+00, -1.437583928822353085e+00, 3.180063174197726439e-01, -5.467600296371145918e-02, -8.107185703756815132e-01, -3.397519185225695432e-02, 5.818862609535697672e-01, 7.666501311430884424e-02, 1.323771483190962384e+00, -2.053245679027032589e-01, -2.370904976628291326e-03, 2.105360312759398805e-02, 7.682433050672371477e-02, -2.969542860063641154e-02, 1.303177229255212954e-01, 6.286509098341266921e-02
1403638216045096960, -2.433841233976288265e+00, -1.373763514709741118e+00, 3.066254461352866389e-01, -5.640756545074971512e-02, -8.106854199904846014e-01, -3.491427384337906364e-02, 5.817115521087411478e-01, 7.515271153098557200e-02, 1.301784755399319815e+00, -2.115182302809935078e-01, -2.375255732590128045e-03, 2.105630853036109806e-02, 7.682843875458425509e-02, -2.972507309908103967e-02, 1.304679076232097279e-01, 6.276575673286921564e-02
1403638216095097088, -2.431125766525121801e+00, -1.308277701594024789e+00, 2.950994348274587065e-01, -5.677223713239121228e-02, -8.104162621198430783e-01, -3.759682891015298650e-02, 5.818839004806594106e-01, 8.743179396509695445e-02, 1.281493306266800802e+00, -2.044635074091162019e-01, -2.373227153497777745e-03, 2.105587937851532282e-02, 7.682695899997109279e-02, -2.976333566472083234e-02, 1.304554824751548159e-01, 6.264541442014778805e-02
1403638216145096960, -2.424264483290634153e+00, -1.242278755979192129e+00, 2.839522736335851061e-01, -5.811573612709749342e-02, -8.105566229327145766e-01, -3.828844350173587346e-02, 5.815105479082329776e-01, 1.011394405102997857e-01, 1.264117563761799623e+00, -1.667715017282116463e-01, -2.375753017075577043e-03, 2.105527076413295229e-02, 7.682742391677532812e-02, -2.964948791019879695e-02, 1.301997316465241805e-01, 6.290098052262507733e-02
1403638216195097088, -2.424790411418904945e+00, -1.182836929170068441e+00, 2.759867514247561493e-01, -5.835712628978853567e-02, -8.103676987995717118e-01, -4.005536973161163972e-02, 5.816306438876380769e-01, 1.074327042134905347e-01, 1.238390770832443089e+00, -1.329506163487158832e-01, -2.373339483280278561e-03, 2.105882440027794997e-02, 7.682481689511506950e-02, -2.982732012573293540e-02, 1.303632705219767152e-01, 6.240945895795228099e-02
1403638216245096960, -2.419153493753452455e+00, -1.111996914423944993e+00, 2.705026680169484443e-01, -5.891302009227430969e-02, -8.093155367927675758e-01, -4.143507058724524295e-02, 5.829414660966159012e-01, 1.132329401097569299e-01, 1.224452740432636855e+00, -9.530483093051582422e-02, -2.376272444325874290e-03, 2.105777579140334990e-02, 7.682662580192770041e-02, -2.977214769034076947e-02, 1.296371588867212266e-01, 6.259078648336309503e-02
1403638216295097088, -2.417546806339168519e+00, -1.048826372422575703e+00, 2.667804535715362357e-01, -5.927720184271734194e-02, -8.092009667529992401e-01, -4.272350279460760542e-02, 5.829705919312470064e-01, 1.128958892836417344e-01, 1.200985461598898185e+00, -7.594627880456265856e-02, -2.377957547888844090e-03, 2.105952831458872410e-02, 7.682711468612272998e-02, -2.999341981093890663e-02, 1.294140941030714476e-01, 6.203105959974319211e-02
1403638216345096960, -2.410100738429715950e+00, -9.891484690824221548e-01, 2.644985219315784675e-01, -5.941868163519919976e-02, -8.084001546294493634e-01, -4.377235051591864268e-02, 5.839885200910449603e-01, 1.327536677007268850e-01, 1.176978485755829862e+00, -3.153020383489602702e-02, -2.378600147780724969e-03, 2.105895146838501764e-02, 7.682705453607412138e-02, -2.991668294770265593e-02, 1.293479438366451628e-01, 6.225101773196008159e-02
1403638216395097088, -2.406344230307478682e+00, -9.281752219577162899e-01, 2.638804501066160935e-01, -5.963551018955101646e-02, -8.077394696649445871e-01, -4.472265864668778512e-02, 5.848080359172553866e-01, 1.378166729667549828e-01, 1.155212242779401821e+00, -1.237825499832766532e-02, -2.381055173725621539e-03, 2.105963446141992032e-02, 7.682605152935489956e-02, -3.005010125132428003e-02, 1.290459522679426319e-01, 6.192674697135584078e-02
1403638216445096960, -2.398161361713279316e+00, -8.628684872563210373e-01, 2.646801265772081857e-01, -5.994067635694390328e-02, -8.071831776001969772e-01, -4.532515649280550313e-02, 5.854981326238569705e-01, 1.574608024754917679e-01, 1.129919629792053293e+00, 2.040766227596228430e-02, -2.381347247033023615e-03, 2.105714656486326261e-02, 7.682370422723072689e-02, -3.004177281534060537e-02, 1.283628549599299673e-01, 6.197946623442776581e-02
1403638216495097088, -2.389032772329686694e+00, -7.958851783298848126e-01, 2.667912559130886652e-01, -6.019557379766852373e-02, -8.071991323733785917e-01, -4.535907637148432064e-02, 5.854473569686350354e-01, 1.667278460335130108e-01, 1.112233513799958828e+00, 9.525798118100196540e-03, -2.379680272321525909e-03, 2.105733419364785863e-02, 7.682143649475234315e-02, -3.008719090119986450e-02, 1.275538997574849343e-01, 6.191268792110794089e-02
1403638216545096960, -2.385745251027129310e+00, -7.406311510171086354e-01, 2.678177467650746379e-01, -6.020242278846454215e-02, -8.076018457129213735e-01, -4.613291810290234829e-02, 5.848304719820887065e-01, 1.727092548763620172e-01, 1.087967773022283868e+00, -2.348364529326135361e-02, -2.374804495369706083e-03, 2.105994013216468119e-02, 7.681927806199065345e-02, -3.031084030853242739e-02, 1.276483292594962071e-01, 6.133560309088775114e-02
1403638216595097088, -2.378137856548301343e+00, -6.881491800893614341e-01, 2.662800514606830093e-01, -5.962737256963365762e-02, -8.080194064080133964e-01, -4.752667270172997865e-02, 5.842006767287989399e-01, 1.833305125038706684e-01, 1.069529323825385569e+00, -6.514005983630877239e-02, -2.381387154991347448e-03, 2.106000745770386998e-02, 7.682329580596761187e-02, -3.034905222574688435e-02, 1.277311795207569101e-01, 6.123942005029887892e-02
1403638216645096960, -2.378139236693452396e+00, -6.396395221320623214e-01, 2.613630763238262711e-01, -5.871370542459262987e-02, -8.091970688635490294e-01, -4.945744855263436990e-02, 5.825004423351268779e-01, 1.846858212434775437e-01, 1.040981231444443766e+00, -1.080635910756580914e-01, -2.381111067722217148e-03, 2.106480299301463632e-02, 7.682343571362834633e-02, -3.064452513337869236e-02, 1.280833999151488045e-01, 6.042722699417774068e-02
1403638216695097088, -2.376560301583162893e+00, -5.859441712788023837e-01, 2.543050966934298218e-01, -5.822309931685014373e-02, -8.100347597261065014e-01, -5.026382751089378959e-02, 5.813151523789522601e-01, 1.831321311445235356e-01, 1.021680886121590248e+00, -1.445307837674520424e-01, -2.385127419848772409e-03, 2.106633191485877965e-02, 7.682226949614387457e-02, -3.087497219950753949e-02, 1.279429153606915781e-01, 5.982601691991688841e-02
1403638216745096960, -2.367434853800201910e+00, -5.328479622955587525e-01, 2.448257427384971097e-01, -5.695687579842414333e-02, -8.105899342239645256e-01, -5.179505848800577267e-02, 5.805317775542487846e-01, 1.853076863988702139e-01, 1.001755997407261622e+00, -1.695733524624520872e-01, -2.386463171686877514e-03, 2.106475185782036297e-02, 7.682178058484373517e-02, -3.085273693876584150e-02, 1.276849621070894336e-01, 5.987638867545424376e-02
1403638216795097088, -2.348808980893017040e+00, -4.736876984781277500e-01, 2.376016368400588608e-01, -5.668840767989338086e-02, -8.091980310143113142e-01, -5.372144474129389446e-02, 5.823220564362886487e-01, 1.914730895071044825e-01, 9.821957223929579373e-01, -1.833662625804351465e-01, -2.389022043362164748e-03, 2.106219653665609634e-02, 7.682156219369107308e-02, -3.062811389981583837e-02, 1.271984132370556630e-01, 6.053173541033973065e-02
1403638216845096960, -2.334842268870297666e+00, -4.304734332174952049e-01, 2.297183474487166088e-01, -5.834756854424227174e-02, -8.069073142636645768e-01, -5.571706827869730982e-02, 5.851425089114630218e-01, 2.022082924330479703e-01, 9.510380731264469478e-01, -2.127471665819113122e-01, -2.384597384774804051e-03, 2.106114801252489954e-02, 7.681830050338191163e-02, -3.049433063739492855e-02, 1.274482675081869687e-01, 6.090013240805063760e-02
1403638216895097088, -2.326924949151868205e+00, -3.757992111808627911e-01, 2.204071130920217114e-01, -6.109325439721793871e-02, -8.051576433338425431e-01, -5.809102511015471620e-02, 5.870385136001735615e-01, 2.096863323454726813e-01, 9.312208751969119902e-01, -2.215417755472583461e-01, -2.383520403742171289e-03, 2.106233069999084370e-02, 7.681621454412621008e-02, -3.061535319543322656e-02, 1.270730257161029608e-01, 6.062315547595450993e-02
1403638216945096960, -2.313778876911026128e+00, -3.347081449641217676e-01, 2.092919418150184785e-01, -6.540620992193668659e-02, -8.041661506391161174e-01, -6.036145274374873915e-02, 5.877034327724981466e-01, 2.269280272264015408e-01, 9.035387848039206915e-01, -2.322766506929469787e-01, -2.383197185555626079e-03, 2.106244567151121724e-02, 7.681870753525969764e-02, -3.051928817087518411e-02, 1.273555783518071083e-01, 6.087486475993204166e-02
1403638216995097088, -2.302324852996587623e+00, -2.541567520141305714e-01, 1.900841797422756774e-01, -7.168506653610645651e-02, -8.035317807604663853e-01, -6.151846168339089593e-02, 5.877188166255501445e-01, 2.474907788498492689e-01, 9.037939139201152106e-01, -2.597003482409369068e-01, -2.394332312523400272e-03, 2.105644279133266766e-02, 7.681851025317361359e-02, -3.036013756332885116e-02, 1.291416998229326374e-01, 6.114964481182789957e-02
1403638217045096960, -2.287720877252082730e+00, -2.029806686216925060e-01, 1.750439400542279089e-01, -7.907664013693367633e-02, -8.037281222027291561e-01, -6.298108371607617773e-02, 5.863457799448013041e-01, 2.678094574425433083e-01, 8.830045162604149844e-01, -2.775127217867937035e-01, -2.398437180312495195e-03, 2.105395374173781378e-02, 7.681954769306595376e-02, -3.028139744075257836e-02, 1.287915517469485904e-01, 6.134345348312884860e-02
1403638217095097088, -2.269174985897083996e+00, -1.601880450625353669e-01, 1.608964808347948527e-01, -8.657056333336693443e-02, -8.043735981173998351e-01, -6.553554436043709797e-02, 5.841179201507111785e-01, 2.939334887187262657e-01, 8.564642706216427648e-01, -2.882727084333385204e-01, -2.401301702363599789e-03, 2.105098963653511540e-02, 7.682215338050829567e-02, -3.009210491832082709e-02, 1.287536839955980561e-01, 6.186307875289560193e-02
1403638217145096960, -2.256336756087938156e+00, -1.098680681043594648e-01, 1.460277998138537481e-01, -9.454490308990264047e-02, -8.049801278218929879e-01, -6.834237234301962505e-02, 5.817194987741927115e-01, 3.010860721000671036e-01, 8.488144548996923167e-01, -3.015110469050520381e-01, -2.405473467281164270e-03, 2.105106204610400489e-02, 7.682188461798672430e-02, -3.016875410265276725e-02, 1.283161747904462691e-01, 6.167890070359535043e-02
1403638217195097088, -2.244577322679896625e+00, -6.208198095164104563e-02, 1.287223958582890682e-01, -1.013287268987620310e-01, -8.053834488459727936e-01, -7.132164447468244961e-02, 5.796578408505050906e-01, 3.016683771153444438e-01, 8.284579801373963548e-01, -3.050022894067216939e-01, -2.407017636775607081e-03, 2.105208504554350116e-02, 7.681841643883781379e-02, -3.023176723624832959e-02, 1.280210289973579552e-01, 6.148129948197218753e-02
1403638217245096960, -2.228164178599793210e+00, -2.240987822806459612e-02, 1.139243982953505735e-01, -1.062476822816867256e-01, -8.059086920640375906e-01, -7.528474113001890067e-02, 5.775420485284065153e-01, 2.945043834837631214e-01, 8.103499367571342926e-01, -2.771028989853494551e-01, -2.401054303483648924e-03, 2.105051036435220263e-02, 7.681569030060421410e-02, -3.017063340155089202e-02, 1.280215230710213536e-01, 6.165007002420578447e-02
1403638217295097088, -2.208083828256724335e+00, 9.824379617331898545e-03, 1.001300960006256680e-01, -1.108254706461135330e-01, -8.060858972247693099e-01, -7.788492535648618154e-02, 5.760878229520398630e-01, 3.014244119931705490e-01, 7.844527572195165721e-01, -2.467217322316796191e-01, -2.403076472732451792e-03, 2.104833926392056173e-02, 7.681566680505312605e-02, -2.999260323369196124e-02, 1.282703939790010572e-01, 6.209961838609957818e-02
1403638217345096960, -2.194977813726634253e+00, 4.649289916175269877e-02, 8.631679089280497319e-02, -1.141144785519359883e-01, -8.062211344701004645e-01, -8.114296256918873684e-02, 5.748053476996010103e-01, 3.056544549749202755e-01, 7.655981568317102859e-01, -2.010596480549917964e-01, -2.396202219734527936e-03, 2.104823884243455998e-02, 7.681089213926867165e-02, -3.003346718146817154e-02, 1.283800258446783360e-01, 6.192658433962145575e-02
1403638217395097088, -2.176494736428976839e+00, 7.577860434383178190e-02, 7.802233997227112083e-02, -1.173326575954333761e-01, -8.067290433627718471e-01, -8.330996596209654104e-02, 5.731323997367223644e-01, 3.152149629669746544e-01, 7.318943888856627167e-01, -1.410095209910290082e-01, -2.397563967993040016e-03, 2.104498088117678217e-02, 7.681300136890555075e-02, -2.994628068433556264e-02, 1.286912387003254776e-01, 6.216244885753972188e-02
1403638217445096960, -2.165960167983497442e+00, 1.185122446670232449e-01, 6.971358065279084637e-02, -1.196730564784144746e-01, -8.067563479901384005e-01, -8.515315882248544743e-02, 5.723386183661569593e-01, 3.230866578520460997e-01, 7.184494349078632824e-01, -1.081696133287222000e-01, -2.399317587528995276e-03, 2.104740615719347466e-02, 7.681037161627203569e-02, -3.009196487254572200e-02, 1.283785914326405764e-01, 6.174116131764301185e-02
1403638217495097088, -2.155555318308066237e+00, 1.566892236825391527e-01, 6.605956623418386686e-02, -1.205439506793991727e-01, -8.070997243058277704e-01, -8.815703645131493793e-02, 5.712158330300212139e-01, 3.122639496618261901e-01, 7.074889499202078325e-01, -6.027296316652419605e-02, -2.401092352854795366e-03, 2.104999856939954173e-02, 7.681046552931258820e-02, -3.045112894123600672e-02, 1.294053514803669425e-01, 6.075220586623319985e-02
1403638217545096960, -2.139927877486247354e+00, 1.937566535256925460e-01, 6.239797253640514546e-02, -1.204048273089298599e-01, -8.076160641935319351e-01, -9.206738148898684082e-02, 5.698969798858536384e-01, 3.154471252074692589e-01, 6.862878875083446850e-01, -1.058277975300023037e-02, -2.401621605066092766e-03, 2.105098069178424486e-02, 7.681452330944832374e-02, -3.044725504546089839e-02, 1.294344603018280915e-01, 6.069839980477423347e-02
1403638217595097088, -2.123258752413632156e+00, 2.168856370910653419e-01, 6.191650309893084736e-02, -1.198980700185765802e-01, -8.080873538991384386e-01, -9.511432499957477027e-02, 5.688343752393876240e-01, 3.068740126956057690e-01, 6.524722986171419548e-01, 2.254435382598856882e-02, -2.398140602614430138e-03, 2.104941620889704337e-02, 7.681571604366595196e-02, -3.036177246079227107e-02, 1.299954461002388317e-01, 6.089391382127982283e-02
1403638217645096960, -2.102414874423409685e+00, 2.480787812218351041e-01, 6.398579697303584390e-02, -1.179472171016310716e-01, -8.084279102616590551e-01, -9.937091314172376288e-02, 5.680300956017452219e-01, 3.181187028173766418e-01, 6.301411741822779966e-01, 5.848429074357003321e-02, -2.389113882287950599e-03, 2.104756978589604824e-02, 7.681058026901516067e-02, -3.021300241176636675e-02, 1.299244972725345504e-01, 6.129114773806207395e-02
1403638217695097088, -2.082884283327265162e+00, 2.738701298127320660e-01, 6.926819833009875693e-02, -1.160837369331852165e-01, -8.085980726152058873e-01, -1.035529372128496522e-01, 5.674244550397815612e-01, 3.126572457094479729e-01, 5.968961484859020006e-01, 1.017007894303354892e-01, -2.383904146768593864e-03, 2.104728899408404158e-02, 7.680808747246872792e-02, -3.015351635965014127e-02, 1.301124456291598286e-01, 6.145222047930672810e-02
1403638217745096960, -2.059875439208977532e+00, 3.078641791595155275e-01, 7.469024302001173177e-02, -1.137692391115339569e-01, -8.094197012972469407e-01, -1.068987145759165563e-01, 5.660997899715871640e-01, 3.161170930691317715e-01, 5.555204839458157684e-01, 1.473760824885428922e-01, -2.386241399275420769e-03, 2.104483270357700511e-02, 7.681105216862831042e-02, -2.995351858911110554e-02, 1.300732808470372592e-01, 6.196642681459704760e-02
1403638217795097088, -2.042479488691055778e+00, 3.470471910702395135e-01, 8.004971583290070025e-02, -1.116019680112466939e-01, -8.103074223932006381e-01, -1.097491272825021763e-01, 5.647140966995892741e-01, 3.119405870854024543e-01, 5.240087156329075180e-01, 1.720898860346674053e-01, -2.381135550419093919e-03, 2.104535681054200968e-02, 7.680892651090825973e-02, -2.995972136401659630e-02, 1.295268161139545016e-01, 6.191537763218846885e-02
1403638217845096960, -2.033467498928739126e+00, 3.808954637186997561e-01, 8.733982691787299524e-02, -1.100047083028563161e-01, -8.112023564877450799e-01, -1.119310292425532843e-01, 5.633126535704978677e-01, 2.999789088851828600e-01, 4.790087855006094908e-01, 1.879339256313435624e-01, -2.375084917469154865e-03, 2.104793704956142361e-02, 7.680303160816812080e-02, -3.013155351782517352e-02, 1.291054267388253296e-01, 6.144209088441304756e-02
1403638217895097088, -2.024969286450511774e+00, 4.085773893044110094e-01, 9.546069384766187049e-02, -1.092545611303082642e-01, -8.110090195596720841e-01, -1.119811179279068536e-01, 5.637269199645335016e-01, 2.823965752969527787e-01, 4.491999011368999484e-01, 1.796523567389710918e-01, -2.380143985210496881e-03, 2.104953676507681157e-02, 7.680275649071634236e-02, -3.025685043755584752e-02, 1.289039742463471971e-01, 6.109694835685830494e-02
1403638217945096960, -2.016221862981211643e+00, 4.280580129464675032e-01, 1.042417061967503000e-01, -1.069390421021552406e-01, -8.099877709526481784e-01, -1.142707881919749480e-01, 5.651778827479173595e-01, 2.689246750814286990e-01, 4.040648621651964367e-01, 1.482868100000273859e-01, -2.381914741183994554e-03, 2.104997548232585489e-02, 7.680334028780347322e-02, -3.038450714536087421e-02, 1.289232714631476096e-01, 6.076186893623737595e-02
1403638217995097088, -2.000555259380128792e+00, 4.495105749283021535e-01, 1.116238689935470513e-01, -1.064702998882404439e-01, -8.089066249767465910e-01, -1.131618620187053448e-01, 5.670348669128706387e-01, 2.570987019438623067e-01, 3.679553526414038322e-01, 1.253905908645093215e-01, -2.383215658166952522e-03, 2.104918593915517527e-02, 7.680115537089864108e-02, -3.034174705220931897e-02, 1.290165121645379664e-01, 6.088096930025856113e-02
1403638218045096960, -1.987524882083731015e+00, 4.781943606866593810e-01, 1.176382228129875113e-01, -1.051627184253367125e-01, -8.082826243407190692e-01, -1.136136844680539632e-01, 5.680774001347589364e-01, 2.502783088118211707e-01, 3.360780545833770283e-01, 8.891633122677991552e-02, -2.376742525961224924e-03, 2.105078596374458655e-02, 7.679896056577234509e-02, -3.034184403481441847e-02, 1.287203781404147873e-01, 6.089808555152925046e-02
1403638218095097088, -1.973159983351385760e+00, 4.980226972712906153e-01, 1.214865970225908753e-01, -1.043092122835661967e-01, -8.076331462452376320e-01, -1.136745717474663964e-01, 5.691453075066426059e-01, 2.425232848827852672e-01, 2.960433535770246039e-01, 6.251748571475457261e-02, -2.379271689344211564e-03, 2.105070230330466016e-02, 7.680159561609334329e-02, -3.029139772560349858e-02, 1.286319282633375527e-01, 6.103551285042480706e-02
1403638218145096960, -1.962240486370039338e+00, 5.147802414436025709e-01, 1.229177335427774492e-01, -1.046254804056827442e-01, -8.068690971505758647e-01, -1.119373824478489959e-01, 5.705136206297083401e-01, 2.370739385084310591e-01, 2.552104959618776148e-01, 3.003341001132714058e-02, -2.376062864542208188e-03, 2.105149280283671528e-02, 7.680196242836381804e-02, -3.029383405761892911e-02, 1.285548458732677923e-01, 6.101194586308850837e-02
1403638218195097088, -1.950403764518470640e+00, 5.313900361172588793e-01, 1.234849152381946036e-01, -1.038300675106890586e-01, -8.059385007709677362e-01, -1.116123217721723543e-01, 5.720359601322243526e-01, 2.386338445830137600e-01, 2.204208177676667824e-01, 1.323168440992460691e-02, -2.374663490257283502e-03, 2.105182224278249331e-02, 7.680291952988425874e-02, -3.030599962440488210e-02, 1.283594811277488368e-01, 6.097564923676107584e-02
1403638218245096960, -1.938815774059342356e+00, 5.410831937587218254e-01, 1.212982069374657773e-01, -1.030229657772809559e-01, -8.041810769037639473e-01, -1.107926192561432682e-01, 5.748078457978100797e-01, 2.373723616894841959e-01, 1.767374665584063864e-01, -1.594537345774876477e-02, -2.378561520293297118e-03, 2.105100396662098680e-02, 7.680281728085341930e-02, -3.026250269024612430e-02, 1.283841471852022464e-01, 6.107542564629746956e-02
1403638218295097088, -1.941121972924490624e+00, 5.508756114024804251e-01, 1.167490392982349634e-01, -1.023979668527998654e-01, -8.024004989290879353e-01, -1.097843634204696689e-01, 5.775945716946498942e-01, 2.305241075037733345e-01, 1.440174678787302098e-01, -2.966594326139293872e-02, -2.367268982490284071e-03, 2.105536759323780802e-02, 7.679971744313376925e-02, -3.049713392410995788e-02, 1.283489065832839615e-01, 6.039521444917032855e-02
1403638218345096960, -1.919268620170277106e+00, 5.666066369448458095e-01, 1.176316699530139953e-01, -1.034134070704602337e-01, -8.004114181263348726e-01, -1.064721574846619612e-01, 5.807847352088640891e-01, 2.288101614552704999e-01, 1.078180151051603836e-01, -1.419747436100867247e-02, -2.370112903499145465e-03, 2.105281103180633648e-02, 7.679786380954138625e-02, -3.037954377298420980e-02, 1.281470962652210277e-01, 6.074118454018280489e-02
1403638218395097088, -1.896547654421931295e+00, 5.739751794593687118e-01, 1.209110379159328563e-01, -1.042794819397270811e-01, -8.000259117055801283e-01, -1.032973755032925572e-01, 5.817336009378942796e-01, 2.585441033281176693e-01, 6.171302778905996683e-02, 1.904531039137154907e-02, -2.368599977758465217e-03, 2.105192414166229264e-02, 7.679712631352733632e-02, -3.022307981911881783e-02, 1.280445777011201824e-01, 6.120792775310632955e-02
1403638218445096960, -1.888486551558305138e+00, 5.733892068489567784e-01, 1.243615807600733231e-01, -1.050028701794943481e-01, -8.000145655930643862e-01, -1.004577855440595552e-01, 5.821162473394748682e-01, 2.651281370395551229e-01, 2.923840877332537988e-02, 5.513780889717941058e-02, -2.373043051745970817e-03, 2.105475181808483948e-02, 7.680328528573181213e-02, -3.032864424208775792e-02, 1.280806450757598081e-01, 6.094034180429841463e-02
1403638218495097088, -1.878194923713517372e+00, 5.696578997681994716e-01, 1.268982211258231907e-01, -1.059147005615254516e-01, -8.002057932758078751e-01, -9.809156397508461689e-02, 5.820917536692299388e-01, 2.628718234701968859e-01, -6.525851871817377019e-03, 9.645808422001757310e-02, -2.370046306658801435e-03, 2.105452207698989275e-02, 7.680266201128890802e-02, -3.035709752439028075e-02, 1.282859313634198695e-01, 6.082109010733238730e-02
1403638218545096960, -1.866116653229868305e+00, 5.775781691154565634e-01, 1.300021778120366289e-01, -1.055032182150295317e-01, -8.008274250269046268e-01, -9.759546911552152704e-02, 5.813945568021519072e-01, 2.875125380147622312e-01, -4.448172129237815825e-02, 1.428827009123990188e-01, -2.378309806943458993e-03, 2.105392767914210372e-02, 7.680603287288977066e-02, -3.036062348077360473e-02, 1.280126600036024520e-01, 6.077224821966235174e-02
1403638218595097088, -1.852362811616268479e+00, 5.788603373865292001e-01, 1.360794538481639171e-01, -1.061798401703538119e-01, -8.013061931816261030e-01, -9.582361049283136256e-02, 5.809062419894340801e-01, 2.978646780619693124e-01, -6.782461513241058726e-02, 1.727619349357569223e-01, -2.380664899930171833e-03, 2.105338141812369140e-02, 7.680707637250099029e-02, -3.037416649016172476e-02, 1.279280484212504121e-01, 6.070890451147975542e-02
1403638218645096960, -1.845270785555688020e+00, 5.787258383771926029e-01, 1.390458322249419065e-01, -1.065917945193532168e-01, -8.027149783668154903e-01, -9.453264780837164483e-02, 5.790944925873889870e-01, 3.117750942253732505e-01, -8.899915361498328403e-02, 1.640546888447597662e-01, -2.381908517041641995e-03, 2.105251386507642555e-02, 7.680657823380318550e-02, -3.048362739545323538e-02, 1.279986009015484372e-01, 6.034002755183468653e-02
1403638218695097088, -1.836701442107627980e+00, 5.702942567231749083e-01, 1.475923405650153841e-01, -1.083438115164016002e-01, -8.049618403649573262e-01, -9.312488335139813833e-02, 5.758696121199207152e-01, 3.267246652030964538e-01, -1.057120531730615237e-01, 1.415112905568062518e-01, -2.376909004111262946e-03, 2.105297870599074500e-02, 7.680476709598219043e-02, -3.061297877404782833e-02, 1.280510220075731787e-01, 6.001512134732652631e-02
1403638218745096960, -1.830327744644253407e+00, 5.620255116468552137e-01, 1.548358795165821200e-01, -1.105032991655951757e-01, -8.072743871011507366e-01, -9.451415246546088222e-02, 5.719826568941720479e-01, 3.180343886032103717e-01, -1.086851115204626184e-01, 1.284071658020764228e-01, -2.365232033590976019e-03, 2.105578022418695336e-02, 7.680026959876225245e-02, -3.075709118385840796e-02, 1.282737175169985921e-01, 5.962275206151242818e-02
1403638218795097088, -1.824773871353760901e+00, 5.499081848974646247e-01, 1.607177746083327530e-01, -1.143718988154635297e-01, -8.090543526194451385e-01, -9.587489999119749862e-02, 5.684699876163682442e-01, 3.160744623972676082e-01, -1.267720218714856184e-01, 1.031980873294275486e-01, -2.350629197247269212e-03, 2.105809850863479826e-02, 7.679258475958949948e-02, -3.089705955936810841e-02, 1.284727986656162557e-01, 5.923805132915201110e-02
1403638218845096960, -1.816972066036532496e+00, 5.513322453086938468e-01, 1.618818142827756767e-01, -1.179686696263103629e-01, -8.102412830246393805e-01, -9.843450014536767045e-02, 5.655997749737142755e-01, 3.055662778329831242e-01, -1.432642830318260618e-01, 7.658402827744051344e-02, -2.340764539118958196e-03, 2.105829574820118621e-02, 7.679027821009432042e-02, -3.098170011107605551e-02, 1.285032185363430557e-01, 5.892731755053075976e-02
1403638218895097088, -1.799330967443798945e+00, 5.543283651864426842e-01, 1.647497623064298755e-01, -1.223624609275828640e-01, -8.104824275023753133e-01, -9.926433394960237910e-02, 5.641739579873786825e-01, 2.909172169632130434e-01, -1.546721742655632614e-01, 4.389000604804795674e-02, -2.352714811961093954e-03, 2.105781537531258019e-02, 7.678984387135866230e-02, -3.095650396864079931e-02, 1.282717214314639531e-01, 5.899379785310114588e-02
1403638218945096960, -1.793694665706599967e+00, 5.454674918889301782e-01, 1.660063458789302338e-01, -1.300070535039696551e-01, -8.100431547050036540e-01, -9.470002674055226499e-02, 5.638795602698507548e-01, 2.770968950762719429e-01, -1.640585122907816662e-01, 1.325274341506846483e-02, -2.344381697062980236e-03, 2.106344216008151568e-02, 7.678323049865241889e-02, -3.103445748342955821e-02, 1.284312636387199558e-01, 5.877878509769413062e-02
1403638218995097088, -1.781402731428863850e+00, 5.387076044019236676e-01, 1.669638930588228931e-01, -1.373451618175977607e-01, -8.089945536785992930e-01, -8.973863467272136241e-02, 5.644564607573711035e-01, 2.714405017328117009e-01, -1.710321053235946409e-01, -7.777876660026742002e-03, -2.353737041214373337e-03, 2.106417329236135588e-02, 7.678711959685043109e-02, -3.104862788129601758e-02, 1.283527137992487299e-01, 5.875972180956347268e-02
1403638219045096960, -1.769182658282435261e+00, 5.307238261917778255e-01, 1.681130891516361969e-01, -1.439028344442958851e-01, -8.075116650920799444e-01, -8.546485132202535917e-02, 5.656082073022086210e-01, 2.685559458740185979e-01, -1.703569309566513867e-01, -2.824443820286384396e-02, -2.357095873336038060e-03, 2.106537536822757767e-02, 7.679215884853902996e-02, -3.107741693711412595e-02, 1.282582029732654560e-01, 5.869651266749183888e-02
1403638219095097088, -1.760594143133043854e+00, 5.215559027506875278e-01, 1.660812653246858950e-01, -1.491120890162464796e-01, -8.057212733307314023e-01, -8.261353661087104949e-02, 5.672334776616767549e-01, 2.614222972124659594e-01, -1.546862230273760574e-01, -3.061479989916833858e-02, -2.348841442065009548e-03, 2.106711280950110399e-02, 7.678949879645662058e-02, -3.112935931968116923e-02, 1.284211151647553228e-01, 5.851865801187476623e-02
1403638219145096960, -1.738343981070570532e+00, 5.154907918691193913e-01, 1.647022824757863046e-01, -1.513687632307104680e-01, -8.046105850654774461e-01, -8.322367471900268820e-02, 5.681224550084784664e-01, 2.710117760664964015e-01, -1.434077584005554185e-01, -4.136316689620257031e-02, -2.361642894237188373e-03, 2.106442732873698223e-02, 7.679715027141305328e-02, -3.103828778880703479e-02, 1.282582228487872122e-01, 5.878099215877746059e-02
1403638219195097088, -1.723136429971874772e+00, 5.086339969775733882e-01, 1.641747531691812589e-01, -1.510508324721566153e-01, -8.030692609701466367e-01, -8.649405538030181806e-02, 5.698966454351178657e-01, 2.849747964922382248e-01, -1.338968865159230470e-01, -4.816237085152952346e-02, -2.364585473536529644e-03, 2.106599674919690246e-02, 7.679626272614233085e-02, -3.103208906188071117e-02, 1.282506365334009912e-01, 5.882375832982279784e-02
1403638219245096960, -1.706316659111094536e+00, 4.895174893985465014e-01, 1.653941868915934921e-01, -1.492610619437448327e-01, -8.005555849833051463e-01, -9.181692244569757133e-02, 5.730632979803055305e-01, 2.918661628950359188e-01, -1.295155405916557922e-01, -5.802572528493844806e-02, -2.351013391378908770e-03, 2.106658083943300369e-02, 7.679029162257100527e-02, -3.100245183396773546e-02, 1.285835427837944689e-01, 5.895159037049018530e-02
1403638219295097088, -1.690573869529325091e+00, 4.852529961620437038e-01, 1.613517766146163324e-01, -1.477991183787378815e-01, -7.976088900572342322e-01, -9.590229077357602383e-02, 5.768693350599556346e-01, 2.984424258159570353e-01, -1.305763569767043053e-01, -8.319292855430976408e-02, -2.366888582010254378e-03, 2.106676522011297070e-02, 7.679536484799351359e-02, -3.100456998159348623e-02, 1.283354847643482510e-01, 5.893411966340677405e-02
1403638219345096960, -1.679297135003750663e+00, 4.719637815282065607e-01, 1.586226509252879613e-01, -1.454428165650762939e-01, -7.945301916430327349e-01, -1.009927863412835719e-01, 5.808344159778475735e-01, 3.041571291555644208e-01, -1.404782241030336776e-01, -6.557620341780605322e-02, -2.341993052835820467e-03, 2.106749111173101749e-02, 7.679129237159175447e-02, -3.101668672692545550e-02, 1.285733396845084586e-01, 5.889138071068092395e-02
1403638219395097088, -1.675621560443415259e+00, 4.708540964105490390e-01, 1.545493075846697817e-01, -1.446811509710340393e-01, -7.903249414953664731e-01, -1.031014705103348861e-01, 5.863650212816663432e-01, 3.131273090621005117e-01, -1.445192979784725162e-01, -5.435555605230370235e-02, -2.340965291991634837e-03, 2.107206520942190089e-02, 7.678999756095554463e-02, -3.113762320024272834e-02, 1.285493953999613803e-01, 5.853206890570667592e-02
1403638219445096960, -1.665287516901090559e+00, 4.700028389392260086e-01, 1.474313793333877909e-01, -1.431511926478354346e-01, -7.870622552987905918e-01, -1.061493192991234819e-01, 5.905701180552707097e-01, 3.272307735881723190e-01, -1.561830752082724039e-01, -3.493266637943047426e-02, -2.331043460590083091e-03, 2.107046070110759131e-02, 7.678680846332285037e-02, -3.105814096237501098e-02, 1.290161136434389566e-01, 5.868832214667300123e-02
1403638219495097088, -1.650507522724312226e+00, 4.675454821519794413e-01, 1.442143132890578994e-01, -1.422568096151801409e-01, -7.852093045058693432e-01, -1.075386672798567395e-01, 5.929964445721337407e-01, 3.452436831096167835e-01, -1.667818629096178840e-01, -1.086113381354669900e-02, -2.333603887129638479e-03, 2.107052597873751779e-02, 7.678359762012369749e-02, -3.109133928627818080e-02, 1.290465348926137790e-01, 5.857675138026618988e-02
1403638219545096960, -1.639542030429409047e+00, 4.640342093206064056e-01, 1.413356143189406777e-01, -1.425895149846427845e-01, -7.850173547749453862e-01, -1.071597607491215076e-01, 5.932392170067510850e-01, 3.584008694191967437e-01, -1.783327988336717573e-01, 2.182246133111175393e-03, -2.339899243880940501e-03, 2.107048752172484968e-02, 7.678624049072088620e-02, -3.115036785565101704e-02, 1.291527750487116155e-01, 5.838945112611578642e-02
1403638219595097088, -1.622105198228004141e+00, 4.537785170379908251e-01, 1.436404751643244881e-01, -1.439337145319976863e-01, -7.857823942492626612e-01, -1.053186909014870304e-01, 5.922306037817658408e-01, 3.839383281891896593e-01, -1.954420761390637529e-01, 1.608523712306657999e-02, -2.328909769506417454e-03, 2.107084245664978331e-02, 7.678227023675333884e-02, -3.114363537699665549e-02, 1.291475202691757529e-01, 5.847787300778288511e-02
1403638219645096960, -1.599661510973400036e+00, 4.390054908232454145e-01, 1.498382308650111905e-01, -1.453173310907279747e-01, -7.873007634360893459e-01, -1.031882547114216370e-01, 5.902478845936082186e-01, 4.026343806629956168e-01, -2.085703039976816442e-01, 2.996520990507603455e-02, -2.319726068735767331e-03, 2.107231146610265629e-02, 7.677756078225016212e-02, -3.109852114420318461e-02, 1.291621451991338265e-01, 5.867572359760815648e-02
1403638219695097088, -1.577211028847249397e+00, 4.295160150598986148e-01, 1.543718249065126891e-01, -1.477567917418679821e-01, -7.880888467342692660e-01, -9.944678748312422989e-02, 5.892319039278900439e-01, 4.263986509816644621e-01, -2.173513532929686465e-01, 1.973914384306210690e-02, -2.312485054561532784e-03, 2.107282385494964327e-02, 7.677535687287040389e-02, -3.110357562377377705e-02, 1.290853381735924121e-01, 5.869033740941145827e-02
1403638219745096960, -1.547941878237453661e+00, 4.140987112268746939e-01, 1.597063055220653838e-01, -1.498926320347054031e-01, -7.898112614713983515e-01, -9.640977206811854328e-02, 5.868862973050574805e-01, 4.505181675612866532e-01, -2.213003803657615232e-01, -3.782668510106537512e-04, -2.295089411693801602e-03, 2.107202110619993754e-02, 7.676683062192524165e-02, -3.105664590785824075e-02, 1.289679501575338727e-01, 5.890707610992704929e-02
1403638219795097088, -1.514465921917059310e+00, 3.972287262578100275e-01, 1.628622598108418473e-01, -1.529224084339353140e-01, -7.911061906281088296e-01, -9.203592457651253722e-02, 5.850599291833219473e-01, 4.697067700874177909e-01, -2.165437366027088972e-01, -2.935021812098469532e-02, -2.277196508464208666e-03, 2.107164737350413625e-02, 7.676215609219713687e-02, -3.093507378467040894e-02, 1.289131820430948761e-01, 5.926359867187921959e-02
1403638219845096960, -1.488589302721601282e+00, 3.866606967185723387e-01, 1.614781411406381317e-01, -1.560937551107819676e-01, -7.927451237862253031e-01, -8.748562571932369525e-02, 5.826973259086367651e-01, 4.871934977144012913e-01, -2.096145660205208650e-01, -5.642200348223302964e-02, -2.261770733256127878e-03, 2.107182610690925412e-02, 7.675563153839584651e-02, -3.090164658364318376e-02, 1.289979399835431417e-01, 5.934886768174940652e-02
1403638219895097088, -1.464333409180426759e+00, 3.749486295766493171e-01, 1.572194886034870842e-01, -1.590411614632488424e-01, -7.936391536899563004e-01, -8.322622169906181144e-02, 5.813055983838532059e-01, 5.048511619214703927e-01, -1.973869206963040079e-01, -8.864094414262298216e-02, -2.250995240835503008e-03, 2.107087061888042109e-02, 7.675071590085706663e-02, -3.089339527263141455e-02, 1.291606795052375745e-01, 5.939304900363627515e-02
1403638219945096960, -1.447040495018882655e+00, 3.707308241658404668e-01, 1.511079814915798347e-01, -1.619327141147945959e-01, -7.947388662221840372e-01, -7.912784154530948244e-02, 5.795745985700841985e-01, 5.132351522806545274e-01, -1.754047972881344342e-01, -1.045875953513923096e-01, -2.255037033443593915e-03, 2.107292559620131678e-02, 7.674874104362709726e-02, -3.097597735072094363e-02, 1.291639372384542350e-01, 5.917567090566984433e-02
1403638219995097088, -1.423982732538944473e+00, 3.644098758150230433e-01, 1.454454329166519344e-01, -1.641615862280372817e-01, -7.957941025261878742e-01, -7.558822449744211081e-02, 5.779698437712457171e-01, 5.290118617152483882e-01, -1.485519502922932056e-01, -1.359583740527605666e-01, -2.258962862237839930e-03, 2.107362191629359727e-02, 7.674835213707165149e-02, -3.101204993173799218e-02, 1.292741260211143495e-01, 5.910842872838723699e-02
1403638220045096960, -1.388520246117824097e+00, 3.611043665891236487e-01, 1.398933680818377490e-01, -1.654403191464470235e-01, -7.970248464441067604e-01, -7.371420832509319176e-02, 5.761485142239584079e-01, 5.453588285026715887e-01, -1.215920114812224090e-01, -1.492194040224841811e-01, -2.268759296734367947e-03, 2.107350681499952152e-02, 7.675370707929092540e-02, -3.094594959577470425e-02, 1.292258542079318118e-01, 5.931190140197683397e-02
1403638220095097088, -1.364433162602344707e+00, 3.538674647137337592e-01, 1.331699806077123183e-01, -1.657287198536052386e-01, -7.980628905448144961e-01, -7.329821236421026065e-02, 5.746798989134316304e-01, 5.618779982215442725e-01, -9.497511276721318230e-02, -1.509806957786673787e-01, -2.261038722382451103e-03, 2.107566349551210846e-02, 7.675118473890051030e-02, -3.099906178820667144e-02, 1.292115715060129233e-01, 5.919025614011283465e-02
1403638220145096960, -1.333328880244004422e+00, 3.466797071307186617e-01, 1.260290128321792658e-01, -1.638982419280171354e-01, -7.993908317674818242e-01, -7.604416893010827738e-02, 5.729999552798656914e-01, 5.547899238693182467e-01, -5.852161296075863994e-02, -1.165080146505785563e-01, -2.254005851131024932e-03, 2.107358838176881521e-02, 7.675205199145511414e-02, -3.096280965494012036e-02, 1.293719889011565038e-01, 5.928059257750303845e-02
1403638220195097088, -1.309057368308934821e+00, 3.531964487100824335e-01, 1.176610809641799038e-01, -1.601570902203690305e-01, -8.006973943142032812e-01, -8.148059133147980693e-02, 5.714842976205578573e-01, 5.520489725000758963e-01, -2.401240572030643311e-02, -7.906601726658984974e-02, -2.274921362740073283e-03, 2.107192460740441378e-02, 7.676268727346079179e-02, -3.100929758650269874e-02, 1.292813288947228800e-01, 5.909978648075552704e-02
1403638220245096960, -1.290396894503168079e+00, 3.527891289965923161e-01, 1.137757015939997313e-01, -1.545451396347679585e-01, -8.019716063373508730e-01, -8.964684485909081568e-02, 5.700182327353831013e-01, 5.548965256656811507e-01, -9.777180989500023484e-03, -3.956484970435079213e-02, -2.283326051830081478e-03, 2.107278967417758331e-02, 7.676381017847856703e-02, -3.109034400676930626e-02, 1.294076012255707397e-01, 5.883844040723388430e-02
1403638220295097088, -1.262508047909615128e+00, 3.472279445314040425e-01, 1.100463327861072316e-01, -1.498934943269495390e-01, -8.037357572836857367e-01, -9.617271763859736033e-02, 5.677073024051071393e-01, 5.490494521289772667e-01, 4.967204498857325477e-03, 4.702654978259904195e-03, -2.304848906747610556e-03, 2.106944794384851827e-02, 7.676611517742701341e-02, -3.110541122778366294e-02, 1.292879507905718983e-01, 5.877524044374450585e-02
1403638220345096960, -1.222225284736425222e+00, 3.569118282382653384e-01, 1.115228334306458680e-01, -1.462454617844763105e-01, -8.042207442941348150e-01, -1.012823663138397723e-01, 5.670830112323083094e-01, 5.708789463044227075e-01, -1.101719343032445987e-02, 4.538038499056108732e-02, -2.305366258849822318e-03, 2.106558421816706952e-02, 7.676832369164844627e-02, -3.101111841323174814e-02, 1.291934681179150723e-01, 5.907053445361837990e-02
1403638220395097088, -1.188167005801585629e+00, 3.428026105398013224e-01, 1.195087232206112626e-01, -1.444564436850490630e-01, -8.045993868539043081e-01, -1.050593214328311986e-01, 5.663167854940049928e-01, 5.846086865133182098e-01, -2.580193070312819179e-02, 7.718968335137817161e-02, -2.276221145967467427e-03, 2.106681926651333622e-02, 7.675496568319084556e-02, -3.096235344097470962e-02, 1.292706346675198403e-01, 5.926346893747370947e-02
1403638220445096960, -1.147401284094972107e+00, 3.369387938267520144e-01, 1.286788314228799746e-01, -1.435506136340692351e-01, -8.049751377849665435e-01, -1.063129505277471964e-01, 5.657789368856366297e-01, 5.771818364456183792e-01, -3.485248791574774296e-02, 1.037945049688996785e-01, -2.273870194550430771e-03, 2.106718142932254359e-02, 7.675009743787170047e-02, -3.088558617460568714e-02, 1.291301636005598441e-01, 5.953551895503295804e-02
1403638220495097088, -1.116861673411889244e+00, 3.344614152141172081e-01, 1.364770139797741311e-01, -1.424512292871844554e-01, -8.050096887482961483e-01, -1.083875968145676105e-01, 5.656139824586237097e-01, 5.847909002284150670e-01, -4.035131617199874676e-02, 1.403004841340549091e-01, -2.267080549326252765e-03, 2.106788847122472927e-02, 7.674638783036642764e-02, -3.087278016949956960e-02, 1.290940040532112532e-01, 5.956515830418317170e-02
1403638220545096960, -1.087351806311448010e+00, 3.293650934804313035e-01, 1.436691843216042208e-01, -1.432130310152424368e-01, -8.044799079306765854e-01, -1.080385878030113711e-01, 5.662417937849593130e-01, 5.723790778678077285e-01, -4.974090904634540650e-02, 1.372969015919910662e-01, -2.253192457390245252e-03, 2.106811485864713493e-02, 7.673844615844563344e-02, -3.084696464552736175e-02, 1.290791618393020979e-01, 5.963962154142052330e-02
1403638220595097088, -1.054421315090952715e+00, 3.366913320800441478e-01, 1.470436009800790700e-01, -1.428987586619756556e-01, -8.043724141075864198e-01, -1.091903714188696972e-01, 5.662529708398971184e-01, 5.678075915055744716e-01, -5.662405155435408510e-02, 1.315759172211343753e-01, -2.272452295639835421e-03, 2.106712517033526577e-02, 7.674538628342533753e-02, -3.083725633782814432e-02, 1.290381200499031988e-01, 5.965030270067599866e-02
1403638220645096960, -1.038936287114384793e+00, 3.331936987916188642e-01, 1.498698250431710899e-01, -1.433301570272387526e-01, -8.042348455412215991e-01, -1.095889330093166580e-01, 5.662623465017908586e-01, 5.581630428663687526e-01, -6.906721397376415494e-02, 9.856890388328699848e-02, -2.281032414382364037e-03, 2.106885206551895734e-02, 7.675121840463407230e-02, -3.092238438532455419e-02, 1.290393854576865063e-01, 5.942158247837402846e-02
1403638220695097088, -1.015452374139940384e+00, 3.296314165292965059e-01, 1.536727778264209143e-01, -1.436687206556819807e-01, -8.039316475002470375e-01, -1.102902834955064165e-01, 5.664708802923404951e-01, 5.532574049247361847e-01, -7.441909456861450778e-02, 6.214290959752194476e-02, -2.270730989351920585e-03, 2.106897080660577112e-02, 7.674798595702782278e-02, -3.095620505536473763e-02, 1.291349458076660184e-01, 5.934047667650340502e-02
1403638220745096960, -9.888260616684688697e-01, 3.242993906099631007e-01, 1.541545721723494855e-01, -1.447948632054281148e-01, -8.040389638382452464e-01, -1.098036657831629875e-01, 5.661262643614247692e-01, 5.446263147791138293e-01, -8.856154366588017690e-02, 2.855858733666385985e-02, -2.283349615511744927e-03, 2.106984596775493893e-02, 7.675189781230160047e-02, -3.099448076874349034e-02, 1.290915372200905908e-01, 5.920981741484561411e-02
1403638220795097088, -9.610208431122096995e-01, 3.218913084199729879e-01, 1.551149122043144202e-01, -1.456163204254529442e-01, -8.039707927720310954e-01, -1.095509644704153601e-01, 5.660613374704773770e-01, 5.415326271304343742e-01, -9.455659916758440975e-02, -3.977458447448042715e-03, -2.279395125335415256e-03, 2.106908419374367569e-02, 7.675084316911158500e-02, -3.099240593914191072e-02, 1.291236961392038807e-01, 5.921001301508834608e-02
1403638220845096960, -9.320907345838699287e-01, 3.158747540567884426e-01, 1.531603404238031096e-01, -1.467251944173449396e-01, -8.033580473520680609e-01, -1.092640578793376976e-01, 5.667000359393016273e-01, 5.397566777449320785e-01, -1.030287309441434707e-01, -4.308384787138648531e-02, -2.257877045644091519e-03, 2.106742979784060471e-02, 7.674427553852719575e-02, -3.097403432959860634e-02, 1.292604194146878549e-01, 5.921308530110760276e-02
1403638220895097088, -9.145637577275397279e-01, 3.142127758384716252e-01, 1.448815188668705622e-01, -1.468594848075283621e-01, -8.036877650772843440e-01, -1.097640260695985498e-01, 5.661008095455610789e-01, 5.322761243032811951e-01, -1.067189185486874803e-01, -8.096642934508704870e-02, -2.283823653969552052e-03, 2.106632201260675089e-02, 7.675176629356322833e-02, -3.107597527802802989e-02, 1.293466621664630389e-01, 5.885088918838245892e-02
1403638220945096960, -8.923978510241560302e-01, 3.057558451756000051e-01, 1.386311519524361102e-01, -1.483748058652387125e-01, -8.039399682222215793e-01, -1.087664120295494252e-01, 5.655398412963709154e-01, 5.304580626007260324e-01, -1.154183880391425748e-01, -1.122413993588892295e-01, -2.283845745698453566e-03, 2.106712083584201881e-02, 7.675300694405971791e-02, -3.115879953033329902e-02, 1.292827349589279196e-01, 5.866529370649926911e-02
1403638220995097088, -8.642911282442748977e-01, 2.987777942198342473e-01, 1.330192841159670292e-01, -1.488025590121048736e-01, -8.044008054040245881e-01, -1.089562579656656871e-01, 5.647350498657977003e-01, 5.182236854744536325e-01, -1.236992333693237717e-01, -1.398019850914451190e-01, -2.270263455773460434e-03, 2.106811796922531538e-02, 7.674932128767933404e-02, -3.112210482637460529e-02, 1.292528643688173329e-01, 5.879433685899675827e-02
1403638221045096960, -8.373698179685378218e-01, 2.960377674131457471e-01, 1.269860722904379291e-01, -1.489512100930662497e-01, -8.045599546673817271e-01, -1.089253981075559291e-01, 5.644750428535726394e-01, 5.133661890007396034e-01, -1.312384887092681862e-01, -1.565243611089505993e-01, -2.287233271861979604e-03, 2.106857783356654371e-02, 7.675379336185933488e-02, -3.114259649925494450e-02, 1.292440105633274605e-01, 5.877381379904701719e-02
1403638221095097088, -8.116369095693186653e-01, 2.878243677086520513e-01, 1.186920195760447772e-01, -1.497516601283309101e-01, -8.047784345082381607e-01, -1.089535391384224700e-01, 5.639461303604188513e-01, 5.110738661816515149e-01, -1.401903282219214841e-01, -1.649231738425237792e-01, -2.285568914733999025e-03, 2.106920237509821506e-02, 7.675098415686715247e-02, -3.114590676667545327e-02, 1.292337172079761343e-01, 5.875055179646011122e-02
1403638221145096960, -7.835254109456371019e-01, 2.812788420538915313e-01, 1.101411441678634001e-01, -1.499109190178705420e-01, -8.052396062823726774e-01, -1.093774411708602345e-01, 5.631629144362598760e-01, 4.998575617456566533e-01, -1.437356908268225819e-01, -1.378890890131672098e-01, -2.287434720242057917e-03, 2.106675910914558927e-02, 7.674985401155748344e-02, -3.110400819352449053e-02, 1.292471559415261095e-01, 5.882638703190735258e-02
1403638221195097088, -7.554573887333023707e-01, 2.750301614441202358e-01, 1.046131472393765222e-01, -1.505914269272707606e-01, -8.059769107345013950e-01, -1.087727948644122700e-01, 5.620426323654307277e-01, 4.983232027072526660e-01, -1.455381001956736475e-01, -1.031500708595996518e-01, -2.292493358543622357e-03, 2.106619028875424127e-02, 7.674822973179830365e-02, -3.107721364232123029e-02, 1.293206546831074666e-01, 5.889870589122841310e-02
1403638221245096960, -7.262489615285201427e-01, 2.669374179446766249e-01, 9.937154237310480420e-02, -1.511352765289163402e-01, -8.065726943072368815e-01, -1.085900781261123216e-01, 5.610764759986446304e-01, 4.937012362592815284e-01, -1.592846407342882464e-01, -6.260973893727891926e-02, -2.285798402735977290e-03, 2.106563495359241658e-02, 7.674656398082811692e-02, -3.102594230302318373e-02, 1.293117268719471968e-01, 5.905271647578103772e-02
1403638221295097088, -6.990782917008204755e-01, 2.579433800822638623e-01, 1.002077225585299158e-01, -1.523008131779844399e-01, -8.073080378946666524e-01, -1.072311706202083714e-01, 5.599639901845545609e-01, 4.895167255484114688e-01, -1.610386035070490163e-01, -2.492079487913821667e-02, -2.286182094707860796e-03, 2.106705647241297399e-02, 7.674632808308395893e-02, -3.101180736219077971e-02, 1.292310060398763893e-01, 5.916308779949777663e-02
1403638221345096960, -6.663568820071047449e-01, 2.494253281706398651e-01, 9.883211602677249852e-02, -1.531053509566535631e-01, -8.079835597084129573e-01, -1.065879546338251299e-01, 5.588920527940428595e-01, 4.914721936986983786e-01, -1.667298934246505548e-01, -3.291915318312780506e-03, -2.288825511831186783e-03, 2.106690948154578413e-02, 7.674928406152628502e-02, -3.098134521488463480e-02, 1.291779687804497923e-01, 5.923597946378869605e-02
1403638221395097088, -6.417811009750904461e-01, 2.398551215943632853e-01, 9.869032404068045494e-02, -1.546079983887044818e-01, -8.082473114148991389e-01, -1.049758335987182600e-01, 5.584019383786914537e-01, 4.770047350582366508e-01, -1.646077858281411177e-01, 1.769340324277094648e-03, -2.295141853706127600e-03, 2.106580484246065380e-02, 7.675024334124132264e-02, -3.099946503893499447e-02, 1.290505364238606623e-01, 5.917861441759658669e-02
1403638221445096960, -6.251581486285023859e-01, 2.283114366890721669e-01, 9.808685823500996881e-02, -1.556797923530431338e-01, -8.083288574452004438e-01, -1.039299867060008709e-01, 5.581817072759917009e-01, 4.702438126157060250e-01, -1.619560822363939334e-01, -1.961872441075282469e-02, -2.291418444994038073e-03, 2.106340012561576727e-02, 7.674858938415775322e-02, -3.105372577930312628e-02, 1.290561233302049970e-01, 5.903058313710226462e-02
1403638221495097088, -6.033135152053924477e-01, 2.183105914880327514e-01, 9.872370319519867266e-02, -1.566847020125431422e-01, -8.083036466766726491e-01, -1.028675708593002058e-01, 5.581338385996144069e-01, 4.558732507092714270e-01, -1.595909819689736164e-01, -4.514272761318453148e-02, -2.287940158820151067e-03, 2.106305846666817888e-02, 7.674850631743905527e-02, -3.108375802197145196e-02, 1.289582223938848804e-01, 5.899395622220996588e-02
1403638221545096960, -5.825836139884174036e-01, 2.175455938052483218e-01, 9.564512074631442706e-02, -1.578085237042397282e-01, -8.080447838075000000e-01, -1.018128019510296522e-01, 5.583853960900656555e-01, 4.546435410911875419e-01, -1.482099374241140355e-01, -7.202909953437362789e-02, -2.277889359299089568e-03, 2.106064785799904859e-02, 7.674417310179718066e-02, -3.111730943404106622e-02, 1.289051840561794005e-01, 5.893603346229518009e-02
1403638221595097088, -5.584954957505693374e-01, 2.133711681646705827e-01, 9.033817443826099025e-02, -1.586615311755640856e-01, -8.072490253292141649e-01, -1.015312103766406876e-01, 5.593451018374201444e-01, 4.471692428937825148e-01, -1.453799703084587835e-01, -9.368468073967985144e-02, -2.281194105755526575e-03, 2.105716986594596135e-02, 7.674716055354781352e-02, -3.113300718827365435e-02, 1.289911116250026524e-01, 5.885554956472020816e-02
1403638221645096960, -5.395737273759874109e-01, 2.064669231182583997e-01, 8.566294862420714695e-02, -1.584898386596493847e-01, -8.068983597724659340e-01, -1.017561044146188670e-01, 5.598586457781139503e-01, 4.322996081162362447e-01, -1.400141181534676482e-01, -1.074246694756005455e-01, -2.282782225011771495e-03, 2.105928187216616135e-02, 7.674910297335843512e-02, -3.110262701763905416e-02, 1.291521615382146826e-01, 5.889347428265809953e-02
1403638221695097088, -5.229634149374385865e-01, 1.981557988545483706e-01, 7.684870823689536612e-02, -1.590499071853991864e-01, -8.056228215784911884e-01, -1.011090093089273972e-01, 5.616511057701157883e-01, 4.197307199623370177e-01, -1.369843939020105317e-01, -1.281453730759048448e-01, -2.280392660825934347e-03, 2.105833321894514873e-02, 7.675189842035790022e-02, -3.048661190539888460e-02, 1.310688774398355294e-01, 6.050249027363437809e-02
1403638221745096960, -5.107441160911795341e-01, 1.905407621036833699e-01, 7.176590583101798149e-02, -1.599114842899521660e-01, -8.042647809431525685e-01, -1.001172855055766781e-01, 5.635272916812833488e-01, 4.140764298116851871e-01, -1.295073174322009524e-01, -1.067583026585482431e-01, -2.287402017662356832e-03, 2.105904894936521873e-02, 7.675264537733939019e-02, -3.050652917742981834e-02, 1.311329560448549481e-01, 6.049074010272299101e-02
1403638221795097088, -4.886393643324173364e-01, 1.872904649846652281e-01, 6.686501450117364465e-02, -1.601581768084423540e-01, -8.034301338208896803e-01, -9.895595944743050543e-02, 5.648513933414536226e-01, 4.050786331429767628e-01, -1.162046400116437256e-01, -8.540357430059351829e-02, -2.291778707764656302e-03, 2.105873184856570102e-02, 7.675213824369141180e-02, -3.050449590907056141e-02, 1.309702638200139768e-01, 6.051759321138852621e-02
1403638221845096960, -4.583479569312548518e-01, 1.824630776706658852e-01, 6.693974263636762179e-02, -1.595756410915504242e-01, -8.032438555124908897e-01, -9.939346043475989767e-02, 5.652042669464317770e-01, 4.067933946808138801e-01, -1.120584846329358009e-01, -3.409018275103472412e-02, -2.296979949783792187e-03, 2.105939033543726205e-02, 7.675446862480302113e-02, -3.044987857187977237e-02, 1.308136001052268571e-01, 6.070557080988825405e-02
1403638221895097088, -4.270194239574210404e-01, 1.745714297005340476e-01, 6.918765053371446483e-02, -1.582333516297247666e-01, -8.024608609437179352e-01, -1.011116207134292455e-01, 5.663878646671330896e-01, 4.018280513338459703e-01, -1.037388756329440942e-01, 8.461738179456732359e-03, -2.284124223093166126e-03, 2.106031539821172013e-02, 7.674918122947707588e-02, -3.036212683103622564e-02, 1.307638303319676731e-01, 6.096375541460014730e-02
1403638221945096960, -4.191789706834347373e-01, 1.715046151425762277e-01, 7.552447593255384728e-02, -1.561429602336042721e-01, -8.022515955832848489e-01, -1.033160387342994951e-01, 5.668664300289915081e-01, 4.060388034285843384e-01, -9.508678465591018092e-02, 4.301353674950812722e-02, -2.301069363407724690e-03, 2.106579365070349388e-02, 7.675250424728750909e-02, -3.043291921525569793e-02, 1.306917440507150696e-01, 6.080551571348347811e-02
1403638221995097088, -3.963323787037333901e-01, 1.653060245835373254e-01, 7.981609656051008583e-02, -1.547991081493044485e-01, -8.021936976198069669e-01, -1.048971094562381468e-01, 5.670265461536767582e-01, 3.976119549293339883e-01, -9.223036115372811039e-02, 8.258490153944411660e-02, -2.298645472754602161e-03, 2.106571605872304548e-02, 7.675205060012037228e-02, -3.039743422493294822e-02, 1.308034592016638908e-01, 6.094805232484296065e-02
1403638222045096960, -3.836007557503228749e-01, 1.615520991983158405e-01, 8.344992328037169338e-02, -1.536877332835739352e-01, -8.026727589740767499e-01, -1.065495394236450205e-01, 5.663424037521028742e-01, 3.995516630661050117e-01, -9.373668231006997142e-02, 1.071726163656775144e-01, -2.299344099665098264e-03, 2.106489402573756206e-02, 7.674940490264911541e-02, -3.044018782302387871e-02, 1.309978715531510129e-01, 6.085651321200365171e-02
1403638222095097088, -3.660157091314886757e-01, 1.605974935242959756e-01, 8.771734400275989219e-02, -1.525271099092634919e-01, -8.040251124281461159e-01, -1.079541589502242827e-01, 5.644687758352840978e-01, 3.921169232269785532e-01, -9.716920178585704282e-02, 9.752980750783858677e-02, -2.304463357936058047e-03, 2.106505531986729157e-02, 7.674989604416385114e-02, -3.045357872578784847e-02, 1.311885855994358585e-01, 6.084893893785341817e-02
1403638222145096960, -3.525163944632464519e-01, 1.500363931167375819e-01, 9.346663730119245117e-02, -1.528450372284709813e-01, -8.059498554050504859e-01, -1.078080295350872103e-01, 5.616588412327963020e-01, 3.941532891716862941e-01, -1.019499464702229297e-01, 7.208180066133283714e-02, -2.289932980326763942e-03, 2.106579829881898708e-02, 7.674365565887468488e-02, -3.054203663946004205e-02, 1.311241113180030837e-01, 6.067342771166488874e-02
1403638222195097088, -3.386261648150558079e-01, 1.434897837140512444e-01, 9.642110276803828040e-02, -1.528449816424560515e-01, -8.078187871867045233e-01, -1.081004887771161022e-01, 5.589109973699460943e-01, 3.851212758559459104e-01, -1.075195475810852147e-01, 4.710010873959375594e-02, -2.289778492487231244e-03, 2.106408970317481463e-02, 7.674491498747432194e-02, -3.054094949109220983e-02, 1.312353213478189284e-01, 6.064450611541986197e-02
1403638222245096960, -3.161527618929341199e-01, 1.414659299784691848e-01, 9.820368380469365888e-02, -1.533801724604640371e-01, -8.096029927410001159e-01, -1.073498303897896522e-01, 5.563214275543393317e-01, 3.758502204064756436e-01, -1.111051415892274630e-01, 1.706147774605748513e-02, -2.305626638529731983e-03, 2.106534884564216156e-02, 7.675177723807094510e-02, -3.055396986307687759e-02, 1.311062736400563367e-01, 6.061455904524809535e-02
1403638222295097088, -3.026862265978023658e-01, 1.316209231173664507e-01, 1.010766152417486158e-01, -1.540120550244928610e-01, -8.112753954663876055e-01, -1.068859352288193676e-01, 5.537941101783673270e-01, 3.570287262308279308e-01, -1.075830881362755259e-01, -6.872147915991396773e-03, -2.305983812371983650e-03, 2.106724427149924903e-02, 7.675313774770146924e-02, -3.056953750540842424e-02, 1.310725967015216042e-01, 6.057915149516402559e-02
1403638222345096960, -2.804809646050879235e-01, 1.247777368131021830e-01, 1.019842783314231227e-01, -1.543711382846239266e-01, -8.129829932658296787e-01, -1.062888702761053961e-01, 5.512992657175147526e-01, 3.417339370720325897e-01, -1.057742456571073575e-01, -2.553291237555106383e-02, -2.302493532958902779e-03, 2.106799919556077288e-02, 7.675318699169236814e-02, -3.055222614556915919e-02, 1.308896563679603497e-01, 6.067490636082419064e-02
1403638222395097088, -2.544329522069780358e-01, 1.156726558727330378e-01, 9.762006814191172277e-02, -1.551372392937133693e-01, -8.141050569739829434e-01, -1.060867640738939466e-01, 5.494642769844489960e-01, 3.232997818502923448e-01, -1.029431766540555709e-01, -4.857823574406515410e-02, -2.283005102016822784e-03, 2.106574242395971297e-02, 7.674850462519000605e-02, -3.049543516754364691e-02, 1.309023888123466151e-01, 6.082062709766660608e-02
1403638222445096960, -2.417871781497605843e-01, 1.018661165834380544e-01, 9.600368030824441012e-02, -1.555285284222752695e-01, -8.155292782381993177e-01, -1.058738523401606124e-01, 5.472783574870628831e-01, 2.984441107854102770e-01, -1.097337630033973638e-01, -7.054818286883886291e-02, -2.253284490679443187e-03, 2.106488102196658538e-02, 7.673802220596366575e-02, -3.047870139960580718e-02, 1.310308845239708253e-01, 6.084945492617459956e-02
1403638222495097088, -2.294853315686116724e-01, 9.730890757398348578e-02, 8.745670468119534635e-02, -1.555708155228014145e-01, -8.162478036353887356e-01, -1.058865687681911499e-01, 5.461916137881225319e-01, 2.829004877812708041e-01, -1.013447186464592753e-01, -8.632997955648263888e-02, -2.244683505442130345e-03, 2.106216842997621005e-02, 7.673562149324204829e-02, -3.052899539851233399e-02, 1.309348493353092724e-01, 6.064703011049951686e-02
1403638222545096960, -2.144117719102743569e-01, 9.373485368303666188e-02, 8.471409231346305191e-02, -1.556398319017466836e-01, -8.151049150316620473e-01, -1.055963261306552270e-01, 5.479321455477234037e-01, 2.530203388316458191e-01, -8.923052261039680910e-02, -9.017639408936369005e-02, -2.256384318932566288e-03, 2.106400850906268996e-02, 7.673730505756368170e-02, -3.050384735316102880e-02, 1.310894932603782204e-01, 6.074331902571475372e-02
1403638222595097088, -2.060972357580644065e-01, 9.284841324853836120e-02, 7.838680601343846199e-02, -1.549563314374374223e-01, -8.125778366785147977e-01, -1.062251945907724121e-01, 5.517445085548824402e-01, 2.318707252529736695e-01, -8.467615256296480430e-02, -1.051674285069472137e-01, -2.257179564630318411e-03, 2.106296570468120521e-02, 7.673766604340856445e-02, -3.057192116476033228e-02, 1.311341758588839002e-01, 6.057439648820932970e-02
1403638222645096960, -1.882540911483987500e-01, 9.372995053218612094e-02, 7.161393341344939045e-02, -1.551922327398135293e-01, -8.094852970568457984e-01, -1.055872101392021228e-01, 5.563274807171058045e-01, 2.209224758166502545e-01, -7.806109400057477388e-02, -1.198868132094155770e-01, -2.274728675245173311e-03, 2.106307302657488972e-02, 7.674171613759020460e-02, -3.053703777460181970e-02, 1.312095381948573392e-01, 6.067367501523125706e-02
1403638222695097088, -1.799369266866169270e-01, 8.771031792721732667e-02, 6.966743764794496030e-02, -1.553087237699668222e-01, -8.072878891100685461e-01, -1.055055701366046372e-01, 5.594944495589780908e-01, 2.067262965712870215e-01, -7.117867057947176168e-02, -1.323233413535758740e-01, -2.267107718309959666e-03, 2.106678180216141338e-02, 7.673769722088932821e-02, -3.052163301793692912e-02, 1.311694125365099328e-01, 6.077272238373736257e-02
1403638222745096960, -1.707551625495832837e-01, 8.588822327827899672e-02, 6.317722680249655831e-02, -1.547663211805270500e-01, -8.059622423252138512e-01, -1.063904015948603510e-01, 5.613851905980807855e-01, 2.047555124047947539e-01, -7.140709112507313827e-02, -1.514653428846663707e-01, -2.271715214091356728e-03, 2.106921315734290590e-02, 7.673701545921179923e-02, -3.050577054685391087e-02, 1.311268865851923926e-01, 6.079322846306776246e-02
1403638222795097088, -1.455844525978588211e-01, 8.841536295210891683e-02, 5.363879163550280826e-02, -1.545233780908963073e-01, -8.050270451664496285e-01, -1.062893841326570943e-01, 5.628112907490873118e-01, 1.986659514913247937e-01, -7.532856024877902790e-02, -1.648456987935383311e-01, -2.294238655847850947e-03, 2.106855569853503807e-02, 7.674362415739331700e-02, -3.037493700171032748e-02, 1.309795086555406995e-01, 6.108939588627385064e-02
1403638222845096960, -1.366925700417339906e-01, 8.431629091983490476e-02, 4.400366289089956140e-02, -1.537459326661282655e-01, -8.034275480934437441e-01, -1.072461812556451399e-01, 5.651235438019378554e-01, 1.939505848578979841e-01, -7.580031119155510033e-02, -1.554106813133812881e-01, -2.296749043489992263e-03, 2.106774646896539607e-02, 7.674789168338735923e-02, -3.038838727622271071e-02, 1.308195482657407704e-01, 6.102824483240163606e-02
1403638222895097088, -1.195598854976207964e-01, 8.301618826715130572e-02, 3.304611519682947723e-02, -1.526257009666592834e-01, -7.995031576612137147e-01, -1.083328134934960080e-01, 5.707574772307130173e-01, 1.925326322808285084e-01, -8.413563488123597389e-02, -1.580029189592725425e-01, -2.305320956847676205e-03, 2.106572448037846712e-02, 7.675350339093564567e-02, -3.036154170184248921e-02, 1.307162467953298102e-01, 6.109328066715623284e-02
1403638222945096960, -1.012751371511660670e-01, 7.611493325422902245e-02, 2.404093324033110615e-02, -1.523874269884046284e-01, -7.959042667504151458e-01, -1.083836969533861216e-01, 5.758189337795818208e-01, 2.057307734427907542e-01, -9.866913835301692470e-02, -1.782498162974877065e-01, -2.297517199269858649e-03, 2.106583775238834999e-02, 7.675857580453075701e-02, -3.031272914386972175e-02, 1.308380648609661634e-01, 6.124048897886734399e-02
1403638222995097088, -1.089009546495428721e-01, 6.674445395633567257e-02, 1.349911752819088658e-02, -1.523396007023666565e-01, -7.948970461038349367e-01, -1.082019316994911884e-01, 5.772552937217118041e-01, 2.139074578796329729e-01, -1.066451522652155370e-01, -1.596481603685633299e-01, -2.285494643446989594e-03, 2.106706389087805234e-02, 7.675593115707028680e-02, -3.043591911598492530e-02, 1.309444107711605354e-01, 6.092023619885803681e-02
1403638223045096960, -8.449931645749599041e-02, 6.149918900147066658e-02, 9.480830797477185837e-03, -1.524746790662665219e-01, -7.955526240397784443e-01, -1.077927643945682107e-01, 5.763924137002839343e-01, 2.233825102988565847e-01, -1.064383627124575044e-01, -1.230896844281374747e-01, -2.281247645928707792e-03, 2.106882810592917293e-02, 7.675009750819848653e-02, -3.035708173643798455e-02, 1.308812489109844046e-01, 6.116681728975498222e-02
1403638223095097088, -6.905597725599073311e-02, 5.957144331835958345e-02, 6.749095670443691110e-03, -1.523463853110444965e-01, -7.977217039337212157e-01, -1.079895048422972598e-01, 5.733837535191024237e-01, 2.583749640898631572e-01, -1.255276853963327721e-01, -9.329493982127154417e-02, -2.284776167685506187e-03, 2.107003647586595807e-02, 7.675077850496692111e-02, -3.037288598488810734e-02, 1.308017860239385211e-01, 6.115269770235966240e-02
1403638223145096960, -5.453344210056373931e-02, 5.302829170997450797e-02, 7.732406827452494589e-04, -1.527720799332295820e-01, -8.013544868203875682e-01, -1.078903797173980106e-01, 5.682000915259903806e-01, 2.730716276610021254e-01, -1.315768729825243233e-01, -7.359925252261753648e-02, -2.280544333961239539e-03, 2.106835622554081855e-02, 7.674986577118410314e-02, -3.039599342215114700e-02, 1.308024145310770214e-01, 6.110194973487009101e-02
1403638223195097088, -4.763553092419564594e-02, 4.505052437744652000e-02, -3.959038572259743725e-03, -1.549287967916468667e-01, -8.065092379841442005e-01, -1.048728842093369779e-01, 5.608400798164685508e-01, 2.754524200156962532e-01, -1.354967964044210549e-01, -6.829152524208238761e-02, -2.291274412482634248e-03, 2.106664064454539034e-02, 7.675418796031260871e-02, -3.042609485301985689e-02, 1.307668932979770826e-01, 6.096834275446626900e-02
1403638223245096960, -3.764634457390354794e-02, 3.700964941580450751e-02, -1.036631683667795477e-02, -1.581493433369067225e-01, -8.109030146005083983e-01, -1.008489717838867150e-01, 5.543054852732794968e-01, 2.680516579634420471e-01, -1.328229553975325550e-01, -6.653994939110273454e-02, -2.288168816999968259e-03, 2.106499097508364796e-02, 7.675295381141193640e-02, -3.045703649048404557e-02, 1.306822503715745210e-01, 6.080035911845490387e-02
1403638223295097088, -2.978728501068032483e-02, 2.670304626904989806e-02, -1.389623671292852629e-02, -1.597712974702582833e-01, -8.137377099034069916e-01, -9.862424538760955484e-02, 5.500702956964260704e-01, 2.479542103880397752e-01, -1.265491170585304748e-01, -4.555186853709505823e-02, -2.279078142235123772e-03, 2.106405640071432397e-02, 7.674969740895254411e-02, -3.048932685282173052e-02, 1.308109975473932818e-01, 6.073568904462506302e-02
1403638223345096960, -1.874891182789283073e-02, 1.913949085325326871e-02, -1.706370574413621985e-02, -1.607304945929587947e-01, -8.129612050185344163e-01, -9.772118223037366824e-02, 5.510992268060386223e-01, 2.391944577830230623e-01, -1.151490812362109817e-01, -5.292479408360930421e-02, -2.278013509569587654e-03, 2.106406113774218422e-02, 7.674893054086440181e-02, -3.046567658414293250e-02, 1.308954879450270059e-01, 6.078951662378468540e-02
1403638223395097088, -1.157672318396579109e-02, 1.188189309253528773e-02, -1.728506989271466968e-02, -1.624472058051921186e-01, -8.116282174585219833e-01, -9.583503712427064725e-02, 5.528889469057755024e-01, 2.232174992132157088e-01, -9.914800473031394612e-02, -6.902636731695732664e-02, -2.257864198547683120e-03, 2.106419537322270358e-02, 7.673693489115181177e-02, -3.049466104925379825e-02, 1.308989338665874635e-01, 6.077130529833561084e-02
1403638223445096960, -1.133700870925835949e-02, 2.504039534923163668e-02, -2.355696020815756242e-02, -1.649671010321283049e-01, -8.092587518200915486e-01, -9.100802742704569570e-02, 5.564204050207731678e-01, 2.143518676395169409e-01, -7.952209823598681282e-02, -8.123262976141687464e-02, -2.322658236629757469e-03, 2.106691256989473918e-02, 7.675851278249026799e-02, -3.053475476860515250e-02, 1.309280931932020609e-01, 6.064635359527680708e-02
1403638223495097088, 8.695073728870959459e-03, 2.360666441021803952e-02, -2.527048732008582016e-02, -1.687808446809147822e-01, -8.063536914876640038e-01, -8.548846426168264789e-02, 5.603556666717962598e-01, 2.089530230413744194e-01, -5.233611167102751593e-02, -9.476494204191344972e-02, -2.322003609886295547e-03, 2.106943642348356807e-02, 7.675615512049197009e-02, -3.045268690056007754e-02, 1.309869600002194212e-01, 6.088339896366587456e-02
1403638223545096960, 1.308625032215436461e-02, 2.628934841852818144e-02, -2.680179034492289822e-02, -1.708090480451386062e-01, -8.044376295929812626e-01, -8.272620796949305133e-02, 5.629038494412055282e-01, 2.070147414779722195e-01, -2.211420891058515567e-02, -1.039399033173442205e-01, -2.323999626809710242e-03, 2.107042417499443293e-02, 7.675688145290392173e-02, -3.048943315836012691e-02, 1.310091291945608971e-01, 6.081761017861891244e-02
1403638223595097088, 2.572773444565109799e-02, 2.781038619895695799e-02, -3.316927111792365712e-02, -1.693717939928283678e-01, -8.038182725314186872e-01, -8.457705408278944070e-02, 5.639468964955244301e-01, 2.120680047092283471e-01, 8.014308484460913595e-03, -9.993911069481503651e-02, -2.332865849290679822e-03, 2.106921090520029807e-02, 7.676022584733442622e-02, -3.048487644269462504e-02, 1.309898779283731607e-01, 6.082857131773185960e-02
1403638223645096960, 4.445828709508998361e-02, 2.334098657746249209e-02, -3.394269660766304625e-02, -1.662346907987558575e-01, -8.035422499656852402e-01, -9.026647683531213717e-02, 5.643915690855654255e-01, 2.158410779389025314e-01, 2.973469735065806946e-02, -1.193561508426448647e-01, -2.291954257865515526e-03, 2.106725692930695379e-02, 7.674179397812368186e-02, -3.039641807704756074e-02, 1.309715845934071865e-01, 6.109403084972016285e-02
1403638223695097088, 5.728471940024332243e-02, 2.613373515640861344e-02, -4.344662202942833895e-02, -1.625370395452470917e-01, -8.038662597701099477e-01, -9.565221707039087140e-02, 5.641200231764511575e-01, 2.122467970210596688e-01, 3.428962724303545595e-02, -1.261379260241175249e-01, -2.292521955971607486e-03, 2.106413557232587191e-02, 7.674434187299460086e-02, -3.036779867569609423e-02, 1.309933491488156632e-01, 6.109708069307200062e-02
1403638223745096960, 8.600389541550548800e-02, 2.595881814934684895e-02, -5.138534140183732835e-02, -1.582307588493980788e-01, -8.045287310128363956e-01, -1.021050114952749277e-01, 5.632682438735284736e-01, 2.166552391127136434e-01, 4.328096089404790542e-02, -1.297989480753818370e-01, -2.277958728145077286e-03, 2.106492024423638545e-02, 7.674418431167280563e-02, -3.060959510033650979e-02, 1.305332078834031684e-01, 6.046399919071266532e-02
1403638223795097088, 9.833890549342917675e-02, 2.820089565664971043e-02, -5.557953538448938413e-02, -1.554767326991017551e-01, -8.054503152684285849e-01, -1.063084684400419783e-01, 5.619388621203678102e-01, 2.147369463716976290e-01, 4.146280217668116275e-02, -1.439527614254925425e-01, -2.285867925140011928e-03, 2.106857479176317896e-02, 7.674422366773166193e-02, -3.059320983255083698e-02, 1.306108523608560390e-01, 6.054816316383626607e-02
1403638223845096960, 9.781149634297582607e-02, 3.057642687920191990e-02, -6.043707999483974302e-02, -1.530680587689085548e-01, -8.059688663854520652e-01, -1.093468919386277605e-01, 5.612732071152419788e-01, 2.089198890946116771e-01, 3.778773315031869195e-02, -1.488046069019639817e-01, -2.289269531704035427e-03, 2.107197219435626503e-02, 7.674521106587828267e-02, -3.068109137890445703e-02, 1.304556081422646452e-01, 6.035425281815787191e-02
1403638223895097088, 1.036145636675511461e-01, 2.794468631258903782e-02, -6.411774420663894636e-02, -1.515733300803601136e-01, -8.063840873484525718e-01, -1.116802287813411509e-01, 5.606226500765918441e-01, 1.991296111515228062e-01, 3.435712597299565851e-02, -1.516238526449242840e-01, -2.277127064513727144e-03, 2.107244856201988259e-02, 7.674133814034145296e-02, -3.070600644421809036e-02, 1.303181698725361937e-01, 6.030939675963975510e-02
1403638223945096960, 1.212203173573656589e-01, 3.186684232141567125e-02, -7.362266003237089018e-02, -1.495308089676865293e-01, -8.063057915581195445e-01, -1.144176272191729515e-01, 5.607317667573669118e-01, 1.877887031313311139e-01, 2.424340098707522193e-02, -1.567617390805664535e-01, -2.282883588592544803e-03, 2.107049784056489947e-02, 7.674038316668890802e-02, -3.067332830700592386e-02, 1.303014379339843543e-01, 6.040170762449525999e-02
1403638223995097088, 1.423163222613216816e-01, 3.251787730302724277e-02, -8.400485490518182219e-02, -1.489497363452953749e-01, -8.068161886555211826e-01, -1.151470826095641053e-01, 5.600024670772011381e-01, 1.980016960814476590e-01, 1.821099127956374644e-02, -1.763336910122225154e-01, -2.286835043658399028e-03, 2.106900427660032826e-02, 7.673946571065397293e-02, -3.064957002729323809e-02, 1.302565557386292927e-01, 6.046739868782893823e-02
1403638224045096960, 1.617444773914018252e-01, 2.791286792919767112e-02, -9.566970262304552719e-02, -1.487444027728739571e-01, -8.084375708323874310e-01, -1.155868894842877470e-01, 5.576230516125715297e-01, 1.876470671444143701e-01, 1.277962801054396535e-03, -1.831870388796486004e-01, -2.276820299771443925e-03, 2.106616657105652921e-02, 7.673652291338151077e-02, -3.056256096540741624e-02, 1.305237998027550528e-01, 6.067678522464375196e-02
1403638224095097088, 1.671461362284637764e-01, 2.594321223751551789e-02, -1.063316756572374039e-01, -1.495391509822714682e-01, -8.107310383121135722e-01, -1.142566988705925046e-01, 5.543452287194853279e-01, 1.776453848045929929e-01, -2.052134710454085395e-02, -2.080851413595379562e-01, -2.271301451346100994e-03, 2.106596573440331840e-02, 7.673757045978321645e-02, -3.053360466779812127e-02, 1.306822663551423791e-01, 6.069085041954801196e-02
1403638224145096960, 1.834213459522838763e-01, 2.473271251527865700e-02, -1.177462137310048840e-01, -1.503769113575161021e-01, -8.139699454679006907e-01, -1.128835625380874702e-01, 5.496335267378313905e-01, 1.640746277525998165e-01, -2.438249156960730843e-02, -2.116895273458803406e-01, -2.265602751842475671e-03, 2.106431707564631467e-02, 7.673651521906063588e-02, -3.050260465631148346e-02, 1.305859542992370281e-01, 6.080967175631209892e-02
1403638224195097088, 1.676875153250981798e-01, 2.152280507048855845e-02, -1.241815678145457291e-01, -1.516577022750574266e-01, -8.169504463606693800e-01, -1.115667565267744188e-01, 5.451098681640690335e-01, 1.254525272965731353e-01, -3.078554748854129414e-02, -1.982172940222034774e-01, -2.248860378631877249e-03, 2.106805831381788549e-02, 7.673026855816456049e-02, -3.058430847695252017e-02, 1.305850643623664986e-01, 6.057145243594374423e-02
1403638224245096960, 1.543783385304657307e-01, 1.547483873131390124e-02, -1.323017614065230552e-01, -1.521702967647668436e-01, -8.172813836660637321e-01, -1.111075864680499681e-01, 5.445644543345184996e-01, 9.272217625827618159e-02, -3.488311572868397353e-02, -1.688809688012296029e-01, -2.225836603336518033e-03, 2.106850099016149488e-02, 7.672456277759344412e-02, -3.069707697962421530e-02, 1.306325246845061183e-01, 6.026510117583584042e-02
1403638224295097088, 1.620630421451715042e-01, 2.183866649065437787e-02, -1.411619892599100257e-01, -1.518285365305627188e-01, -8.163711556509555267e-01, -1.111108234241379722e-01, 5.460225422398978790e-01, 6.351979375251577686e-02, -3.558093978828837101e-02, -1.486892880879619461e-01, -2.251015788532128789e-03, 2.107026537015503631e-02, 7.673240697030557500e-02, -3.068919294200286862e-02, 1.303282196184752939e-01, 6.032458866460425895e-02
1403638224345096960, 1.706423295889435421e-01, 1.441316506215169560e-02, -1.503862736958903046e-01, -1.518052101631079120e-01, -8.130624725016010190e-01, -1.115301506633197964e-01, 5.508589832887679227e-01, 4.536310206389260885e-02, -4.384426222457096789e-02, -1.415714733239205325e-01, -2.236930683216437673e-03, 2.106793356165762715e-02, 7.672881425530318766e-02, -3.066536050500843699e-02, 1.304126022543088681e-01, 6.038355236838276879e-02
1403638224395097088, 1.846416857314285009e-01, 1.197245265586297826e-02, -1.585942039517238278e-01, -1.537799178739864547e-01, -8.100042314148446776e-01, -1.092885858954996819e-01, 5.552484911656031530e-01, 2.914508901982917552e-02, -5.841833319285496401e-02, -1.586030957254876972e-01, -2.244454556625296530e-03, 2.106816032104447817e-02, 7.673330150144702655e-02, -3.060051853281143056e-02, 1.306289145845295208e-01, 6.064507852388241471e-02
1403638224445096960, 1.854210064094953259e-01, 1.113215431910953568e-02, -1.623457118407080901e-01, -1.561233822458398535e-01, -8.066685012177887693e-01, -1.059941194301640410e-01, 5.600684469825005785e-01, 1.214586797464184929e-02, -5.404401128277139948e-02, -1.441781204222657709e-01, -2.233658479392127468e-03, 2.107106440662371086e-02, 7.673278863706566033e-02, -3.057313752603079207e-02, 1.306228171333660704e-01, 6.077571526113122180e-02
1403638224495097088, 1.928971280229485052e-01, 5.568321383964797665e-03, -1.691018041219012891e-01, -1.565812212121600600e-01, -8.022911938512247154e-01, -1.051834331953264423e-01, 5.663458367585387787e-01, 1.633972189291630142e-02, -5.616301765236467874e-02, -1.453930002908596641e-01, -2.232674267141892405e-03, 2.107074461985377484e-02, 7.673389401551920785e-02, -3.057741558115540867e-02, 1.306470290938350209e-01, 6.082251398485869626e-02
1403638224545096960, 2.060887475152938797e-01, 1.063112047638361569e-02, -1.702495733178523152e-01, -1.548850449147311792e-01, -7.995546587254507287e-01, -1.065431064416083318e-01, 5.704134790149703038e-01, 1.981948697366388290e-02, -6.103483027011219475e-02, -1.380007637813882027e-01, -2.297274471599655352e-03, 2.107520077681132586e-02, 7.676243487237469076e-02, -3.078677753791436711e-02, 1.298210734849828962e-01, 6.028129403944849918e-02
1403638224595097088, 2.065308245304974255e-01, 6.675787537192788383e-03, -1.787785816476009648e-01, -1.543287754717600491e-01, -7.991941964240347751e-01, -1.071797484293932345e-01, 5.709498813294741071e-01, 2.762003428404823102e-02, -6.888841139722037821e-02, -1.577899298560459240e-01, -2.279905476128888959e-03, 2.107492934742808896e-02, 7.675722177284753645e-02, -3.077520728203667413e-02, 1.297004401444500632e-01, 6.028232964928931931e-02
1403638224645096960, 2.083368854587288044e-01, 3.040317452729772354e-03, -1.870993465858391824e-01, -1.538330745467350325e-01, -8.019349441695855507e-01, -1.079328884958189738e-01, 5.670857272724925124e-01, 4.417076545975302804e-02, -7.142762791867368621e-02, -1.726260203135859539e-01, -2.284152505672814183e-03, 2.107617541104249773e-02, 7.675719062053552866e-02, -3.075060210694702950e-02, 1.296477255611747925e-01, 6.032184134103289741e-02
1403638224695097088, 2.058311555653943858e-01, 2.107218505474498741e-03, -1.950221189050417858e-01, -1.544079998040230051e-01, -8.066855901688660957e-01, -1.070912075190378066e-01, 5.603106294570393553e-01, 4.158470395992268365e-02, -7.936862335910094268e-02, -1.682821639067139663e-01, -2.286750451227704227e-03, 2.107601140284768790e-02, 7.675893080233349430e-02, -3.087474574800332799e-02, 1.295306230729296459e-01, 5.998079416398040958e-02
1403638224745096960, 1.981618543521944664e-01, 2.177994167155839454e-03, -2.015865139836607034e-01, -1.550749662766114922e-01, -8.120884160993050438e-01, -1.062274817428741913e-01, 5.524308838164255775e-01, 3.532124900652557076e-02, -7.672883108253195084e-02, -1.544907965094452773e-01, -2.294803596921191503e-03, 2.107733839121447503e-02, 7.676152308444325612e-02, -3.100352980381033616e-02, 1.292509605332881339e-01, 5.963973955462265053e-02
1403638224795097088, 1.966354563895919005e-01, -3.876259332411646774e-03, -2.077507768440138569e-01, -1.557957774561577469e-01, -8.152769739398516569e-01, -1.059208573344918441e-01, 5.475690855698814863e-01, 9.699913322496540868e-03, -8.082742753476662712e-02, -9.660000123239823044e-02, -2.263143873684132432e-03, 2.107522739801435605e-02, 7.674673184263543224e-02, -3.087619795329875003e-02, 1.297872148555553884e-01, 6.000477427083501791e-02
1403638224845096960, 1.957372803566928277e-01, -5.421384139745921010e-03, -2.039187332499697025e-01, -1.561071751814950559e-01, -8.148139077476440617e-01, -1.050933594719315606e-01, 5.483285797701697994e-01, -2.160474830948602709e-02, -7.957098563788012058e-02, -6.014789530809815099e-02, -2.263773474687292252e-03, 2.107820760201810709e-02, 7.674396372522232501e-02, -3.091010414040639559e-02, 1.297067556741171857e-01, 6.011330797795187003e-02
1403638224895097088, 1.902011576601915221e-01, -6.297456844825353658e-03, -1.949320168204750903e-01, -1.582298695079978890e-01, -8.115213407005352764e-01, -1.018601891060215286e-01, 5.531915797066813134e-01, -4.375259015076123775e-02, -6.646632404844809994e-02, -2.956978400559239981e-02, -2.264119889420382163e-03, 2.108377590994323786e-02, 7.673836412418362507e-02, -3.090327951832813613e-02, 1.296167968236544288e-01, 6.040992421702135601e-02
1403638224945096960, 1.858746565428796016e-01, -8.220126005121390633e-03, -1.935253697577556942e-01, -1.602930856079058664e-01, -8.074806092635421484e-01, -9.841086031492760067e-02, 5.591032954130670252e-01, -5.606427917846863729e-02, -6.166980722515166130e-02, -1.129167698832196122e-02, -2.261524491282043692e-03, 2.108646939179839933e-02, 7.673556933714742456e-02, -3.092261190817703620e-02, 1.296140693701363367e-01, 6.041035001956154837e-02
1403638224995097088, 1.778143260619844956e-01, -7.807012033699030872e-03, -1.893373609166696392e-01, -1.625278889013419270e-01, -8.032494579026415726e-01, -9.460265192713504523e-02, 5.651772571120842192e-01, -5.955457483509984939e-02, -4.873642639850860048e-02, 6.578269154892191391e-03, -2.252822492508127841e-03, 2.108646137692960637e-02, 7.673017760798826747e-02, -3.089858414438450412e-02, 1.294576538670341448e-01, 6.058767251218449834e-02
1403638225045096960, 1.638587263611084033e-01, -4.700042197033102269e-03, -1.848704709319846096e-01, -1.632744404436148045e-01, -8.007637643651064341e-01, -9.259976024969612807e-02, 5.688094014512663499e-01, -4.807324083139384585e-02, -2.715255206832149423e-02, 1.197338161846881084e-02, -2.261466033693310465e-03, 2.108640319317343220e-02, 7.672925085536251577e-02, -3.088056089541959051e-02, 1.291934057930704816e-01, 6.075384806265115428e-02
1403638225095097088, 1.559589955738182043e-01, -4.990329982037267423e-03, -1.820604425254390701e-01, -1.620015743182863233e-01, -7.994732868711388329e-01, -9.407798826506695578e-02, 5.707427490751438848e-01, -4.666420084727669615e-02, -9.909574851297484749e-03, 2.416855257703341350e-02, -2.254759206939924675e-03, 2.108794901780670916e-02, 7.672668570827628765e-02, -3.088995155551984770e-02, 1.292035042170678882e-01, 6.074551684740044782e-02
1403638225145096960, 1.616564614173701120e-01, -9.031559852412095538e-03, -1.837866502283690417e-01, -1.594814411293097034e-01, -8.003773843839675495e-01, -9.703630856762249235e-02, 5.696890970709956870e-01, -3.045996825586283138e-02, -1.099409876370952130e-03, 3.117330524250241236e-02, -2.247942767638523662e-03, 2.109032246341153646e-02, 7.672607715236171022e-02, -3.086487698791891277e-02, 1.292821417821633789e-01, 6.077137225537819487e-02
1403638225195097088, 1.616650640372153946e-01, -9.543873200389794628e-03, -1.819541761201303731e-01, -1.574248702326126181e-01, -8.032379573611595491e-01, -9.937040264152813274e-02, 5.658195093538026521e-01, -2.114152083617719391e-02, -2.342857269714854456e-03, 2.588099547365864395e-02, -2.250244500001278864e-03, 2.109051712262651618e-02, 7.672784968850233922e-02, -3.084578959576425583e-02, 1.293117026443206530e-01, 6.084969616798164421e-02
1403638225245096960, 1.622784499890314314e-01, -1.082315593471137004e-02, -1.797313000941253569e-01, -1.557464217428142783e-01, -8.072108602531224975e-01, -1.008319482538113376e-01, 5.603450699480315711e-01, -2.189767008061166420e-02, 4.223930139864370825e-03, 3.870307535748868794e-02, -2.247334923294534281e-03, 2.109090800319065109e-02, 7.672695328582772312e-02, -3.082524856158057672e-02, 1.293464676094802090e-01, 6.091514734416796778e-02
1403638225295097088, 1.602829906758964917e-01, -1.012858168142760293e-02, -1.767986260010681598e-01, -1.547539093027767154e-01, -8.107492454158385931e-01, -1.020743288176846203e-01, 5.552636490979537820e-01, -2.733587365941742356e-02, 1.325804825575480940e-02, 5.367244367236249231e-02, -2.248670629498351805e-03, 2.109029749222235406e-02, 7.672754523045602348e-02, -3.082088715573788607e-02, 1.293512465313493565e-01, 6.095678465330488238e-02
1403638225345096960, 1.580999998959019270e-01, -9.528178700505549395e-03, -1.736355536435982561e-01, -1.536613999667927055e-01, -8.110378631507139113e-01, -1.034207481934401596e-01, 5.548963034110773185e-01, -4.190424673567978708e-02, 5.951352216457285287e-03, 4.340932882106147972e-02, -2.249040079047610798e-03, 2.109014037271294759e-02, 7.672759604008194678e-02, -3.082047661490379051e-02, 1.293528886562024249e-01, 6.096737388613623909e-02
1403638225395097088, 1.446555167815258280e-01, -4.125437137800767352e-03, -1.627298479368855244e-01, -1.525271872380309923e-01, -8.099842475801904973e-01, -1.044241859665161476e-01, 5.565577824542908836e-01, -5.412860562008683235e-02, 1.232279535076592075e-02, 2.529894393549735748e-02, -2.259421982419769839e-03, 2.108525602789032213e-02, 7.672775895302537397e-02, -3.084574731022931421e-02, 1.293813126626456589e-01, 6.110871370654345769e-02
1403638225445096960, 1.411051358071907513e-01, -2.568884458575210802e-03, -1.607275977047433746e-01, -1.519069601410396042e-01, -8.069830362619442310e-01, -1.054301326697002494e-01, 5.608806840776492386e-01, -6.405290509315694769e-02, 1.294731498592402094e-02, 1.839097248134862741e-03, -2.267923904031499648e-03, 2.108522777756995439e-02, 7.673102266178216668e-02, -3.081894851517719483e-02, 1.293622231218120866e-01, 6.122301899712367934e-02
1403638225495097088, 1.357844191543159940e-01, -2.260353903946521036e-03, -1.627880430237360898e-01, -1.504224214845717722e-01, -8.019538398732473095e-01, -1.073014306042070487e-01, 5.680928945318384216e-01, -6.091691800624191022e-02, 8.472218270548866406e-03, -3.043967477349982659e-02, -2.262413196144566312e-03, 2.108391270383498314e-02, 7.672514346914442729e-02, -3.085631059769044712e-02, 1.292775252305530531e-01, 6.111465108597828599e-02
1403638225545096960, 1.319044994568662199e-01, -1.058943633884305412e-03, -1.651303869877131791e-01, -1.494476867758515459e-01, -7.967103582469032830e-01, -1.089692871374217525e-01, 5.753639617148439411e-01, -5.456192820152885870e-02, 1.503613844269250342e-02, -5.734821699260751054e-02, -2.263700756959091329e-03, 2.108366709069834505e-02, 7.672542435280821360e-02, -3.084889123130170677e-02, 1.292569593923493243e-01, 6.112047413344062763e-02
1403638225595097088, 1.289002202399625596e-01, -4.130141151723739842e-04, -1.686533017716411453e-01, -1.480779895861125683e-01, -7.913393599293061520e-01, -1.110375553764643419e-01, 5.826882423070075534e-01, -4.124203454249170120e-02, -2.384657261214497177e-03, -8.635883351566561728e-02, -2.264269445495169144e-03, 2.108350323062855441e-02, 7.672550471024658370e-02, -3.084432210657826398e-02, 1.292445640462569212e-01, 6.112551473337619889e-02
1403638225645096960, 1.267753951779216626e-01, -4.277862047314674428e-04, -1.738897039246793952e-01, -1.470734118610705909e-01, -7.864372953554881196e-01, -1.120049591818634005e-01, 5.893561581218592638e-01, -1.830906539231431929e-02, -1.056415947055407666e-02, -1.409550380209785569e-01, -2.264907710429765828e-03, 2.108333503435439252e-02, 7.672574917399925531e-02, -3.083893962313154213e-02, 1.292327804255158363e-01, 6.113198235152902948e-02
1403638225695097088, 1.254190148183271236e-01, -5.869980570421175908e-04, -1.824573622566837416e-01, -1.466940576929790518e-01, -7.863025311484248547e-01, -1.125641474590953622e-01, 5.895239568108799899e-01, 1.185110849363900029e-02, -2.645643058039439180e-02, -2.086225684526016311e-01, -2.266420257757131504e-03, 2.108296896275696150e-02, 7.672663237282471849e-02, -3.082403483298055274e-02, 1.292104053394488306e-01, 6.115350019566961198e-02
1403638225745096960, 1.212930265791529044e-01, 5.601026965485753680e-04, -1.958596968775468405e-01, -1.462878064815545387e-01, -7.886038614483177334e-01, -1.128647071125754159e-01, 5.864856223915555500e-01, 3.654373041379047060e-02, -4.191953560222787256e-02, -2.601642284543691508e-01, -2.263592251629748756e-03, 2.107895618968728610e-02, 7.673278475039599367e-02, -3.081952419610711411e-02, 1.292057611202970246e-01, 6.100106630461261253e-02
1403638225795097088, 1.345171503442479932e-01, -7.282360762824530848e-03, -2.141719759774077525e-01, -1.475201645746392343e-01, -7.933957722470602603e-01, -1.113656384992956078e-01, 5.799643473404262339e-01, 5.273986823141556951e-02, -6.073766555460796690e-02, -3.015600509479117730e-01, -2.254471266889147146e-03, 2.108141876776016901e-02, 7.673026787060419074e-02, -3.087447182838515616e-02, 1.292895167094890163e-01, 6.088405995092300432e-02
1403638225845096960, 1.382379054257732720e-01, -1.138176047457914800e-02, -2.313404722049121065e-01, -1.480947753529864575e-01, -7.999482251169378610e-01, -1.106199303157941460e-01, 5.708887857212983086e-01, 5.803434096875802195e-02, -6.454557434477344036e-02, -3.402577456270130529e-01, -2.252159966881366309e-03, 2.108122500967469365e-02, 7.673009814902047310e-02, -3.088023407602583092e-02, 1.293134639675837527e-01, 6.085280473800710327e-02
1403638225895097088, 1.417348975390545496e-01, -1.543041156041249223e-02, -2.499593041634737001e-01, -1.488122149859726906e-01, -8.058604882948048331e-01, -1.097454054672755697e-01, 5.624942169080947574e-01, 5.572814513738081482e-02, -7.056483238239821820e-02, -3.557356450485127941e-01, -2.250691958939055309e-03, 2.108080302126500924e-02, 7.673009975349930067e-02, -3.088590323369967347e-02, 1.293236220687824511e-01, 6.081810121738545627e-02
1403638225945096960, 1.443989893060415586e-01, -1.929524863869914314e-02, -2.681071954663677426e-01, -1.496744389813433052e-01, -8.100804975815075748e-01, -1.083440301770643294e-01, 5.564429178978814727e-01, 4.536528562253554914e-02, -7.697468414040584128e-02, -3.573569946297384670e-01, -2.250460865746186246e-03, 2.108060028129186275e-02, 7.673012863632633351e-02, -3.088883037229874298e-02, 1.293309702715056964e-01, 6.080437525373504765e-02
1403638225995097088, 1.464835167075802247e-01, -2.341003884045209441e-02, -2.871301473549026095e-01, -1.521055262015126031e-01, -8.139586594240162398e-01, -1.049201165362452642e-01, 5.507512857848270160e-01, 3.653529648279737335e-02, -8.823090734573739435e-02, -3.881268450666278125e-01, -2.250342131252120077e-03, 2.108037978954791641e-02, 7.673016366888274487e-02, -3.089614576358784212e-02, 1.293566925505101883e-01, 6.077809498429034146e-02
1403638226045096960, 1.448072960791908503e-01, -2.915633335232124812e-02, -2.938823408104334067e-01, -1.504001147171363795e-01, -8.202683016024067131e-01, -1.030527907476630617e-01, 5.421437458815639987e-01, -1.213524591083978005e-01, -7.447201428063139617e-02, 2.639414853840040820e-01, -2.250368877493862281e-03, 2.108024783743333436e-02, 7.673020956525845870e-02, -3.089789423273264779e-02, 1.293610627944784264e-01, 6.077011243616602110e-02
1403638226095097088, 1.399772960062719562e-01, -3.357822346002505010e-02, -2.862437891817704583e-01, -1.622960714078086897e-01, -8.167011477045976742e-01, -8.515819331802843006e-02, 5.471812338287871391e-01, -1.119038865908445479e-01, -6.524528317119233922e-02, 1.836466525051162202e-01, -2.250196845150897931e-03, 2.108000862843938117e-02, 7.673021245216871122e-02, -3.090045494310099741e-02, 1.293685188796104002e-01, 6.075654077253320184e-02
1403638226145096960, 1.340661704531950771e-01, -3.771559436364334272e-02, -2.830038558749801147e-01, -1.643788584992368351e-01, -8.174376523808947193e-01, -8.012289008544488944e-02, 5.462193678668446628e-01, -1.111783324639465109e-01, -5.051683710469753730e-02, 7.463436280505914011e-02, -2.248401195223133798e-03, 2.107849765099089473e-02, 7.673013417883219056e-02, -3.092263543221929201e-02, 1.296858708014217154e-01, 6.064460369073428753e-02
1403638226195097088, 1.284752738080936763e-01, -3.977135157365736112e-02, -2.852633164628723406e-01, -1.599538064410977733e-01, -8.220438708203643419e-01, -8.512055255835271339e-02, 5.398269591117479393e-01, -1.130862122934578745e-01, -3.086178111695591503e-02, -1.093480466167618126e-01, -2.250683343060778854e-03, 2.107801741191636311e-02, 7.673120865346304276e-02, -3.092375771349017283e-02, 1.297121409493421917e-01, 6.062114914061786375e-02
1403638226245096960, 1.234421161088541802e-01, -4.172880091212625292e-02, -2.903007572676362669e-01, -1.489185268831384468e-01, -8.231896558908180506e-01, -1.059888540088783360e-01, 5.375392316949502147e-01, -2.993709791807960471e-02, -3.255262533965952443e-02, -4.733918731970216537e-02, -2.251360459335616411e-03, 2.107782445811162697e-02, 7.673163206894108301e-02, -3.092531083145489898e-02, 1.297152454286652212e-01, 6.060747150378537756e-02
1403638226295097088, 1.251165947935928835e-01, -4.490311315293832317e-02, -2.861709164346681322e-01, -1.582220388018846513e-01, -8.139095838159746688e-01, -9.848518854709469028e-02, 5.502886910038449209e-01, 1.909062603391485299e-02, -7.237807643727892093e-02, 1.029694252802232229e-01, -2.252312492798387404e-03, 2.107756064648965907e-02, 7.673229490697321131e-02, -3.092678775104616001e-02, 1.297201836480892656e-01, 6.058358536563296370e-02
1403638226345096960, 1.249871734510434040e-01, -4.705351202308930003e-02, -2.843154007523280291e-01, -1.494084300312032987e-01, -8.192670522789210485e-01, -1.039095582869105638e-01, 5.437659623242685480e-01, 2.188602419619130324e-02, 2.726096565588820297e-02, 1.215282523595895836e-01, -2.252312492798387404e-03, 2.107756064648965907e-02, 7.673229490697321131e-02, -3.092678775104616001e-02, 1.297201836480892656e-01, 6.058358536563296370e-02
1403638226395097088, 1.245423614031875015e-01, -4.630825138648364536e-02, -2.806308777099405516e-01, -1.474539572612943439e-01, -8.192296483427446985e-01, -1.040259545665051799e-01, 5.443332752466404356e-01, 1.838239292489581359e-03, 4.670811939108598931e-02, 1.028219893972181359e-01, -2.252747100336273400e-03, 2.107750220714057349e-02, 7.673251520251901658e-02, -3.092723254365245880e-02, 1.297216414544317686e-01, 6.057754136785464816e-02
1403638226445096960, 1.239861620310298840e-01, -4.440113224628898514e-02, -2.754280509514276387e-01, -1.496233551050198396e-01, -8.190436966270568941e-01, -1.038623069763833923e-01, 5.440522914317578174e-01, -6.136597721952661427e-03, 1.270527109800782470e-02, 1.107392023808620035e-01, -2.256309892008854113e-03, 2.107772348109104854e-02, 7.673372067753346515e-02, -3.092462046593094302e-02, 1.297089577169014130e-01, 6.055026850452504411e-02
1403638226495097088, 1.240079345917636106e-01, -4.165101334296627406e-02, -2.745399096999004418e-01, -1.495089263099262933e-01, -8.190571733771342400e-01, -1.034207947570881941e-01, 5.441475598630619581e-01, 5.434737240047646939e-03, 3.836778413965464402e-02, 8.424679556463000873e-02, -2.286572113949484567e-03, 2.107780116322343147e-02, 7.674276060392508370e-02, -3.069356606721942299e-02, 1.292989441439654774e-01, 6.085991084241390570e-02
1403638226545096960, 1.249946064512652000e-01, -3.893219636848264248e-02, -2.769612616065134647e-01, -1.489531443020683243e-01, -8.182717106734184176e-01, -1.037564790133376214e-01, 5.454163193166112755e-01, 9.368999272787193258e-03, 1.237125757316990746e-02, 6.848041406279500865e-02, -2.323133014858215582e-03, 2.107475144847829190e-02, 7.675537972600912640e-02, -3.069523535732158678e-02, 1.292102304679206837e-01, 6.032541402432166355e-02
1403638226595097088, 1.281835261823245919e-01, -3.454774115741508084e-02, -2.708551856815838432e-01, -1.491348924378333163e-01, -8.182986452761389362e-01, -1.040871967260841024e-01, 5.452632084365286458e-01, 1.879163646196749943e-02, 4.585757527316918630e-02, 8.437683443230661884e-02, -2.342799771084088951e-03, 2.107458403869435712e-02, 7.675794079120280833e-02, -3.097757850326647577e-02, 1.287710214775746043e-01, 5.974794676039019148e-02
1403638226645096960, 1.258778762527119899e-01, -3.434943432029660682e-02, -2.664683652777546929e-01, -1.494749264638695618e-01, -8.181145352359291412e-01, -1.032647413189225483e-01, 5.456026455165486899e-01, 1.422364167109446860e-02, 3.595105087595863724e-02, 7.426477294802118212e-02, -2.334681392027600829e-03, 2.107249137437874550e-02, 7.675797882099603953e-02, -3.148632674988288693e-02, 1.306406116844085197e-01, 5.839267913233105178e-02
1403638226695097088, 1.259557558889611573e-01, -2.926083015942429824e-02, -2.628699192556516739e-01, -1.489313175939327716e-01, -8.185787734130439697e-01, -1.040776965007595006e-01, 5.449000710666384029e-01, 1.884361446261607551e-02, 4.906780680881044771e-02, 9.877843553747109318e-02, -2.327240293351190079e-03, 2.107532867417599362e-02, 7.675548104780030578e-02, -3.174602977318507352e-02, 1.289143845498103569e-01, 5.768472323036907129e-02
1403638226745096960, 1.251968838005228790e-01, -3.096330201244836683e-02, -2.580081961176893812e-01, -1.499429994000196498e-01, -8.185381063979134675e-01, -1.029189150059161839e-01, 5.449038100797689577e-01, 1.053151308869674369e-02, 2.638367022997192141e-02, 7.730049808929023714e-02, -2.319892210117720580e-03, 2.107303633526761213e-02, 7.675599585020652371e-02, -3.190358704831915138e-02, 1.312273327955009450e-01, 5.726444613327663635e-02
1403638226795097088, 1.283444516530050927e-01, -2.713667963289406043e-02, -2.545744595951353051e-01, -1.488993287326792758e-01, -8.184106897017605631e-01, -1.042423445332365251e-01, 5.451297703217650170e-01, 2.979795933505339708e-02, 3.912880083297465283e-02, 8.428429020291705598e-02, -2.328851537588642277e-03, 2.107496938167300118e-02, 7.675548593586623003e-02, -3.159899775625694268e-02, 1.295877780775223087e-01, 5.808120690670961345e-02
1403638226845096960, 1.271365289694331158e-01, -2.724526304265133259e-02, -2.499449606274507796e-01, -1.496225561727296260e-01, -8.183881216142210313e-01, -1.030317013717828023e-01, 5.451957828134048611e-01, 1.887269938456872381e-02, 3.311692240402476506e-02, 8.546557511360847181e-02, -2.329751847437818400e-03, 2.107686598008243206e-02, 7.675790840582677466e-02, -3.191126068718545816e-02, 1.309427056325614125e-01, 5.723347855288130059e-02
1403638226895097088, 1.265564935542417280e-01, -1.909342553232669729e-02, -2.476167057993156062e-01, -1.490158888298171447e-01, -8.186064762844615927e-01, -1.038937799480656593e-01, 5.448704289549028967e-01, 1.925304549703561394e-02, 4.731507296070821406e-02, 8.170964149732193316e-02, -2.335992713411691110e-03, 2.108028236487817855e-02, 7.675896241800263253e-02, -3.229107773521951857e-02, 1.284259325812963093e-01, 5.617453707268307145e-02
1403638226945096960, 1.234197062647655191e-01, -1.560628201670344675e-02, -2.435195001709966056e-01, -1.493363106045972610e-01, -8.186168284762442848e-01, -1.035323892654428368e-01, 5.448359375477094257e-01, 1.280576344116256086e-02, 3.963117301607902571e-02, 8.382165312459390061e-02, -2.344632237033696196e-03, 2.108227487036821307e-02, 7.676557064751965420e-02, -3.281717673901584503e-02, 1.286628032297668645e-01, 5.475868244275103325e-02
1403638226995097088, 1.245947683938483930e-01, -1.675870253621510042e-02, -2.387239445580443542e-01, -1.496566451325296865e-01, -8.186501743317200486e-01, -1.030644262570320352e-01, 5.447866597803487920e-01, 2.417253230163456112e-02, 4.339455206646639085e-02, 7.783702924074080431e-02, -2.338350927701198737e-03, 2.107977224085258797e-02, 7.676512095655241286e-02, -3.273497854570187743e-02, 1.297352109050889934e-01, 5.498883294152075857e-02
1403638227045096960, 1.254278308107237561e-01, -1.199415818271513078e-02, -2.354510694997259401e-01, -1.488881445128995840e-01, -8.185731322022272716e-01, -1.041407548404248984e-01, 5.449082958089439543e-01, 2.111964120892191252e-02, 3.410447483304040323e-02, 8.151810860457045504e-02, -2.334589121649270280e-03, 2.108156737491254096e-02, 7.676373866062438656e-02, -3.282042441826701906e-02, 1.288357928991325230e-01, 5.474289634373978586e-02
1403638227095097088, 1.244981473621547263e-01, -1.773860546682900011e-02, -2.299832066784606999e-01, -1.498148896884290426e-01, -8.185565064829100068e-01, -1.028980151266195991e-01, 5.449153539818268888e-01, 1.757428596075531757e-02, 3.370804429210513126e-02, 8.711625168934980512e-02, -2.333371361907564129e-03, 2.107913010209532673e-02, 7.676424605348619590e-02, -3.283811079456817883e-02, 1.315284877347064341e-01, 5.468368784288507589e-02
1403638227145096960, 1.253729303979953802e-01, -1.076891779594844195e-02, -2.262749177300256154e-01, -1.492145139621768035e-01, -8.186167803303866508e-01, -1.038118944270551708e-01, 5.448161950236142248e-01, 2.083061569993439194e-02, 3.736148880047266557e-02, 8.657598609269319401e-02, -2.329156304964348674e-03, 2.107950378590807416e-02, 7.676065943204746223e-02, -3.303222473362901757e-02, 1.297660541918607413e-01, 5.418030837095853119e-02
1403638227195097088, 1.278810707404021418e-01, -1.006067270667504628e-02, -2.213319260906706776e-01, -1.496231266471626520e-01, -8.185384555590002886e-01, -1.030133318441905643e-01, 5.449733665104861124e-01, 2.771658670779576089e-02, 3.264286164795530965e-02, 8.507981622965718471e-02, -2.345093152377571849e-03, 2.107866209842143915e-02, 7.676531563244125278e-02, -3.294584590568908067e-02, 1.300268824212711394e-01, 5.443561539360726453e-02
1403638227245096960, 1.327009098809172061e-01, -1.549157190135004103e-03, -2.183567632197877528e-01, -1.491693735996491854e-01, -8.186747856327768469e-01, -1.034074039391096461e-01, 5.448183203230129168e-01, 3.034827348011661513e-02, 4.610104329195743866e-02, 8.502088904189253338e-02, -2.355569431265172077e-03, 2.108080763485789891e-02, 7.676690798657977155e-02, -3.284905828119597665e-02, 1.275560480925474194e-01, 5.469524418307460112e-02
1403638227295097088, 1.339065754988310875e-01, 1.336955259076660863e-03, -2.140530576249062567e-01, -1.492184736335172568e-01, -8.186755034750401450e-01, -1.033342429824375686e-01, 5.448176771761537029e-01, 2.805876559477618257e-02, 3.836370059442394814e-02, 8.979680330424759382e-02, -2.361709246782098693e-03, 2.108145381847742819e-02, 7.677228168907493377e-02, -3.286597711132940858e-02, 1.274563427358620660e-01, 5.465423058811425677e-02
1403638227345096960, 1.341477430108128366e-01, 2.894207512293286988e-03, -2.094479847435518627e-01, -1.493559299826572595e-01, -8.187181405272697665e-01, -1.030221147687224725e-01, 5.447750512084464924e-01, 3.363765241679173013e-02, 4.304416679970542170e-02, 8.718128276565734192e-02, -2.370470130951282325e-03, 2.108225223157348185e-02, 7.677590696499701772e-02, -3.297614442435804760e-02, 1.277241309147700843e-01, 5.436211583618053012e-02
1403638227395097088, 1.333786374760234372e-01, 8.617986137467613036e-03, -2.062863647024126001e-01, -1.490545995502573773e-01, -8.187321888786727175e-01, -1.035294967689788098e-01, 5.447402799000748974e-01, 2.788522652104262131e-02, 4.028624368905805997e-02, 8.583638806902690876e-02, -2.359874130934636050e-03, 2.108381127860451190e-02, 7.677274716243225050e-02, -3.322158041391239797e-02, 1.268959250633578117e-01, 5.367963085184321304e-02
1403638227445096960, 1.321650024750491703e-01, 5.883894568047253089e-03, -2.007968044515366368e-01, -1.494308906853925034e-01, -8.187449237024042592e-01, -1.031005324396806200e-01, 5.446994024516356170e-01, 2.804680200116194469e-02, 4.056010920322283136e-02, 9.077705929926403738e-02, -2.355050934652432298e-03, 2.108370966068192146e-02, 7.677230124936842981e-02, -3.334145912490396602e-02, 1.282418416559508445e-01, 5.336235400774157894e-02
1403638227495097088, 1.326118736584256663e-01, 1.345455965535236574e-02, -1.974985767881672627e-01, -1.491263526782206361e-01, -8.187500416529733815e-01, -1.033827487220501939e-01, 5.447216789304596407e-01, 3.010242166870202851e-02, 4.231215228554988800e-02, 8.863615473885601281e-02, -2.362034815960875524e-03, 2.108356468635608216e-02, 7.677496692676932799e-02, -3.351271757526268907e-02, 1.271163690807817215e-01, 5.289620881361090793e-02
1403638227545096960, 1.363650006137558102e-01, 1.131818796206712427e-02, -1.918320234076486275e-01, -1.492302023218425311e-01, -8.187532692693267888e-01, -1.033044353821384459e-01, 5.447032443506729660e-01, 3.319452858058338091e-02, 3.682801743201132016e-02, 8.988969961802215081e-02, -2.350866488923089581e-03, 2.108361269562188459e-02, 7.677279735084419077e-02, -3.331581110459884421e-02, 1.277778691269992606e-01, 5.344427312558108073e-02
1403638227595097088, 1.393761351918314795e-01, 1.653743986128733065e-02, -1.872461918171279549e-01, -1.492281556134726350e-01, -8.187743760267401916e-01, -1.030930440206890841e-01, 5.447121285677158919e-01, 3.645118355086762740e-02, 4.336903194636801406e-02, 9.368135261420551529e-02, -2.366209695274667461e-03, 2.108524593970327946e-02, 7.677483721161926233e-02, -3.335185633751769352e-02, 1.271245600877943249e-01, 5.335900524365730369e-02
1403638227645096960, 1.424000753721120782e-01, 1.928637051005336472e-02, -1.825048515630392776e-01, -1.491314224747152806e-01, -8.187707396979720942e-01, -1.032558511141884877e-01, 5.447132492016220073e-01, 3.789069439390109484e-02, 4.128127881633943119e-02, 9.317738921529129803e-02, -2.366234025418450810e-03, 2.108444576845271493e-02, 7.677422304030809275e-02, -3.332516138308827536e-02, 1.268344304265975608e-01, 5.343074035221200696e-02
1403638227695097088, 1.429850676695957890e-01, 1.938056574410932167e-02, -1.768795489245336972e-01, -1.493815151059308954e-01, -8.187880212395034496e-01, -1.029190519532331149e-01, 5.446824836217911692e-01, 3.957060756239289684e-02, 3.953605486233666838e-02, 9.320375455744603355e-02, -2.364254730126546990e-03, 2.108406553983136270e-02, 7.677314805876650494e-02, -3.339706710921903909e-02, 1.273498536576990470e-01, 5.325443587345323609e-02
1403638227745096960, 1.408032538954615276e-01, 2.985003830970680769e-02, -1.752109038969164312e-01, -1.491083788218307282e-01, -8.188073426598151405e-01, -1.031657918112808964e-01, 5.446816009114399115e-01, 3.650938086297431107e-02, 4.516306966761993169e-02, 9.207560987141961972e-02, -2.376426517753986445e-03, 2.108613373096263066e-02, 7.677957712475672047e-02, -3.372184446748680009e-02, 1.260653329539890843e-01, 5.233962636855823969e-02
1403638227795097088, 1.401322999688748849e-01, 2.840619377784527402e-02, -1.697692553623044442e-01, -1.492561196751292785e-01, -8.188254727272583633e-01, -1.029738501277698559e-01, 5.446502016362143594e-01, 3.140456670509102904e-02, 4.155053874576463552e-02, 9.375389581864818078e-02, -2.373579627484725865e-03, 2.108611593419442570e-02, 7.678108594636963435e-02, -3.381287455637870670e-02, 1.268616790508650394e-01, 5.210061291085425067e-02
1403638227845096960, 1.430754496067174197e-01, 3.133973932249434907e-02, -1.649196285280773999e-01, -1.491225811588279826e-01, -8.188391086082170700e-01, -1.031845274475063912e-01, 5.446264070880737496e-01, 3.550258403459190248e-02, 4.029108951931021504e-02, 9.365422736976676543e-02, -2.369822957905898860e-03, 2.108471997664818770e-02, 7.678021032778842292e-02, -3.382938486799929451e-02, 1.265780926579798404e-01, 5.206045679167743689e-02
1403638227895097088, 1.427023544207267625e-01, 3.148211535306113390e-02, -1.597069397617279229e-01, -1.490792412297491931e-01, -8.188560427320942248e-01, -1.031741801660423785e-01, 5.446147717998126581e-01, 3.416668603464509402e-02, 3.617544480552800645e-02, 9.417645149673163629e-02, -2.372361227356221871e-03, 2.108504940813839962e-02, 7.678506466064065339e-02, -3.392143751270815244e-02, 1.268746746712375029e-01, 5.182149061746307156e-02
1403638227945096960, 1.493520571342617231e-01, 3.009331761122842341e-02, -1.531526157428359791e-01, -1.491977809474289429e-01, -8.188308695396805392e-01, -1.030943670949863861e-01, 5.446352731163656147e-01, 3.939096184348514496e-02, 3.620819358591387260e-02, 9.770078108396561267e-02, -2.365250964715398876e-03, 2.108348571046217423e-02, 7.678011860617006690e-02, -3.371190873816292538e-02, 1.270572260936217446e-01, 5.240998083082888670e-02
1403638227995097088, 1.522538589272156018e-01, 2.928738688002371915e-02, -1.480209696876027547e-01, -1.491583611555531985e-01, -8.187985982035382859e-01, -1.032136888486385878e-01, 5.446719868981393375e-01, 4.174383519132456033e-02, 3.157441901040833332e-02, 9.783585137881188609e-02, -2.361626225319237576e-03, 2.108194228984595214e-02, 7.678089414526374779e-02, -3.362202499247608778e-02, 1.272748808326490677e-01, 5.265232145800786273e-02
1403638228045096960, 1.522630055681138406e-01, 3.009121762581219370e-02, -1.418470843713968699e-01, -1.493342511487735225e-01, -8.188052014195362771e-01, -1.030355921113855350e-01, 5.446475835991598791e-01, 4.105907285062330297e-02, 3.213326345346415730e-02, 9.866097245537552851e-02, -2.357489954170747994e-03, 2.108244121063730658e-02, 7.677651527333982651e-02, -3.374891642336001057e-02, 1.276306364330190013e-01, 5.232771841213094965e-02
1403638228095097088, 1.428246566550678553e-01, 3.192902299233432717e-02, -1.370473851516584296e-01, -1.492976907152419319e-01, -8.188532829684718184e-01, -1.031892802235487294e-01, 5.445562165339753458e-01, 3.194125769378693136e-02, 3.182003209230076235e-02, 9.979455350897199761e-02, -2.342987214949947532e-03, 2.108599103053047930e-02, 7.677311607319121933e-02, -3.426442191947145360e-02, 1.281000518582287029e-01, 5.093412561405421396e-02
1403638228145096960, 1.442021677284797132e-01, 3.096914710850425662e-02, -1.320769667986843587e-01, -1.493365043019971861e-01, -8.188342177639058583e-01, -1.031797183129534168e-01, 5.445760534862800206e-01, 3.176703201819097711e-02, 2.864263649863149977e-02, 1.025376035196144120e-01, -2.341932497946687484e-03, 2.108512035813880914e-02, 7.677539134835414947e-02, -3.421674608564936881e-02, 1.283910270627741657e-01, 5.105179853241196414e-02
1403638228195097088, 1.472901571984100155e-01, 3.506459859360629150e-02, -1.278922432860522818e-01, -1.492904363381325761e-01, -8.188529166494076250e-01, -1.032936691628930370e-01, 5.445389650186612807e-01, 3.427812802418177263e-02, 2.809915217495403614e-02, 1.016626166049190427e-01, -2.337616667520714311e-03, 2.108517797631554239e-02, 7.677489310661400612e-02, -3.418925470268130429e-02, 1.279239314800917349e-01, 5.111492420409469856e-02
1403638228245096960, 1.498516251230711249e-01, 3.559336193317232805e-02, -1.225182455854880170e-01, -1.492769248324757325e-01, -8.188441159004203884e-01, -1.032988730325951759e-01, 5.445549158698450576e-01, 3.547367545620353640e-02, 2.707894748316544073e-02, 1.027455119877178497e-01, -2.338334292170451533e-03, 2.108441065918750801e-02, 7.677631173878218807e-02, -3.413327859146719767e-02, 1.279218100451681994e-01, 5.127237765269965220e-02
1403638228295097088, 1.496969435729015585e-01, 4.265131799102236249e-02, -1.175614983327237378e-01, -1.492775964606017636e-01, -8.188618627448234211e-01, -1.032910338198346906e-01, 5.445295320452818721e-01, 3.101054968310364146e-02, 3.252133075286299524e-02, 1.045856748985707491e-01, -2.340907474153234181e-03, 2.108640697933969813e-02, 7.677862993595062358e-02, -3.432680307523106739e-02, 1.273097622831595721e-01, 5.076550866802868878e-02
1403638228345096960, 1.516843245562071174e-01, 4.307683200784893918e-02, -1.114924217559137426e-01, -1.492710454534025843e-01, -8.188699122950621190e-01, -1.032125629489052815e-01, 5.445341023082428400e-01, 3.322200807065352202e-02, 3.180537090982821224e-02, 1.030947646451233768e-01, -2.346792590980383442e-03, 2.108573826085060124e-02, 7.677986058894122057e-02, -3.434075847190490305e-02, 1.275427086257677756e-01, 5.073716583716345735e-02
1403638228395097088, 1.516485406022118620e-01, 4.472765762706792242e-02, -1.060732885071185433e-01, -1.493736912537073636e-01, -8.188709707475483324e-01, -1.030806435104017760e-01, 5.445293514234942345e-01, 3.551925866726788478e-02, 3.232072811601716111e-02, 1.038019140541793506e-01, -2.345780036916910501e-03, 2.108591821290483476e-02, 7.677897737437576475e-02, -3.442988939361558975e-02, 1.276606006126836390e-01, 5.049846850447819308e-02
1403638228445096960, 1.563064406186500666e-01, 5.395887192899104928e-02, -1.021038024694352619e-01, -1.492883034881501703e-01, -8.188695964988648157e-01, -1.031277005427470167e-01, 5.445459243738602906e-01, 3.911891740674060952e-02, 3.670014481483714619e-02, 1.038889851001740111e-01, -2.347623636275233960e-03, 2.108543156936597968e-02, 7.677814146916661642e-02, -3.443986580931488600e-02, 1.266921115923671515e-01, 5.046700624818915848e-02
1403638228495097088, 1.574310226830441528e-01, 5.317931112647101416e-02, -9.591602447325960068e-02, -1.493264158793425611e-01, -8.188592242667733778e-01, -1.030666468099820515e-01, 5.445626306213035006e-01, 3.951425458469629698e-02, 3.450160881349866732e-02, 1.057449596885833704e-01, -2.348879308845019769e-03, 2.108622988111481800e-02, 7.677982097371856274e-02, -3.445207399776527984e-02, 1.269835814602934543e-01, 5.044455114836179921e-02
1403638228545096960, 1.513049337334476385e-01, 5.000000777703848820e-02, -9.038406215345264061e-02, -1.493430518310256971e-01, -8.189325285507613739e-01, -1.031069634203127250e-01, 5.444401901453402859e-01, 3.348289068686626652e-02, 3.008676844049398835e-02, 1.062888129452567859e-01, -2.337126086788428141e-03, 2.108808039864642006e-02, 7.677752126081777151e-02, -3.462119570203119057e-02, 1.277411706760335774e-01, 4.998056514207945694e-02
1403638228595097088, 1.522770441003657715e-01, 5.725022562694439404e-02, -8.621858775077186066e-02, -1.493311508721552328e-01, -8.189353237957327503e-01, -1.030737763807575286e-01, 5.444455339530169802e-01, 3.404449152852669774e-02, 3.348832737564875345e-02, 1.061785371689820123e-01, -2.338618638549601857e-03, 2.108773869055086472e-02, 7.677820025883121124e-02, -3.472250939062494074e-02, 1.272350891021558350e-01, 4.970287575511222328e-02
